30
30
61 84 80 44 34 46 59 80 45 35 17 30 75 25 58 14 26 3 31 25 44 54 81 14 32 31 58 99 47 31 
33 23 81 65 69 45 61 73 50 68 18 9 0 69 14 82 54 41 38 0 52 2 68 51 74 65 51 70 75 62 
9 58 50 99 27 48 64 80 34 45 50 25 93 50 71 37 48 15 88 37 12 72 95 54 59 3 61 2 28 83 
91 7 77 89 58 17 30 51 60 5 33 58 52 28 59 69 21 87 65 10 79 73 99 25 80 50 18 77 35 45 
0 94 61 30 68 67 89 55 26 33 58 37 44 64 19 83 100 52 12 3 53 69 17 33 83 67 31 90 95 90 
12 82 51 25 87 11 13 10 26 43 35 15 52 24 32 49 45 73 77 27 83 7 2 17 8 39 52 31 52 15 
51 41 2 10 14 96 98 73 77 17 90 36 52 87 25 42 98 97 89 64 90 93 45 88 95 46 49 60 66 76 
51 95 39 45 34 71 44 68 1 99 19 93 78 25 88 22 97 66 70 7 23 54 32 44 24 46 95 77 81 20 
56 93 80 54 94 76 58 75 80 7 98 63 7 4 5 96 54 78 37 15 15 18 99 76 63 23 35 80 30 98 
36 24 46 25 85 23 91 63 26 11 50 7 83 26 18 92 37 85 23 55 14 77 76 70 80 58 100 88 37 27 
60 88 33 20 37 8 11 63 16 95 74 50 73 94 98 37 20 63 83 7 63 29 68 19 38 34 29 68 76 89 
92 67 100 77 66 45 53 44 39 0 57 55 32 36 23 72 30 69 90 1 54 24 28 44 47 87 57 63 97 17 
32 65 13 51 97 22 80 80 44 94 40 70 24 68 8 3 53 87 87 20 92 46 39 47 2 98 62 82 95 87 
7 46 93 73 55 45 92 63 55 21 22 30 99 1 25 70 71 71 92 64 61 46 75 80 15 79 64 47 98 99 
36 84 40 64 43 61 61 22 37 26 89 93 56 70 85 50 19 5 5 94 82 89 32 27 6 50 46 79 82 26 
55 14 14 49 64 92 66 75 43 32 26 88 46 80 17 51 39 20 61 2 19 40 4 3 94 94 94 25 58 62 
70 68 70 28 97 90 49 27 47 63 6 70 77 0 73 80 35 11 78 49 32 44 92 9 21 78 96 31 55 7 
99 99 47 77 43 90 47 82 30 57 96 78 14 90 43 27 95 85 10 61 77 43 23 8 60 22 2 71 50 28 
43 60 89 86 79 18 47 35 72 16 79 27 81 59 11 51 39 72 51 45 60 51 53 91 49 72 87 93 81 50 
15 70 81 88 40 99 30 100 10 25 16 74 5 33 45 27 93 61 58 27 73 34 6 63 16 78 63 84 80 23 
7 64 51 92 59 42 58 54 83 100 86 56 42 99 52 47 67 59 3 15 70 18 45 31 96 95 0 32 66 0 
55 70 46 49 57 9 90 60 86 86 93 15 6 45 76 80 8 10 24 41 100 4 71 72 32 34 47 76 82 61 
56 90 45 52 56 41 87 24 91 10 98 96 77 10 38 53 59 24 48 74 37 79 65 86 70 41 77 47 16 73 
35 74 39 59 23 51 66 62 94 92 16 39 58 81 17 77 0 56 4 29 4 8 4 69 7 52 56 38 25 30 
72 50 91 40 53 73 0 76 82 32 38 97 43 33 6 97 37 78 50 99 81 75 9 4 7 57 89 34 9 90 
28 48 91 20 61 30 20 59 32 96 85 58 25 31 65 54 82 40 36 53 27 95 35 26 16 23 18 25 20 70 
41 49 40 67 43 25 21 1 87 9 75 91 19 77 100 25 3 77 20 77 96 49 55 69 47 87 73 83 34 57 
47 52 45 84 42 72 69 92 70 32 22 82 65 54 15 18 5 39 58 10 74 64 63 42 54 5 39 74 96 69 
33 48 19 52 65 62 100 8 72 28 15 72 71 82 96 85 70 98 27 96 92 76 54 62 23 0 9 49 31 12 
54 20 0 29 46 16 51 1 50 44 6 66 43 52 87 78 55 77 49 23 5 84 13 19 9 60 73 91 53 7 
