40
40
54 18 96 99 39 7 62 82 69 42 97 86 91 13 72 6 15 69 51 24 54 37 87 4 15 61 24 19 90 5 13 60 69 96 100 28 28 71 94 57 
50 17 90 58 20 93 27 52 80 66 47 34 37 39 1 27 71 73 87 3 97 4 94 51 3 99 83 53 32 88 65 77 94 70 46 31 6 6 83 48 
8 95 34 16 100 89 7 95 8 90 85 87 85 74 15 2 66 7 36 36 76 26 7 75 49 71 30 41 53 21 29 72 60 15 32 87 45 60 52 82 
28 89 62 54 50 22 68 22 94 50 49 68 49 14 89 34 79 0 92 88 99 33 60 36 100 95 97 44 100 96 27 0 5 0 51 34 35 77 15 63 
95 2 77 25 32 6 83 88 56 17 47 49 67 13 81 63 77 27 10 58 59 14 66 42 72 70 13 30 0 30 71 97 51 80 24 45 89 86 88 0 
87 87 79 46 80 54 31 39 56 13 53 79 0 54 6 100 83 84 19 17 59 94 81 74 68 85 91 10 80 15 60 15 46 3 14 100 68 13 98 67 
24 21 36 25 9 48 55 62 88 49 81 27 19 5 85 43 42 20 53 40 5 92 16 83 80 92 26 10 94 82 90 34 65 98 39 4 65 3 38 34 
59 55 100 23 94 75 82 63 55 50 61 48 95 69 25 28 84 20 13 69 8 65 87 46 24 96 80 93 96 49 71 11 27 9 24 25 18 30 24 44 
25 7 96 88 89 61 83 80 87 52 13 5 34 95 69 96 54 17 55 36 64 21 62 95 11 31 66 39 87 93 96 37 4 92 15 97 63 80 66 99 
57 51 98 68 2 87 88 1 52 50 81 69 52 89 43 57 41 57 59 2 79 74 0 53 26 92 1 48 1 6 0 82 29 49 13 26 36 0 27 99 
13 52 43 82 55 30 38 30 43 54 14 8 6 23 0 88 36 8 82 88 5 97 63 40 21 57 77 71 78 97 30 44 58 80 58 31 17 37 41 94 
44 29 70 61 68 27 62 30 39 46 9 42 17 0 62 67 62 32 72 61 59 49 79 60 32 17 83 84 55 69 24 59 30 91 30 1 90 42 46 73 
56 4 18 59 56 30 9 45 86 11 83 23 96 8 82 85 96 87 70 25 50 47 6 16 33 97 13 96 87 27 92 24 71 2 53 57 11 47 29 65 
86 36 24 11 6 11 10 32 27 69 48 80 52 2 9 30 34 84 96 99 14 83 25 74 58 8 73 36 4 43 13 90 24 78 95 28 80 61 60 86 
63 98 0 41 68 34 22 82 69 84 25 68 24 68 63 53 78 55 13 72 67 27 76 13 24 21 3 30 6 99 7 74 3 30 43 76 94 38 26 18 
0 10 65 93 72 96 83 76 58 91 39 98 59 16 60 46 35 42 33 9 97 91 22 54 70 58 5 50 13 53 55 59 74 89 96 17 56 77 74 86 
35 5 72 40 4 30 47 82 22 57 83 62 31 20 89 19 45 24 77 31 12 14 69 47 58 88 32 32 19 7 49 60 60 42 84 10 68 51 100 61 
45 59 96 68 85 30 84 18 97 4 70 21 46 71 44 41 69 4 75 41 92 45 59 29 2 0 67 76 68 28 40 81 18 83 87 17 26 80 52 53 
16 25 28 46 60 10 63 6 48 90 27 60 35 10 14 40 48 18 4 42 84 96 96 34 76 5 32 43 54 60 86 65 100 74 40 93 75 98 48 21 
100 3 15 95 97 26 100 41 11 79 94 93 18 6 44 71 56 48 63 75 19 40 76 34 18 88 35 26 10 96 72 41 25 85 6 66 16 76 39 4 
1 78 98 14 38 32 93 86 92 15 33 55 48 47 96 35 91 97 3 51 44 93 4 46 14 46 56 52 46 92 18 37 40 16 70 6 91 43 42 87 
89 24 50 56 65 60 4 18 81 15 91 59 30 21 69 5 11 52 60 54 1 23 88 33 74 26 17 28 52 37 51 20 2 76 10 58 60 4 49 71 
2 69 100 38 72 10 59 84 97 43 71 4 60 22 18 85 85 90 79 82 80 72 73 0 95 46 13 91 24 33 13 67 47 22 3 74 73 16 49 72 
79 71 49 76 8 91 24 22 50 40 45 32 63 32 66 71 66 38 63 54 26 25 44 6 89 34 33 1 0 39 55 92 33 4 84 11 84 1 59 22 
45 11 25 91 72 96 14 21 29 59 97 12 8 38 28 23 34 12 47 5 29 72 92 34 52 8 14 12 76 60 68 56 87 1 76 83 44 73 45 44 
36 34 16 94 56 98 65 39 32 35 6 47 69 19 25 50 24 63 80 25 31 22 25 80 77 39 85 81 34 32 33 34 62 54 55 1 14 0 34 14 
98 43 5 32 19 57 63 33 66 12 17 33 0 64 47 11 0 18 36 52 2 23 90 80 36 68 14 74 73 27 48 30 68 65 75 78 55 42 12 65 
42 21 96 3 27 8 93 91 96 86 46 70 75 93 1 41 14 95 73 29 15 16 100 80 50 66 7 12 65 9 20 95 61 55 25 45 6 27 2 15 
41 13 72 71 2 97 42 21 87 33 44 31 54 38 93 75 85 5 99 65 28 46 82 80 61 30 83 85 40 89 52 23 91 62 62 8 47 88 4 36 
24 43 38 63 30 25 43 46 17 98 28 11 64 23 2 34 99 12 96 11 64 69 70 42 7 86 42 13 79 36 18 12 67 19 6 35 31 6 33 86 
3 59 59 98 67 23 47 96 35 5 58 11 43 81 53 12 92 93 29 75 83 59 74 53 54 99 3 59 72 1 25 12 100 100 97 24 96 26 1 23 
80 32 1 7 36 6 87 13 99 18 55 78 28 7 24 44 58 82 82 15 13 26 9 79 14 26 44 92 35 8 94 34 7 28 80 68 87 1 32 77 
81 43 59 16 34 74 65 34 14 52 14 8 81 56 14 43 35 0 50 82 94 89 95 34 17 46 100 19 69 28 69 11 14 22 98 97 55 61 62 46 
82 48 18 85 34 38 10 83 52 2 68 41 24 3 9 37 81 76 97 72 73 44 9 56 52 6 37 27 40 18 84 30 68 82 33 21 93 22 74 36 
58 36 22 12 68 13 65 57 98 74 32 24 10 72 33 92 50 77 43 81 82 90 2 38 79 60 78 9 10 30 20 43 43 77 6 69 76 45 18 6 
67 46 86 25 3 20 44 38 14 8 36 65 45 68 31 65 53 57 34 55 96 5 3 78 95 90 49 53 23 85 18 83 97 67 1 43 92 74 18 100 
71 93 92 11 52 23 73 39 83 39 75 84 52 30 97 48 9 25 60 19 60 89 75 17 48 63 25 40 69 33 8 91 53 3 79 61 89 52 13 71 
56 42 60 12 38 92 69 5 83 27 60 80 86 45 65 77 69 26 25 56 92 41 87 85 37 23 37 25 2 5 14 94 75 70 38 35 65 72 70 43 
36 56 91 72 43 1 95 49 0 77 71 71 74 92 36 98 78 82 5 18 26 30 3 25 64 24 32 32 25 26 73 39 12 94 95 78 58 10 3 62 
1 26 0 2 29 60 39 38 41 48 22 71 22 98 56 15 68 92 4 56 73 20 85 22 85 12 46 22 84 87 71 50 83 72 75 72 59 58 49 53 
