100
100
13 36 38 1 52 52 35 91 70 100 67 43 69 68 18 36 36 30 46 33 37 20 80 1 50 64 38 34 61 50 99 45 30 93 41 92 73 68 1 39 65 36 3 20 39 41 28 49 5 82 93 6 55 50 7 74 57 28 2 100 68 21 42 28 37 73 1 83 70 47 1 41 26 14 10 32 17 50 58 6 8 27 57 34 3 28 98 57 79 36 36 97 35 51 34 10 14 74 2 7 
1 99 22 0 6 34 78 12 54 41 61 18 58 53 33 22 39 22 57 81 21 21 50 9 92 10 48 22 35 48 31 29 84 24 19 23 19 16 33 33 63 100 92 94 3 38 87 38 84 85 65 71 79 0 58 15 35 97 86 76 27 41 50 2 98 86 50 96 10 73 27 43 15 57 23 28 18 36 13 61 41 67 93 43 66 93 17 45 10 46 53 70 25 97 26 47 1 54 23 70 
18 5 42 14 34 55 55 60 30 40 43 44 12 88 65 10 86 8 100 65 73 88 89 19 77 26 45 34 62 43 11 0 79 50 23 14 80 94 57 97 70 94 45 87 91 29 39 18 49 73 76 81 80 68 75 0 10 69 6 90 23 38 58 79 19 83 40 18 79 69 17 0 99 90 11 23 57 22 61 44 70 71 86 88 17 30 19 68 71 29 9 2 89 47 52 46 93 58 1 4 
67 63 49 17 82 99 57 39 72 13 56 86 31 40 33 62 35 8 11 30 11 56 59 45 51 23 49 47 19 19 10 43 53 62 8 65 52 54 7 50 3 2 93 90 61 1 24 72 66 74 46 55 44 23 96 77 98 38 48 23 98 5 84 53 77 14 77 97 62 39 50 89 60 82 86 31 9 57 90 77 96 61 91 61 12 61 37 85 10 32 56 65 96 12 38 23 82 25 87 31 
50 17 97 36 1 39 21 22 97 9 17 8 36 82 32 12 67 6 22 47 15 13 55 59 41 74 35 19 80 7 71 13 91 90 60 48 0 78 45 92 57 95 95 0 50 55 18 25 96 84 64 59 80 74 37 61 79 22 50 85 100 53 36 92 65 25 27 32 18 73 27 78 98 93 72 83 39 89 70 7 31 48 75 21 29 89 37 38 55 100 50 95 28 48 56 96 32 14 80 71 
21 90 1 96 36 57 30 34 91 82 69 11 1 39 72 26 16 43 48 58 99 77 9 37 59 75 63 30 49 36 36 77 90 71 18 11 45 58 95 1 18 83 51 8 60 53 39 67 28 80 89 3 60 72 65 35 69 2 93 12 44 45 1 8 51 65 41 81 95 89 86 45 94 87 1 0 44 48 24 99 62 61 7 84 66 46 39 37 56 32 10 93 72 26 32 33 41 9 27 47 
82 89 10 86 50 56 81 58 16 7 65 10 0 88 85 31 16 1 98 99 95 54 9 27 52 36 49 64 20 67 29 37 25 59 100 21 81 37 43 56 12 88 47 4 88 58 59 17 69 59 35 67 75 34 57 70 81 16 83 63 30 86 59 36 85 48 88 47 86 51 37 33 97 69 69 67 36 97 61 22 86 86 76 41 44 56 29 39 3 100 72 69 1 69 82 75 47 83 56 71 
16 87 98 7 25 46 88 9 87 91 51 88 80 15 88 21 28 4 82 78 40 61 77 59 81 69 47 1 47 97 4 23 19 100 34 98 25 67 90 24 10 7 88 82 52 45 24 31 40 24 56 60 34 51 22 51 15 99 14 76 67 2 12 71 58 73 2 56 27 67 70 16 1 52 41 95 68 12 3 90 14 3 92 58 14 72 18 42 88 97 2 73 11 82 27 53 74 58 58 13 
39 39 61 44 7 39 86 7 77 25 13 91 20 32 81 79 78 67 80 32 69 95 91 99 91 67 74 49 6 22 81 38 80 94 45 88 31 68 7 69 97 10 17 47 91 100 38 78 76 85 79 65 72 74 64 80 82 1 71 5 83 78 72 18 80 39 87 34 89 21 26 88 7 51 2 38 58 82 55 30 56 11 26 12 71 40 20 36 68 13 38 31 99 54 61 18 71 62 46 40 
23 35 72 81 83 35 93 80 74 57 21 65 19 62 85 40 6 27 46 28 6 87 55 79 43 91 49 93 53 80 62 24 11 42 13 90 53 21 6 10 53 44 5 47 36 95 39 47 94 78 43 15 50 18 64 98 29 66 18 76 94 7 59 70 11 39 67 15 11 65 99 67 36 60 16 47 79 66 84 2 45 35 100 18 47 97 24 64 22 10 88 6 100 46 83 100 0 12 55 39 
98 45 60 30 94 89 85 75 61 95 61 53 12 45 44 49 71 72 72 71 93 83 37 20 25 84 85 24 84 10 90 35 8 7 59 22 66 36 68 51 72 88 4 84 27 44 35 14 27 44 85 67 59 98 52 4 5 90 89 15 15 72 54 17 95 31 20 30 1 84 85 66 46 6 62 40 97 30 91 81 66 68 88 45 79 21 24 99 14 45 67 71 86 27 77 33 14 34 68 39 
0 28 18 88 97 36 64 5 80 27 96 68 89 2 84 73 95 93 66 74 65 61 54 94 77 41 91 62 85 78 53 39 91 70 28 64 98 91 39 76 38 66 54 34 87 66 10 29 15 89 7 4 30 45 84 17 1 92 45 16 62 11 34 81 14 53 0 91 95 73 86 37 99 49 40 75 18 10 38 24 39 8 35 17 5 64 34 93 49 94 12 96 87 25 11 71 89 27 26 40 
50 14 1 51 74 59 9 95 59 26 7 60 31 90 7 23 31 39 91 14 17 59 38 39 60 24 88 62 62 36 44 8 42 22 96 47 5 30 89 14 23 45 62 31 4 95 7 2 33 34 41 52 20 53 58 8 97 85 6 53 29 19 23 13 17 4 98 36 73 15 93 77 58 80 0 8 100 61 21 36 21 80 79 99 76 32 49 81 60 24 73 13 4 99 46 24 94 45 94 52 
89 83 91 22 62 23 57 78 78 68 27 24 35 79 44 75 40 38 44 66 20 45 19 63 64 75 14 61 42 85 41 65 66 29 100 73 71 18 41 84 88 18 72 31 2 40 17 57 95 37 2 46 24 45 65 19 40 85 93 67 83 51 58 7 71 33 92 43 82 32 68 86 62 41 7 16 25 25 61 41 13 59 77 62 28 41 70 88 36 33 56 66 76 67 31 24 77 29 78 43 
69 49 5 10 47 38 4 90 48 42 13 22 73 95 60 67 62 12 53 18 94 64 28 2 89 41 32 55 15 28 62 43 69 16 2 11 95 49 27 100 33 25 95 44 0 66 92 29 43 14 35 53 81 20 14 88 67 52 84 96 46 66 1 40 86 14 81 56 53 77 35 77 46 49 46 49 5 79 24 68 30 47 23 21 32 41 97 39 36 20 8 41 98 42 9 94 88 4 69 66 
90 15 46 90 90 78 91 51 20 47 25 40 16 51 89 84 81 25 75 42 75 77 27 4 48 34 64 47 95 41 31 77 17 3 74 21 24 41 89 3 78 58 80 32 21 63 90 38 80 48 60 41 89 27 52 76 7 27 0 16 95 39 12 66 16 58 97 1 9 39 31 4 31 100 50 44 40 58 32 38 15 17 65 80 29 21 72 24 95 92 65 85 21 17 82 76 72 96 70 12 
28 10 49 45 13 86 87 40 49 66 56 15 29 42 31 87 70 70 68 97 21 37 19 77 15 31 17 35 73 63 34 17 20 37 69 61 42 87 82 67 71 35 51 97 85 54 56 28 13 32 79 51 59 50 89 27 34 27 74 89 36 59 19 25 2 1 32 15 33 19 98 37 5 15 98 3 85 2 35 63 77 24 3 83 53 69 26 41 6 23 67 38 65 0 71 58 91 54 79 80 
29 57 5 92 33 11 68 22 89 15 29 19 12 1 4 94 15 77 53 4 71 91 93 75 43 55 11 56 17 89 58 45 84 79 48 98 32 14 50 89 43 83 59 11 74 84 75 74 68 30 10 50 93 43 99 98 62 11 47 5 87 28 19 17 32 72 96 8 19 22 28 13 49 33 39 4 14 30 9 91 5 20 12 53 1 52 47 69 71 33 53 94 54 88 4 75 78 100 72 15 
34 63 29 79 30 10 77 55 45 83 79 89 6 51 55 86 9 47 28 16 51 25 44 58 92 81 41 100 31 9 5 28 20 10 88 10 41 21 24 41 79 72 18 22 32 11 13 42 84 79 18 62 59 24 17 5 67 91 67 38 3 8 40 48 88 98 24 17 34 28 23 61 25 35 56 31 11 24 96 56 47 49 95 2 34 23 99 4 86 9 34 50 21 49 76 71 59 14 0 34 
88 18 25 99 71 61 36 3 55 20 48 42 83 83 70 70 55 50 19 67 24 6 83 13 61 84 82 69 65 25 56 26 97 66 14 27 39 99 23 37 73 25 69 47 56 33 55 85 4 83 81 39 18 41 14 11 71 14 66 60 30 43 24 64 15 44 8 0 52 55 34 55 2 64 19 43 19 83 19 53 31 23 9 8 13 74 20 64 94 72 52 43 6 66 63 82 66 87 3 30 
42 93 18 63 39 48 61 50 12 42 79 22 81 97 50 79 7 89 81 95 39 78 80 35 98 87 56 9 95 37 82 82 68 39 32 36 24 9 19 41 77 72 3 12 56 76 1 51 27 12 75 32 16 64 23 72 92 94 83 56 70 32 20 80 4 98 12 38 40 69 97 20 36 85 98 43 51 62 67 42 98 31 44 73 87 51 21 100 78 77 11 86 26 36 94 35 41 73 39 78 
87 11 51 77 93 89 11 35 38 26 0 60 79 76 83 0 19 33 49 13 78 31 8 31 23 24 52 67 19 73 50 76 67 18 9 30 69 66 54 3 19 16 41 60 31 8 42 6 42 28 77 64 3 87 100 10 4 29 84 17 24 21 34 15 30 67 91 91 77 83 10 40 86 59 41 47 92 25 77 1 82 6 78 11 49 34 92 1 71 86 66 68 21 87 13 19 90 77 33 10 
70 18 43 36 75 77 77 99 21 10 55 29 76 59 66 76 59 11 0 49 15 29 55 35 23 94 35 45 19 7 57 100 52 37 73 98 81 74 99 73 94 59 12 87 96 85 82 12 66 66 13 3 32 81 47 56 58 93 87 77 77 96 5 53 93 1 68 40 82 7 29 85 7 34 64 41 58 3 74 55 55 62 41 88 38 62 30 91 23 59 37 21 3 42 73 39 41 71 21 38 
27 72 48 0 34 49 31 98 48 35 61 59 62 74 88 41 79 17 100 13 65 9 31 8 31 8 56 11 40 70 48 81 36 37 96 12 81 53 80 12 14 97 78 26 40 60 98 74 23 98 33 95 11 83 76 84 55 85 95 16 52 50 80 0 77 67 49 88 72 75 83 63 29 86 6 96 91 2 2 68 61 73 62 77 21 91 40 37 13 19 71 92 93 91 40 46 22 15 93 45 
40 27 66 40 44 9 78 93 76 79 94 52 70 72 18 52 68 12 25 43 67 93 59 77 46 98 70 40 65 61 45 56 59 63 100 56 69 56 31 32 31 10 16 41 85 41 85 78 73 83 88 92 57 66 45 49 50 94 84 53 5 40 3 30 52 43 5 71 27 57 65 97 94 21 94 20 52 92 40 84 48 18 28 15 37 13 54 66 77 4 76 22 61 38 64 71 53 2 44 9 
36 70 32 87 95 18 77 86 58 59 14 36 36 5 35 8 61 94 57 0 51 10 64 62 73 20 70 61 27 70 69 73 74 70 1 90 88 29 75 12 10 80 97 14 46 11 100 44 46 44 76 11 40 43 35 13 73 6 50 90 16 44 78 20 47 76 56 63 32 5 85 81 13 39 68 69 23 31 81 44 73 5 75 79 8 3 19 19 77 5 55 100 10 43 70 75 63 35 61 86 
85 41 97 99 80 78 48 54 5 89 67 12 84 50 72 20 17 78 97 1 33 54 68 97 91 17 46 100 98 26 9 98 57 5 85 26 63 50 85 7 68 12 56 59 91 77 59 56 50 55 97 15 92 66 48 56 26 18 4 34 3 41 9 57 64 44 65 32 54 37 34 0 61 48 79 42 93 59 74 44 91 38 58 20 56 18 93 48 53 2 52 17 21 85 45 19 38 83 86 70 
83 98 85 34 69 47 53 2 44 23 57 91 4 90 12 40 21 18 15 87 14 4 4 12 20 25 84 54 72 69 71 36 27 97 86 11 18 63 3 51 40 48 68 49 28 1 40 84 1 50 18 19 7 14 40 27 2 44 71 68 2 37 34 14 14 30 42 74 85 15 53 31 37 17 11 58 19 53 79 56 38 55 79 63 84 87 18 65 77 5 12 88 21 16 70 78 36 28 91 32 
17 70 36 17 15 0 29 64 9 97 83 65 36 97 98 6 81 83 17 73 41 84 49 84 10 9 42 78 71 85 84 58 67 88 82 97 97 56 49 17 56 54 52 100 12 12 76 15 19 3 51 57 58 16 99 20 95 89 42 63 3 58 17 73 25 69 10 73 21 5 31 38 84 28 85 76 40 16 69 84 76 41 94 21 51 52 28 31 15 39 12 38 13 48 16 23 96 88 90 38 
15 43 39 6 93 75 84 26 70 12 37 19 23 23 14 51 15 86 19 82 59 81 94 14 25 91 47 22 47 87 41 35 88 0 14 81 51 47 86 65 82 39 51 86 90 19 44 63 79 91 14 1 70 88 47 50 4 60 22 73 69 86 6 100 50 38 18 43 36 71 76 42 94 85 43 89 8 29 1 100 53 76 75 20 18 31 35 63 11 96 23 90 71 69 56 63 67 75 62 80 
43 7 94 76 68 68 33 19 43 56 65 58 6 72 71 97 65 17 17 92 2 37 56 65 38 71 31 78 55 76 74 65 51 10 1 98 41 19 78 22 53 85 58 85 55 76 49 94 69 62 31 90 0 1 93 96 75 8 18 34 60 89 92 33 36 34 16 2 53 9 63 100 97 41 99 19 38 60 65 27 76 68 33 14 35 84 15 67 18 34 32 20 21 19 56 90 78 23 96 49 
23 7 74 98 12 53 59 47 27 52 69 77 70 58 28 85 59 4 6 80 38 94 77 70 16 58 43 37 57 65 91 77 6 43 76 81 4 64 100 25 66 31 60 41 27 43 99 96 50 12 100 32 7 83 36 14 95 76 6 62 14 66 31 86 24 10 73 20 20 16 0 24 46 57 62 73 1 56 23 9 7 98 41 70 17 54 53 26 65 68 13 30 98 65 72 84 62 31 72 14 
25 32 63 23 48 93 61 75 32 65 78 58 3 36 97 84 97 18 39 26 41 30 54 84 17 65 51 70 93 12 76 32 71 17 76 14 41 62 38 85 65 8 82 87 17 79 48 3 72 45 2 63 24 46 92 30 27 24 42 40 67 77 27 84 72 82 23 72 53 18 61 79 76 77 12 70 89 59 68 82 64 75 43 28 21 40 91 49 98 64 20 78 97 15 1 93 41 53 19 36 
10 22 14 42 78 7 2 22 84 20 38 79 5 54 26 32 60 35 81 86 30 72 41 0 47 14 54 40 4 100 25 89 67 19 34 39 90 47 86 66 14 99 87 88 27 1 38 42 7 49 32 45 79 35 3 52 53 30 11 79 14 65 3 85 48 20 24 55 22 58 59 56 57 46 75 28 15 49 81 15 18 48 26 64 4 93 23 86 61 17 58 22 22 89 75 77 85 72 79 54 
23 6 28 23 98 48 12 51 21 34 72 63 58 22 85 0 58 10 53 78 67 32 66 15 93 83 78 4 29 1 22 60 18 41 0 50 84 66 54 38 12 9 95 12 54 14 24 5 63 30 56 99 38 80 76 87 51 14 71 33 22 33 13 32 11 28 48 43 7 20 10 23 62 95 97 11 23 17 50 21 10 27 51 43 44 11 39 72 17 20 6 48 48 58 13 70 86 72 74 29 
39 29 8 55 56 46 32 80 45 99 60 28 25 19 32 44 79 85 17 85 32 4 83 1 9 35 13 61 26 96 72 50 74 15 18 21 76 96 99 42 4 85 38 92 64 83 52 55 39 54 84 18 17 3 12 17 35 96 32 54 49 7 90 54 50 64 27 26 20 59 81 56 98 12 5 56 26 24 9 23 4 66 93 18 19 81 19 73 36 36 29 95 47 85 27 23 11 15 37 8 
10 59 83 33 48 8 87 25 46 98 59 14 12 30 4 27 20 85 85 6 86 36 19 85 54 91 22 47 17 81 35 56 31 2 99 47 12 62 28 34 73 31 52 29 99 81 69 87 44 92 61 25 78 62 86 80 94 5 3 14 68 98 15 41 91 58 94 81 60 57 84 86 27 35 31 10 59 72 46 89 56 62 7 5 16 91 65 38 61 12 25 82 3 10 27 73 6 41 63 75 
1 63 71 31 35 91 35 36 40 63 19 64 97 77 32 98 67 69 51 88 76 56 88 25 60 44 36 93 52 69 42 48 31 88 18 32 14 6 78 96 68 100 38 18 41 72 88 46 64 82 34 23 11 61 39 91 59 55 87 89 39 93 73 55 32 51 57 39 25 67 19 85 19 30 50 1 2 94 40 5 69 43 29 43 82 31 17 85 50 85 56 61 49 85 65 62 76 24 61 47 
85 38 60 25 6 8 35 10 29 42 59 31 84 80 94 79 75 97 10 13 4 30 92 73 44 71 47 13 12 70 49 96 55 62 2 8 18 78 29 11 67 82 96 56 31 67 48 1 66 64 93 73 46 37 2 27 3 50 20 40 25 18 90 60 82 62 88 6 67 69 79 60 87 33 100 16 41 23 21 63 71 60 5 27 42 73 70 50 67 66 55 83 1 42 8 46 57 56 58 64 
86 45 66 47 23 69 18 7 87 71 25 36 2 16 19 40 24 81 29 48 45 35 56 37 38 43 7 49 20 81 34 77 42 6 88 14 24 30 93 64 44 68 26 28 51 96 41 94 72 8 33 80 25 33 42 42 1 92 77 59 63 10 26 96 83 33 5 8 72 36 55 16 61 79 15 48 47 30 0 38 70 45 5 32 58 53 53 94 5 44 72 38 38 62 4 57 19 54 31 47 
78 77 72 55 38 42 29 19 26 97 51 36 66 2 74 27 70 21 73 17 18 47 96 49 67 11 50 72 68 48 5 13 62 38 44 19 47 86 30 3 32 86 61 8 86 39 1 99 24 96 67 42 84 18 65 23 59 29 74 1 25 25 86 47 27 54 98 34 72 46 16 29 63 34 45 12 96 16 94 97 61 99 20 38 8 41 36 35 53 40 16 88 21 31 18 65 28 21 12 72 
51 16 74 49 37 90 68 27 77 13 31 32 69 51 40 6 54 69 2 43 62 35 71 50 47 43 85 11 98 82 54 32 37 63 12 16 46 70 28 97 48 14 20 74 89 41 1 47 88 34 12 67 86 97 20 98 5 0 47 80 60 25 75 91 92 19 14 29 91 87 38 96 89 75 81 100 62 73 20 32 55 52 19 45 59 15 24 100 34 11 13 78 77 28 53 59 59 52 50 46 
60 36 41 64 81 52 18 31 40 59 50 81 12 97 12 38 65 55 80 77 35 83 36 41 15 45 31 43 95 29 18 49 49 38 32 42 99 57 24 94 91 83 17 37 22 22 1 34 74 72 33 0 47 99 11 85 32 76 30 1 85 17 94 13 95 39 31 65 50 32 26 48 5 41 3 16 13 0 72 29 51 91 95 93 22 34 77 74 45 24 32 86 79 2 68 49 87 25 48 48 
30 19 12 54 31 69 62 28 82 96 26 58 44 13 49 91 69 46 9 25 31 14 35 91 16 4 30 71 74 85 1 87 24 91 13 7 78 7 67 53 54 35 93 53 7 90 83 14 95 81 38 29 9 96 70 74 97 36 83 17 31 43 61 95 27 85 73 47 81 29 72 79 96 9 95 59 21 63 14 17 84 30 5 49 96 46 39 36 95 85 39 26 5 26 0 52 97 88 25 41 
79 52 12 43 81 77 87 33 42 19 2 49 95 23 34 15 99 9 7 10 77 11 73 94 27 27 45 62 44 23 98 75 12 28 46 33 90 9 52 73 47 70 15 4 68 96 52 8 31 43 49 5 39 40 20 97 14 30 14 74 11 59 68 17 79 7 18 22 7 29 56 8 84 23 34 2 2 62 53 70 93 18 23 100 77 73 15 1 87 63 92 29 32 21 95 56 90 98 24 25 
80 65 3 30 36 10 33 44 96 49 58 79 87 45 1 42 77 91 74 85 61 42 21 23 93 93 92 40 32 40 97 99 64 38 89 60 10 73 86 8 92 65 65 34 79 76 13 32 8 36 95 90 82 17 35 81 70 75 16 82 84 74 49 16 30 82 100 75 89 95 54 18 15 27 95 87 90 23 50 42 87 44 38 45 76 51 28 5 45 36 0 40 15 26 60 17 72 45 85 18 
25 22 97 44 11 93 97 31 9 93 73 81 67 60 12 27 24 23 49 72 28 59 7 83 15 60 12 85 48 48 32 12 49 94 58 25 46 17 45 96 42 25 76 64 62 32 20 41 100 5 89 68 31 9 44 97 44 83 13 34 50 65 23 21 36 91 49 32 3 40 11 6 65 74 5 14 78 25 81 61 60 28 49 20 47 100 95 27 1 80 82 22 3 2 20 30 90 55 61 81 
44 10 97 72 49 41 40 30 81 63 95 50 51 41 79 57 47 78 28 35 27 5 23 22 47 1 24 84 51 26 90 23 80 8 81 50 95 57 67 45 30 72 43 18 27 71 95 61 3 90 65 45 78 61 17 80 14 39 13 30 40 40 37 0 16 58 99 68 21 93 87 64 79 62 18 14 21 26 83 42 62 16 27 2 31 82 44 93 33 58 100 23 26 68 82 45 6 83 53 44 
77 78 21 86 33 29 62 70 3 22 45 85 34 65 79 62 72 19 68 30 39 33 92 71 18 62 57 9 100 70 80 17 37 60 78 10 0 94 94 76 92 43 9 97 19 86 84 1 66 5 80 79 33 40 2 22 74 25 43 75 84 86 55 43 55 97 58 80 31 29 47 24 6 58 31 63 7 62 55 84 33 18 65 38 100 2 70 5 79 89 9 34 92 0 92 49 86 93 73 40 
87 78 72 73 36 47 13 81 75 99 92 9 14 61 41 90 9 92 100 0 87 24 81 100 11 49 27 66 43 76 2 89 89 23 20 11 11 63 93 6 13 21 100 44 32 6 10 49 93 34 68 88 64 52 37 81 62 38 9 67 98 87 31 31 68 58 21 12 84 11 10 47 62 25 100 91 17 26 75 72 83 54 33 41 24 83 43 19 43 14 27 84 29 6 37 21 52 11 35 29 
99 26 75 4 41 59 6 52 91 47 53 99 38 77 30 81 59 22 85 57 56 52 68 40 77 21 13 62 14 45 59 7 5 50 19 96 87 54 40 91 42 26 32 61 27 93 56 61 11 2 21 8 27 30 21 39 59 14 53 51 85 1 8 65 35 100 37 8 97 74 29 32 21 41 39 72 95 5 55 8 53 76 95 55 35 1 91 48 16 43 19 32 77 34 93 32 50 68 40 29 
83 22 15 9 42 30 5 96 4 7 72 2 49 25 39 22 98 66 37 18 9 14 55 88 44 65 78 14 90 76 99 13 79 66 84 70 11 98 21 7 6 46 26 86 84 34 82 9 62 32 47 96 82 62 100 87 79 71 24 12 83 51 81 82 51 62 72 30 83 19 6 31 22 81 77 86 26 12 90 4 76 33 57 75 78 100 80 57 7 48 26 20 35 7 63 38 73 21 36 36 
60 75 16 77 79 10 91 92 65 77 7 37 72 8 67 55 64 16 33 28 16 60 78 24 60 97 40 52 44 76 26 93 56 22 22 62 10 56 73 46 50 1 86 94 74 100 37 86 91 26 64 92 63 81 91 16 88 76 47 91 43 54 98 39 83 2 55 70 41 97 0 59 3 69 46 9 18 34 29 77 66 12 67 35 10 37 63 1 90 79 6 24 2 64 9 39 11 89 57 74 
43 85 61 91 66 90 42 36 24 13 81 73 19 67 92 85 97 86 11 23 19 78 20 24 35 66 21 61 54 93 37 18 33 32 3 85 96 98 82 62 64 13 60 21 47 37 92 64 12 70 16 62 11 33 56 20 53 21 43 4 0 79 75 16 81 61 44 64 60 66 56 3 19 5 62 67 73 17 13 92 45 12 16 15 86 2 24 77 18 88 30 3 89 45 47 39 40 97 85 67 
79 0 87 85 81 15 48 2 90 49 75 4 47 18 60 78 98 46 51 74 47 89 84 90 40 21 55 39 88 18 36 32 61 71 5 66 95 19 17 67 79 0 25 11 65 63 10 76 75 37 1 29 77 53 9 50 66 23 50 4 57 9 53 21 48 43 46 71 20 59 34 54 19 79 15 42 20 86 16 80 18 86 74 54 78 32 57 67 2 7 77 89 24 85 91 31 62 11 89 99 
54 47 20 52 37 36 43 6 14 33 88 4 17 68 46 44 84 91 41 75 31 19 39 32 46 93 6 61 33 10 95 55 95 71 76 27 54 68 78 48 2 10 38 98 32 32 78 26 68 68 48 25 16 23 95 94 24 100 66 47 40 37 65 7 42 53 41 32 2 61 92 27 43 5 31 80 39 15 1 42 77 90 36 48 64 10 29 2 2 67 34 88 53 1 14 71 79 61 22 72 
100 85 23 4 44 18 57 30 68 32 48 42 94 54 47 97 3 8 34 19 32 22 94 38 59 87 48 15 38 91 82 40 64 32 87 69 75 88 78 97 12 5 46 86 78 61 63 13 7 62 46 65 49 18 81 92 34 91 14 74 42 83 42 68 14 74 56 29 88 83 68 88 49 85 62 3 73 57 49 64 46 51 37 7 79 69 72 37 63 41 21 71 21 12 69 19 52 29 87 44 
4 87 33 78 67 21 9 3 96 85 68 25 40 39 89 78 72 54 1 32 44 80 54 16 7 20 12 36 79 30 17 97 30 37 64 5 94 53 72 45 97 69 16 33 44 34 39 28 93 93 54 23 79 12 18 17 83 30 13 10 70 6 86 0 51 48 7 19 40 98 28 84 89 13 48 98 73 43 38 70 71 82 98 78 72 65 85 31 51 3 97 69 78 82 88 79 12 93 78 33 
76 71 84 37 73 98 67 7 43 32 59 58 9 22 19 14 6 69 42 8 62 77 19 59 78 82 0 79 60 27 68 47 93 100 66 47 32 85 93 46 89 73 85 41 36 0 99 92 30 77 100 71 64 17 12 41 8 41 74 53 58 66 41 36 99 55 10 86 14 95 70 46 96 48 64 92 89 63 37 52 56 3 13 0 96 25 3 81 91 69 70 70 32 96 20 58 9 88 73 66 
91 51 99 34 17 50 75 17 83 12 93 80 37 85 32 96 94 38 31 71 85 48 74 97 69 92 74 29 41 89 58 97 5 61 35 36 77 33 97 54 15 1 86 69 88 27 63 3 95 91 52 6 59 25 43 56 23 51 98 45 85 0 28 56 13 5 29 98 8 24 16 89 16 81 88 33 69 73 33 8 86 46 65 74 59 75 26 30 86 87 87 64 31 85 2 68 2 82 84 56 
26 73 1 73 64 50 81 33 91 79 81 76 44 79 59 96 83 62 67 86 100 31 11 4 45 13 100 78 82 70 4 34 86 83 44 84 4 61 86 1 33 74 29 34 51 73 51 100 58 69 59 18 65 57 85 7 26 85 87 46 81 93 39 68 24 27 17 60 28 9 20 43 17 95 56 7 82 50 14 53 86 31 83 41 100 6 5 84 38 30 37 76 71 20 60 82 86 99 41 32 
71 64 47 72 94 97 35 26 13 8 59 100 68 89 38 78 87 28 13 43 54 89 14 33 33 50 67 61 24 39 80 67 32 51 4 48 38 14 95 28 93 4 95 75 31 33 85 86 1 18 22 53 93 58 84 33 100 91 8 48 44 58 42 27 89 68 55 57 89 55 19 43 33 93 50 15 31 93 39 73 83 38 25 57 29 16 45 65 34 27 98 67 38 86 83 21 76 65 79 97 
34 21 3 4 14 60 15 6 12 21 76 56 29 17 42 16 34 35 75 86 47 0 17 18 55 43 63 4 4 99 21 46 82 8 53 65 20 23 53 21 37 21 8 30 32 16 96 100 70 18 73 76 66 19 98 71 66 11 10 60 29 65 27 77 48 73 75 80 10 55 79 71 72 60 17 47 46 2 23 36 54 51 88 17 37 43 59 12 64 37 47 90 31 95 47 35 5 9 65 53 
52 98 73 32 38 91 24 81 26 61 28 81 85 98 15 65 49 8 51 41 11 71 34 53 55 89 24 54 33 88 81 40 31 75 83 61 85 10 70 2 43 98 87 26 97 21 19 34 62 34 64 18 14 1 51 83 61 62 46 33 13 84 24 70 39 27 18 73 99 32 15 82 71 88 23 64 42 55 57 91 11 23 49 80 54 62 1 61 91 81 96 57 10 36 82 6 33 44 73 34 
3 35 6 15 57 12 7 82 32 31 22 61 53 2 95 94 1 0 3 56 99 32 49 83 55 26 3 47 72 49 25 29 46 66 10 23 60 82 66 89 32 32 3 78 19 77 62 91 23 52 34 97 15 47 1 75 55 20 6 12 66 44 90 74 76 91 50 3 55 66 53 12 1 81 79 96 1 82 96 9 87 39 75 81 60 15 32 88 7 70 52 77 37 74 25 11 15 79 70 18 
100 98 51 14 40 77 88 83 62 31 10 24 13 92 12 39 20 73 6 59 94 33 91 22 62 23 0 83 47 78 31 22 77 37 59 16 69 16 1 17 47 90 30 85 44 43 31 16 83 49 88 67 33 27 11 4 35 69 15 5 76 67 41 41 31 50 17 3 34 7 41 50 10 78 12 22 59 91 17 32 17 51 39 92 85 96 83 83 58 54 99 69 88 44 28 99 53 5 100 9 
39 92 29 78 39 77 59 78 90 74 72 22 94 24 96 61 96 75 96 40 54 16 97 5 99 7 35 40 7 82 78 81 44 82 64 85 60 68 74 51 88 94 69 84 49 15 100 27 19 62 54 34 46 8 67 84 6 27 48 22 20 85 20 47 2 15 29 21 98 36 46 10 41 85 73 40 19 59 67 24 14 37 10 99 5 73 61 87 91 29 41 92 31 0 47 7 33 9 84 17 
35 23 48 22 96 9 85 71 1 45 76 47 93 54 72 30 26 47 92 34 59 69 44 70 61 1 10 39 7 81 18 63 20 26 27 44 82 17 46 98 3 59 55 82 27 56 35 27 21 69 22 70 16 72 27 82 67 4 83 66 10 55 55 85 35 77 84 27 74 21 40 51 40 68 62 6 24 21 47 17 57 22 19 12 98 21 50 71 23 1 98 39 60 100 23 60 58 62 12 49 
17 80 16 56 20 18 90 21 70 4 59 34 36 49 17 36 88 94 38 10 2 66 84 17 29 54 80 0 72 43 11 34 42 66 46 40 46 43 11 92 33 12 64 35 96 25 85 82 45 10 33 71 53 18 37 46 32 76 24 20 23 51 92 70 71 34 93 77 6 87 92 57 74 29 16 15 12 100 37 84 35 26 91 17 97 35 69 29 35 8 87 23 79 98 17 11 29 37 33 77 
36 84 44 1 61 61 65 37 1 10 35 84 23 95 5 79 14 68 33 49 40 53 100 94 12 12 20 90 89 96 60 90 18 91 13 59 81 89 48 50 12 16 1 68 23 48 22 38 35 41 70 7 63 57 78 13 50 72 78 82 26 14 84 56 61 98 75 28 82 8 92 44 71 21 44 1 8 46 31 92 25 53 22 3 33 42 68 12 7 37 33 30 27 93 7 81 6 84 39 27 
82 39 30 34 8 50 45 85 68 26 10 5 98 78 50 22 33 98 77 87 69 88 22 83 52 52 33 56 74 56 18 88 65 45 88 17 94 60 77 76 3 16 73 53 91 18 48 55 28 81 100 56 67 67 3 27 77 10 8 40 81 15 85 72 60 62 15 42 24 37 23 49 94 82 27 51 10 51 14 54 62 85 24 1 100 54 7 11 43 49 50 46 74 7 99 99 29 91 20 33 
16 4 37 4 58 1 77 25 92 39 47 64 63 61 50 53 75 5 75 15 52 33 28 77 78 59 6 4 4 43 25 71 95 26 36 89 60 31 91 4 18 85 26 55 53 30 48 73 21 26 17 25 26 91 20 36 34 31 30 85 94 12 9 100 9 60 45 86 15 21 34 99 78 88 97 98 55 39 10 43 84 98 86 83 31 78 21 39 10 88 65 71 73 91 60 36 72 73 94 5 
35 9 17 60 66 72 42 33 23 6 44 91 53 67 5 47 44 2 81 28 18 25 53 27 72 44 88 55 11 31 71 42 91 52 99 62 27 77 66 18 51 75 99 34 25 97 83 57 44 12 27 83 33 63 7 31 100 31 59 0 66 2 15 48 7 81 27 6 15 58 31 32 85 41 16 37 18 79 69 33 45 71 32 19 0 47 64 12 62 81 12 16 32 74 76 81 8 47 20 60 
45 3 96 14 90 6 33 21 43 85 42 32 10 9 31 22 98 50 83 91 13 80 21 72 74 25 12 62 31 47 87 100 19 42 89 74 49 45 89 91 63 24 32 31 67 98 53 8 58 68 84 62 55 37 39 21 10 92 15 88 0 79 39 30 1 62 91 83 95 73 12 16 20 9 8 17 57 92 5 16 37 28 41 94 17 50 52 85 12 22 48 86 97 14 96 60 54 83 77 96 
72 19 19 40 78 20 44 41 74 99 77 25 85 56 97 45 54 43 58 52 68 0 77 81 28 71 21 14 87 34 12 58 4 65 43 26 41 83 45 96 71 38 78 63 22 53 66 98 1 82 82 18 85 8 66 73 72 76 56 1 33 30 4 74 10 52 85 66 74 30 69 14 79 38 68 36 50 32 33 22 22 64 59 71 23 24 41 7 98 84 55 19 85 49 7 56 94 33 79 21 
72 89 33 80 22 81 34 92 37 72 82 10 47 65 80 16 90 48 69 46 31 71 90 50 51 74 37 96 75 56 82 89 84 23 95 64 82 0 20 70 42 6 23 58 21 76 26 24 48 64 11 50 58 60 94 53 11 37 94 9 66 26 57 86 8 17 50 67 97 10 35 39 27 35 49 0 53 46 67 42 7 23 89 51 89 23 69 39 33 7 28 68 61 11 66 60 12 85 17 3 
75 11 19 14 78 19 12 95 9 47 88 15 70 99 91 50 85 73 48 42 8 74 10 80 57 49 13 20 85 98 76 19 78 6 26 78 9 95 63 81 25 49 34 75 65 61 25 13 17 64 62 38 40 35 82 67 56 99 50 46 7 81 42 37 67 81 73 42 13 21 10 4 51 51 66 85 100 6 91 87 50 84 7 61 68 79 89 9 71 64 40 59 6 99 51 63 64 98 43 79 
43 64 37 74 48 40 96 38 49 55 15 64 83 38 84 7 44 75 65 77 98 2 17 69 66 17 65 21 73 28 91 0 39 73 73 11 1 43 27 12 38 5 5 54 11 94 49 32 24 79 5 12 61 6 96 68 34 32 20 53 29 17 77 62 94 53 95 75 43 67 26 31 56 26 88 91 35 94 100 32 0 65 9 32 73 99 10 3 47 64 70 75 51 82 19 91 41 53 48 79 
7 53 16 100 81 89 90 56 30 13 87 52 77 4 21 51 26 9 48 13 65 65 47 35 56 95 35 30 23 36 87 80 21 59 81 70 92 54 77 71 16 27 62 25 24 12 29 16 78 79 58 78 17 82 98 100 60 36 44 32 2 57 79 77 65 4 41 61 69 4 2 54 57 35 62 57 19 43 48 51 87 97 3 13 38 0 2 71 75 7 40 89 30 46 79 44 72 23 12 30 
52 51 53 20 39 80 1 11 21 37 60 13 82 12 28 16 86 72 63 59 46 56 6 35 93 78 5 32 100 6 21 58 0 91 46 74 57 78 24 72 94 76 32 44 7 44 79 28 81 48 75 56 83 91 41 65 47 28 77 35 21 9 9 78 98 95 68 65 26 98 99 40 51 62 97 39 88 98 62 64 22 72 98 73 75 25 55 66 99 49 82 72 99 95 59 30 13 63 87 13 
25 67 64 14 67 13 60 8 44 75 46 78 61 10 91 18 19 50 72 7 92 70 53 44 71 10 49 52 49 46 85 20 57 94 45 59 22 6 31 97 61 31 25 58 81 54 24 69 19 65 23 91 12 28 77 42 23 41 96 100 21 78 66 65 67 27 75 43 83 64 82 82 47 65 14 84 73 0 60 52 68 16 97 93 92 79 15 95 45 57 84 97 73 59 50 53 18 61 0 1 
28 65 17 52 6 50 70 9 25 39 98 91 58 56 95 20 80 6 73 16 53 11 96 61 8 52 19 37 45 49 54 90 65 52 5 8 0 52 6 72 36 86 90 62 3 64 46 63 51 59 55 15 1 96 25 87 89 61 7 88 60 79 46 63 41 80 52 8 76 53 94 42 17 16 30 74 26 56 95 54 74 76 20 88 23 37 73 66 67 88 74 48 7 80 80 58 58 99 53 95 
85 9 100 73 6 86 97 13 6 88 24 88 44 6 35 84 71 29 62 74 75 81 94 72 28 24 72 23 37 93 94 70 100 44 68 40 53 31 27 55 48 85 83 25 2 12 34 35 88 38 60 16 20 7 5 66 89 1 17 1 97 13 79 10 23 30 92 69 74 51 50 75 70 86 81 96 25 96 32 54 100 60 48 77 12 97 75 75 49 72 31 48 98 89 91 3 23 19 96 12 
93 23 98 45 60 13 96 75 18 3 23 90 67 70 29 99 25 11 46 5 50 46 6 33 23 21 13 59 2 76 43 71 45 90 66 31 42 90 28 98 3 92 51 42 56 17 21 87 19 95 3 68 2 8 13 19 76 15 99 94 20 89 77 45 24 12 18 75 18 69 66 4 98 37 12 38 51 29 74 75 58 22 86 10 94 30 8 76 55 89 35 38 48 40 27 47 98 38 63 47 
60 13 8 3 34 17 15 64 90 9 99 77 56 94 94 83 61 94 71 77 65 57 34 90 61 77 80 3 78 34 56 37 74 45 58 72 30 58 86 88 32 43 33 44 69 59 47 9 94 28 75 8 15 91 63 20 63 20 1 33 51 0 40 76 13 85 88 39 66 31 52 13 56 5 32 7 46 4 0 40 39 40 47 17 7 11 80 37 93 62 40 31 11 24 76 26 85 71 29 2 
78 85 26 18 11 34 89 95 32 18 5 94 83 89 42 69 15 60 89 37 93 92 0 57 63 56 40 71 27 63 59 74 72 89 28 16 95 55 74 69 4 24 92 31 78 89 64 96 47 49 28 35 17 9 10 11 79 44 85 15 36 79 22 90 23 77 48 9 32 100 76 95 58 2 50 55 58 67 34 53 63 94 7 90 10 14 31 64 84 36 88 11 31 99 30 94 32 100 100 72 
21 14 81 26 72 88 97 89 60 79 31 75 34 80 89 22 31 2 22 91 63 45 3 23 6 70 76 18 98 97 32 89 95 96 44 75 54 35 41 27 50 83 22 5 38 67 40 100 69 66 69 85 18 39 11 34 43 46 27 52 66 89 28 65 85 85 42 91 61 51 87 8 22 76 70 63 25 4 0 20 19 11 33 95 81 6 31 9 15 16 62 7 25 11 90 39 29 72 23 10 
25 36 48 29 72 75 92 92 57 85 23 4 49 78 57 87 54 65 36 78 11 46 100 75 9 34 60 72 92 2 44 74 88 100 7 14 18 70 76 42 96 40 44 18 2 68 95 69 49 60 37 20 53 43 76 26 48 8 73 19 17 22 78 46 77 72 36 28 78 14 67 29 57 19 58 17 24 98 64 56 13 36 42 69 78 100 19 86 45 88 84 38 86 92 20 12 8 39 32 3 
47 53 79 68 65 24 68 10 8 3 86 48 82 49 49 39 69 68 48 60 13 54 34 29 19 51 30 1 52 39 19 95 99 68 30 42 57 79 94 61 72 51 24 3 14 22 79 52 35 82 21 7 18 99 15 7 80 5 12 100 56 57 40 21 94 27 54 64 66 64 50 89 85 52 0 91 100 53 27 66 33 28 6 31 35 64 74 37 0 3 5 71 94 30 56 88 42 12 1 15 
13 89 66 52 13 41 50 90 27 28 59 12 80 98 78 56 64 32 19 46 38 68 37 20 68 17 66 85 59 23 32 39 27 34 49 49 47 73 10 72 90 33 91 100 42 55 12 77 7 55 98 3 28 2 47 91 10 78 45 36 25 2 26 76 44 40 86 15 34 80 38 97 95 27 87 7 3 16 18 62 6 91 36 25 78 6 29 92 78 91 82 42 45 75 96 82 66 18 59 64 
36 18 0 23 28 94 59 12 60 58 86 66 31 92 67 80 30 61 96 41 27 45 59 74 34 83 39 95 1 63 88 45 0 89 80 79 93 6 54 41 21 85 92 24 21 91 48 92 10 96 3 45 10 36 73 71 10 14 69 52 90 19 12 1 97 63 30 21 17 29 49 84 19 89 95 89 71 1 48 75 45 32 49 35 31 77 98 66 43 19 85 54 25 20 85 70 88 35 15 18 
34 36 21 68 70 38 11 43 9 22 42 95 21 35 11 86 32 38 3 54 27 2 86 34 70 10 57 11 0 21 83 13 44 36 20 44 28 70 0 79 52 83 15 57 47 39 13 11 4 55 3 15 47 0 15 12 67 47 91 6 23 38 44 48 63 31 70 84 3 71 18 15 38 81 58 18 80 1 37 80 2 100 73 42 29 73 95 74 61 60 23 84 11 65 83 58 34 23 99 72 
31 79 20 44 22 88 54 44 64 62 56 74 37 92 57 60 7 44 59 36 80 58 45 26 91 74 34 74 3 31 58 69 25 49 20 23 77 81 92 90 52 86 59 73 84 33 72 77 58 55 89 24 47 50 69 19 90 67 73 27 97 21 90 85 99 21 25 17 36 98 27 92 7 60 5 33 86 78 3 56 24 11 100 12 33 77 54 0 15 90 78 58 40 93 70 4 88 42 48 7 
66 96 75 79 94 77 13 73 51 68 23 90 69 43 10 97 47 36 27 67 28 97 79 20 85 64 68 81 89 78 15 39 12 27 55 47 51 91 37 83 89 12 10 16 52 74 18 28 25 39 91 44 43 23 13 81 76 27 100 24 8 68 11 23 69 88 24 8 34 46 21 75 0 93 94 26 49 33 72 99 93 4 65 50 48 36 17 84 55 7 2 25 43 62 57 13 99 12 83 70 
31 92 72 54 76 0 75 33 90 40 36 2 20 56 28 29 33 90 65 63 82 68 45 45 83 43 63 55 25 88 4 49 51 97 64 31 71 42 49 12 73 88 86 7 88 62 12 92 25 47 79 78 70 0 78 6 100 69 42 19 99 64 35 86 59 33 30 53 35 96 39 37 42 56 2 38 76 78 22 21 52 65 89 19 56 87 5 46 27 30 63 0 52 77 13 93 15 40 70 61 
78 40 62 41 51 48 30 55 97 66 2 75 97 24 66 89 70 90 82 59 66 61 53 46 69 7 6 38 55 42 97 69 97 56 21 93 68 46 59 67 38 33 21 23 59 35 99 17 52 39 72 31 54 87 27 35 63 26 85 90 96 63 81 19 58 27 91 67 5 72 44 93 69 35 41 58 68 73 1 10 44 20 60 14 90 44 23 71 18 4 84 84 63 16 77 13 99 70 30 42 
43 54 36 98 77 12 89 29 75 27 41 70 68 19 26 75 91 54 8 98 41 53 65 17 43 71 38 71 84 90 34 46 57 13 71 22 1 55 45 44 67 20 50 63 5 85 62 73 47 99 12 1 41 48 88 41 59 33 35 39 74 42 95 63 74 58 78 71 7 98 72 49 30 25 47 78 66 66 77 69 86 88 89 79 31 36 83 25 57 44 65 24 49 5 59 98 83 75 12 57 
61 39 74 83 5 52 68 70 37 71 32 43 67 84 96 12 94 44 65 9 17 69 48 85 35 21 84 59 8 88 42 2 79 22 28 39 20 36 66 41 27 48 44 67 78 80 82 78 43 89 41 80 54 29 80 3 17 53 99 36 40 39 5 33 78 98 70 91 63 15 75 84 30 9 38 30 87 78 88 41 48 7 53 72 8 100 89 3 45 54 20 10 38 82 61 46 99 22 30 58 
59 30 61 67 76 46 29 18 80 62 0 97 40 28 19 87 89 35 12 59 70 15 35 43 77 29 25 80 70 98 15 76 23 53 63 63 33 46 40 33 79 86 48 43 15 42 76 29 54 25 47 100 0 4 38 84 23 41 50 2 23 7 63 14 6 30 13 98 21 23 22 5 12 47 23 89 22 61 72 54 3 80 47 61 66 38 73 31 53 1 23 16 64 22 7 96 83 7 78 46 
0 92 25 77 63 13 37 31 13 75 90 80 79 35 94 64 59 19 5 96 93 89 79 41 17 49 20 8 15 33 95 13 58 83 1 35 30 85 60 22 62 0 71 94 86 57 12 0 25 13 53 32 19 69 95 33 37 73 48 55 57 31 99 55 21 20 64 78 16 87 74 68 17 32 93 40 16 11 64 35 89 73 66 86 48 60 20 17 95 25 74 97 32 61 65 81 100 63 97 72 
