140
140
63 36 39 77 51 47 68 62 69 83 1 43 63 80 77 50 80 8 90 34 51 56 81 70 9 59 64 68 35 35 24 78 55 37 30 32 18 7 30 97 96 14 51 27 25 36 9 33 50 13 98 30 17 46 21 84 29 47 100 31 26 30 13 48 25 82 21 50 26 19 64 9 77 58 94 75 88 23 48 74 2 66 11 57 92 18 44 4 64 40 97 29 85 59 39 56 75 62 19 59 10 85 88 96 48 40 62 76 20 53 60 98 66 33 73 47 17 20 97 92 11 26 17 80 14 22 70 27 2 6 89 47 60 21 4 2 43 70 39 13 
45 93 71 27 88 19 70 65 88 53 22 37 91 9 99 61 35 78 81 40 75 94 3 25 10 22 34 46 91 86 15 15 7 55 6 72 97 98 7 24 85 6 0 100 47 22 78 84 28 35 88 42 45 55 9 11 33 79 67 51 28 79 31 58 76 25 94 48 63 78 17 2 75 81 27 93 54 7 41 100 79 96 49 60 82 51 33 58 35 37 28 8 94 32 92 99 76 12 84 50 2 22 54 53 64 26 78 44 31 9 99 86 14 97 6 40 0 92 85 33 60 33 84 10 42 46 86 63 60 35 47 66 29 75 30 64 47 3 64 50 
100 42 31 22 46 97 39 5 26 41 70 25 99 18 3 21 13 6 11 100 77 52 89 56 50 53 21 51 58 61 33 64 9 25 21 33 47 27 95 80 10 42 49 42 48 42 5 43 93 17 88 7 40 42 83 46 11 66 86 39 44 2 81 6 71 92 99 54 82 13 1 89 33 96 18 62 60 77 40 19 16 85 10 18 41 32 40 31 41 76 6 4 55 44 53 63 71 97 49 4 93 70 54 13 33 37 23 18 77 9 71 61 71 70 81 45 49 78 80 28 98 90 33 67 26 98 75 7 17 3 3 69 49 55 76 32 13 49 46 92 
69 5 32 74 38 42 73 74 54 78 9 34 57 45 67 96 78 40 43 65 12 4 2 30 51 75 22 86 57 59 14 3 8 46 93 96 94 54 67 96 96 9 75 79 84 21 74 52 94 20 22 66 61 51 19 16 11 49 35 6 31 48 56 27 85 3 72 55 46 56 34 5 55 13 98 74 9 13 28 78 26 56 48 95 22 59 78 3 42 54 81 96 39 88 22 87 26 26 99 87 100 38 94 5 56 29 21 95 99 98 49 63 35 34 35 36 28 64 95 18 56 68 45 28 94 40 16 64 65 99 66 94 52 83 50 16 36 77 59 86 
15 6 66 61 9 70 13 74 94 53 90 71 27 14 1 48 39 68 12 20 24 46 92 67 57 5 91 20 66 47 81 66 92 11 2 44 63 30 91 74 15 55 60 39 31 68 40 5 21 97 15 91 7 17 19 37 55 44 54 97 68 17 24 89 66 86 52 72 54 77 3 83 67 14 9 44 54 78 64 91 19 67 14 9 65 8 17 34 36 81 70 62 28 38 4 48 16 44 59 42 56 82 75 27 49 42 4 26 26 35 40 12 38 22 30 99 62 94 57 74 78 4 25 93 92 84 73 20 8 78 100 89 47 44 13 4 16 5 30 8 
28 76 40 80 20 68 66 83 27 11 59 23 46 70 84 60 58 13 64 57 41 59 1 36 5 21 72 6 59 94 72 70 69 100 25 89 90 70 39 11 11 96 81 6 91 46 78 47 65 42 39 41 84 52 62 89 24 16 90 32 94 36 81 93 56 25 36 23 41 51 74 43 6 86 65 36 25 96 47 79 1 17 74 61 5 71 67 91 71 39 10 30 35 36 21 89 61 81 79 58 21 37 51 30 90 87 67 1 91 66 43 50 92 27 55 14 53 35 82 5 17 100 95 18 69 89 64 0 35 19 42 56 66 57 61 33 26 57 80 82 
61 60 57 58 99 90 16 64 63 81 6 78 1 50 31 100 57 98 33 67 35 37 19 86 59 58 48 46 76 52 14 40 72 41 65 73 95 72 43 69 39 97 82 52 83 46 23 90 17 49 61 89 31 34 97 82 13 23 93 18 42 31 98 21 21 56 65 49 36 6 81 32 63 15 20 46 78 77 73 33 26 54 66 37 3 4 37 71 41 55 43 85 11 39 53 14 8 64 44 33 59 6 78 37 41 50 38 51 44 83 18 43 20 14 39 65 51 97 13 100 57 77 80 7 4 97 50 53 61 8 9 57 35 20 23 60 98 54 20 96 
51 13 49 92 80 40 55 97 35 80 79 82 84 53 6 100 39 72 46 30 32 35 25 56 36 61 58 72 7 16 12 27 28 13 34 34 60 75 49 65 94 26 90 67 100 20 75 32 38 35 64 51 9 85 44 9 54 68 94 79 32 13 6 44 41 58 19 100 32 28 47 94 51 63 29 55 68 4 41 36 48 62 23 19 35 89 55 94 82 46 68 74 82 42 73 80 95 40 46 30 89 6 36 43 95 66 51 77 1 62 25 36 84 11 27 41 29 86 30 42 96 61 43 34 18 90 26 65 51 20 27 57 10 54 26 87 36 15 40 24 
82 76 47 37 40 36 35 83 77 84 3 34 93 21 98 1 50 8 81 82 5 69 63 75 99 97 7 94 47 0 67 16 66 53 49 31 75 14 77 59 87 30 77 82 100 58 30 16 45 1 9 93 57 8 16 85 36 78 27 40 18 32 37 24 63 3 24 76 49 96 13 60 83 17 30 50 67 66 74 15 82 28 8 31 13 57 88 57 19 20 20 64 99 30 90 60 28 12 39 52 46 14 57 11 47 3 72 22 10 10 72 51 18 98 47 14 79 16 50 52 89 15 3 63 56 30 66 39 26 6 1 71 46 22 5 43 72 97 77 80 
36 28 27 85 22 67 67 86 78 91 47 42 29 15 36 23 27 5 3 68 96 93 55 19 23 35 46 80 59 24 70 42 35 13 4 58 7 15 89 74 50 98 25 45 84 91 47 13 45 53 51 93 17 54 4 97 19 26 10 10 42 55 27 37 9 16 9 48 70 19 85 92 35 55 50 84 80 41 46 41 24 44 32 18 57 21 33 91 47 83 81 1 91 9 33 58 7 80 43 27 46 80 70 87 48 99 41 99 89 43 54 50 8 44 48 22 49 28 93 61 58 73 59 95 57 41 38 18 3 91 3 78 68 56 63 47 13 70 94 38 
33 28 64 1 85 44 55 65 1 73 0 15 3 69 50 67 42 94 7 11 13 89 94 13 63 32 59 19 16 12 46 28 91 47 95 52 54 36 55 56 76 83 23 55 70 1 44 41 45 100 77 12 87 69 48 35 14 59 40 43 90 75 34 15 2 95 14 51 97 85 74 40 44 26 80 96 19 23 93 49 92 98 59 32 87 66 52 56 98 53 7 22 13 22 90 12 4 98 48 20 80 73 78 49 89 7 26 9 83 32 47 73 22 74 100 84 82 13 32 1 48 58 25 58 87 31 54 11 46 98 52 50 68 58 65 30 82 51 53 20 
27 4 22 31 49 47 55 50 0 93 10 82 4 81 15 67 4 3 47 69 57 71 17 64 70 97 63 16 29 18 30 81 82 52 67 43 8 37 50 84 56 59 9 59 3 57 85 80 97 7 65 34 50 38 64 60 6 87 20 82 4 90 21 0 73 3 60 97 98 69 91 58 22 26 49 79 35 43 72 15 16 38 38 24 34 7 12 62 58 67 83 76 98 86 77 23 38 34 96 91 53 1 43 4 70 69 24 99 37 67 33 33 58 36 41 31 50 87 53 68 44 11 27 61 14 36 37 68 27 66 98 56 36 26 52 34 35 12 58 57 
21 8 28 80 16 67 97 28 92 64 1 94 37 80 53 28 4 84 43 56 45 83 30 14 91 69 30 2 77 47 99 65 71 25 99 38 88 20 25 9 58 14 38 32 56 89 14 48 65 57 23 87 3 17 33 27 16 88 15 99 52 81 93 2 50 72 64 23 7 5 54 75 33 33 6 93 55 21 37 7 94 3 17 59 12 58 75 62 89 9 86 71 67 60 53 96 19 77 54 99 91 24 29 21 49 14 65 32 64 17 32 89 67 85 17 50 83 68 76 68 92 75 61 9 61 75 4 9 16 63 76 91 55 54 26 91 24 9 99 85 
98 75 30 39 97 17 81 67 91 78 31 32 36 25 6 59 65 33 32 47 39 93 53 66 76 70 87 99 78 38 20 9 59 37 55 21 65 59 63 83 48 43 25 31 72 20 35 79 72 47 45 20 8 13 80 45 36 4 40 96 42 11 64 63 80 16 61 79 58 94 61 47 51 77 60 14 55 30 56 14 59 49 43 3 85 84 65 33 54 36 50 97 56 81 0 69 10 17 7 83 31 49 20 80 27 58 19 75 15 68 80 18 94 76 22 90 35 59 23 70 53 97 62 46 80 54 9 92 25 17 10 80 56 17 32 25 18 71 80 80 
58 26 45 12 68 54 81 79 34 84 4 59 7 81 45 47 64 73 98 10 68 12 66 7 61 60 17 34 85 13 51 1 29 100 95 93 39 66 93 26 67 16 35 68 74 73 49 36 95 34 36 17 62 61 77 39 79 38 86 4 73 51 69 79 79 18 21 99 5 23 38 55 1 91 94 47 3 80 75 79 60 17 43 25 31 45 96 10 24 91 67 23 54 3 73 97 48 4 71 51 35 79 81 40 56 16 90 70 99 19 16 28 12 10 1 86 16 51 14 14 93 45 9 42 12 43 16 28 61 59 76 50 49 3 18 29 28 77 49 39 
3 67 41 94 35 62 38 71 45 82 29 32 47 31 43 92 45 64 26 49 71 35 40 76 17 0 54 36 7 70 14 40 5 11 23 4 43 100 75 45 58 18 99 21 10 22 26 31 73 9 36 82 8 35 89 29 82 83 47 50 43 16 42 10 16 0 96 95 38 49 68 66 7 2 0 2 8 4 51 27 17 64 92 17 43 100 81 55 48 54 51 6 55 32 24 58 71 72 68 81 42 81 52 25 0 35 46 16 87 89 15 37 63 2 60 11 19 79 23 23 24 73 20 97 68 17 3 52 59 49 48 5 65 86 80 6 75 9 75 8 
57 7 32 84 44 92 53 0 37 35 94 61 71 19 53 76 18 9 42 35 90 49 40 15 65 6 29 66 91 39 44 57 65 49 95 84 92 98 21 19 80 63 14 90 77 68 65 51 32 23 71 39 92 67 49 38 90 100 14 72 14 11 7 9 40 7 98 14 51 50 13 97 75 46 72 50 34 14 70 46 97 10 30 79 63 73 44 9 36 52 22 18 71 36 78 58 5 49 69 41 91 13 31 4 12 48 78 58 45 90 96 27 38 8 47 59 15 24 0 15 15 48 15 58 0 92 26 25 13 38 84 67 7 5 97 44 39 45 64 57 
56 75 16 3 70 44 82 20 6 18 37 56 94 40 52 86 78 42 65 88 21 65 8 59 86 77 43 81 41 56 90 81 80 26 90 36 34 56 14 51 19 92 47 98 48 88 39 9 59 11 16 77 93 61 92 54 88 57 37 20 79 88 57 69 96 43 91 99 36 40 89 31 55 45 79 94 28 47 77 59 86 41 99 17 96 36 33 71 75 16 19 20 4 25 7 74 89 48 27 12 65 73 68 90 100 65 45 32 60 88 90 24 47 50 80 51 59 98 18 5 12 41 3 22 43 57 44 53 56 5 45 63 42 22 59 41 7 12 4 26 
49 47 47 91 87 100 23 29 84 60 41 43 62 63 72 82 53 82 4 86 82 86 20 45 8 86 16 62 64 73 62 14 70 27 23 59 51 18 4 39 95 36 30 12 83 11 16 95 51 63 93 100 62 4 68 40 83 88 72 7 82 33 38 13 25 65 1 19 12 54 98 35 7 82 56 89 47 70 5 13 53 7 28 23 22 68 49 38 23 68 6 17 11 21 19 14 70 56 12 12 70 88 19 0 18 82 54 89 73 85 74 63 6 78 24 77 62 75 57 51 3 1 86 26 31 28 14 29 12 44 88 52 64 74 97 36 43 96 86 6 
39 81 28 86 23 36 87 0 84 32 22 85 22 99 29 81 87 36 2 74 94 9 21 54 83 90 79 93 24 85 34 31 27 5 32 41 13 18 1 47 83 45 75 22 96 76 38 95 45 97 99 78 30 15 68 99 83 27 12 11 44 34 63 49 30 81 75 17 56 13 13 91 37 41 59 59 3 85 1 88 22 10 42 76 0 39 20 60 23 53 37 16 22 13 71 7 17 90 86 17 27 78 89 0 68 99 86 80 27 31 57 42 82 33 23 70 93 89 100 42 35 60 52 22 38 85 38 69 77 2 68 47 2 36 85 44 72 13 10 74 
36 92 42 66 80 32 72 63 64 58 59 90 2 77 15 37 65 26 4 7 76 51 80 22 75 58 34 80 62 3 19 30 69 70 60 4 20 31 60 87 77 30 14 2 64 82 62 59 73 53 32 45 11 0 34 52 7 27 99 35 78 43 61 47 68 56 16 37 98 92 69 55 57 30 32 68 99 15 94 88 79 63 22 100 70 22 88 44 61 6 29 49 97 59 6 59 71 95 26 60 32 78 99 61 41 4 19 73 48 32 24 37 45 40 10 5 89 88 52 28 72 7 18 13 72 72 67 100 45 99 15 44 44 53 19 15 6 64 21 46 
16 97 60 32 66 28 11 66 43 48 78 51 18 26 67 24 100 5 73 97 55 46 27 1 29 60 84 65 29 54 91 26 36 24 44 88 65 42 13 11 61 4 19 100 16 59 22 30 53 35 88 2 44 72 54 61 19 100 91 35 98 74 34 40 69 72 38 24 61 64 53 90 91 75 99 29 28 68 48 59 10 84 45 65 49 30 44 22 2 54 83 66 53 92 67 26 71 63 25 68 55 16 60 1 2 8 51 52 65 31 46 28 47 75 100 42 38 28 49 55 69 9 86 28 66 19 30 71 18 70 7 58 91 59 86 100 44 40 8 72 
65 51 16 22 89 96 81 12 87 80 91 93 92 41 86 69 21 95 84 3 38 44 69 67 31 85 91 35 39 22 77 29 38 48 81 27 30 19 62 90 16 47 94 9 77 14 67 96 64 47 28 23 81 9 80 24 47 85 16 12 59 67 55 2 48 94 1 42 73 72 53 67 13 33 10 2 62 64 60 68 89 39 25 68 65 85 83 66 96 19 5 54 64 12 38 47 67 100 68 1 98 2 100 58 65 21 97 91 43 15 2 62 50 76 31 4 30 89 74 83 42 14 15 65 51 54 30 45 21 35 70 24 29 43 22 41 8 62 60 3 
70 97 0 69 82 78 68 13 13 77 81 8 86 9 30 3 24 14 74 80 38 29 92 55 32 25 72 25 88 69 46 87 86 13 85 18 35 63 98 12 30 73 77 59 36 28 1 40 94 53 40 71 0 14 52 7 91 55 36 30 38 28 89 9 10 42 93 24 68 63 75 41 98 29 16 28 17 15 91 62 76 37 54 77 40 68 7 1 92 91 57 86 24 98 56 86 2 70 71 5 25 36 18 100 62 45 90 63 78 6 81 34 35 24 29 6 36 33 21 41 2 24 3 58 18 72 9 74 91 2 73 49 26 29 57 84 32 48 80 93 
97 26 76 28 22 19 17 24 13 24 42 3 84 16 18 55 20 13 5 31 11 74 67 82 85 31 64 95 72 43 14 89 62 71 63 6 61 48 85 66 49 79 57 99 2 66 39 47 84 20 11 13 80 83 66 30 55 58 76 54 11 84 94 57 86 38 45 99 13 86 2 3 88 89 89 52 12 44 20 7 58 37 26 38 91 88 4 50 88 60 41 82 59 76 81 89 6 50 27 81 66 36 0 58 17 28 100 36 88 93 82 7 0 52 63 62 52 65 6 44 81 70 13 10 98 66 91 28 91 18 5 46 44 7 78 63 82 7 33 39 
18 73 75 23 12 36 3 28 30 55 35 51 22 42 54 17 84 83 73 18 62 28 23 40 86 60 11 74 2 24 15 26 28 28 80 88 23 18 84 61 19 38 14 11 45 82 6 100 29 6 65 73 82 33 24 44 92 86 92 19 56 54 45 91 55 68 69 64 81 22 14 84 35 90 42 23 97 10 81 20 8 2 88 18 51 37 59 8 34 53 36 96 17 64 40 62 27 96 39 28 56 54 81 82 34 15 20 85 60 3 93 73 85 53 48 59 30 68 56 38 90 66 37 66 14 4 75 58 27 0 99 13 57 29 7 55 84 45 84 2 
43 15 12 65 14 21 84 14 95 42 62 82 27 19 96 47 69 23 15 2 89 79 61 52 55 46 91 78 50 88 19 57 42 62 62 44 4 69 24 86 24 51 28 78 26 84 18 26 58 14 8 61 48 37 98 93 74 74 8 14 61 91 99 100 17 36 61 38 34 46 14 37 66 71 46 82 64 14 50 90 6 56 72 12 42 86 92 27 54 100 57 33 81 88 61 82 49 25 91 12 94 41 68 84 77 61 93 86 31 79 89 34 94 29 29 13 63 50 94 0 35 95 85 24 26 13 73 22 4 55 57 70 16 4 43 33 57 26 32 100 
5 45 36 7 42 20 38 72 31 15 90 30 36 13 81 97 16 51 23 66 30 6 42 70 31 72 60 91 19 24 100 37 38 59 55 70 36 33 83 11 80 77 33 38 89 20 9 60 61 73 16 0 23 24 53 16 43 32 21 47 17 94 61 66 89 41 98 100 49 70 61 72 6 13 35 94 10 20 79 62 71 88 67 58 42 85 3 48 4 52 39 55 52 69 57 79 100 7 81 2 53 33 58 40 22 5 31 29 1 14 4 22 46 58 80 76 43 83 54 12 90 17 14 95 47 3 20 67 27 56 92 85 41 31 55 66 53 68 0 63 
95 84 45 73 14 50 21 10 3 77 91 52 64 3 83 97 9 93 6 17 94 20 64 28 0 40 27 92 59 6 97 89 42 52 51 52 12 94 67 87 58 51 71 63 5 6 94 78 43 90 82 45 98 88 83 96 6 70 53 15 73 56 82 54 59 43 21 2 87 94 51 79 48 24 46 12 17 78 55 89 65 45 84 16 59 19 90 48 28 94 26 2 67 38 69 18 59 91 66 61 85 79 86 53 83 90 60 58 1 70 8 52 67 14 26 86 45 97 93 25 26 98 77 39 93 89 97 16 20 1 58 50 100 59 4 26 94 34 30 5 
90 41 30 41 96 77 93 54 67 3 45 92 25 69 44 11 10 75 69 51 6 57 53 8 67 95 19 53 42 33 61 64 58 68 44 86 28 33 2 78 72 52 33 43 60 32 88 80 69 34 50 29 85 26 0 4 66 88 19 62 2 47 30 93 61 30 62 10 97 60 94 30 86 4 85 6 59 24 44 15 33 84 48 25 95 46 92 37 30 64 0 49 63 98 23 19 26 70 16 82 36 89 50 52 10 100 29 36 83 85 57 59 40 19 25 26 26 8 2 97 52 49 18 52 2 17 35 13 39 70 69 33 45 12 7 81 33 77 97 11 
27 78 28 19 5 45 47 38 22 99 86 29 95 34 16 76 81 37 53 11 46 71 14 16 93 25 22 75 66 65 2 18 37 7 54 37 85 32 55 84 58 94 88 52 84 14 93 68 36 65 99 93 22 17 17 7 2 40 6 47 88 63 47 78 59 28 100 56 94 74 100 32 34 59 16 21 52 29 69 87 15 15 91 68 5 75 94 52 52 75 87 13 89 54 36 35 14 22 94 13 90 19 36 71 39 97 42 6 50 11 36 46 20 17 90 45 43 89 53 84 55 44 48 14 94 45 7 39 50 83 15 24 37 39 92 44 35 22 39 32 
60 55 98 67 28 54 52 83 69 36 43 69 29 34 23 85 49 15 14 73 3 23 87 65 35 47 93 24 82 27 56 25 7 100 77 98 95 5 26 83 36 82 38 22 1 74 67 23 79 74 10 1 65 61 45 35 52 60 66 68 81 47 16 24 91 39 91 41 3 6 37 26 33 67 41 51 89 55 56 20 67 68 100 22 83 38 84 25 31 8 29 47 33 58 33 59 92 26 46 2 85 15 58 20 9 15 66 16 27 2 44 28 92 69 88 71 63 69 86 98 57 3 30 9 49 18 24 89 63 15 9 30 73 43 91 30 21 44 51 82 
78 100 8 33 1 19 55 89 43 56 48 29 20 51 49 6 66 38 74 96 83 3 27 91 48 47 98 77 75 45 92 43 54 15 1 60 2 54 4 51 88 92 7 84 50 9 72 79 100 34 62 4 56 97 27 13 55 95 71 28 60 93 70 39 6 70 55 89 5 78 15 45 75 6 57 70 16 13 39 10 26 55 20 95 70 95 4 91 15 17 82 98 92 14 28 65 76 75 66 46 22 11 28 15 60 81 65 98 94 64 11 87 72 70 53 74 93 50 8 50 31 83 33 56 47 18 20 96 9 42 59 23 78 48 64 73 75 89 86 79 
5 22 11 60 100 34 31 69 40 43 87 9 99 97 19 40 84 17 64 38 64 58 69 14 16 81 64 7 52 59 15 8 86 39 91 91 88 23 81 30 1 20 57 67 24 100 57 78 46 8 68 1 33 78 90 94 87 75 84 54 22 19 74 9 79 11 81 71 35 38 85 51 94 73 47 80 31 46 58 85 92 83 17 41 39 45 81 66 2 100 5 48 17 66 62 53 82 63 7 91 17 3 59 98 2 53 86 54 86 3 37 94 76 34 78 0 50 63 86 29 17 67 36 47 94 74 80 26 17 100 50 88 66 37 62 56 11 16 52 3 
70 89 91 29 7 93 89 84 15 84 4 27 64 68 31 75 63 72 88 15 60 80 82 96 29 69 61 87 77 20 22 7 35 2 8 80 40 49 80 33 54 68 24 45 19 28 61 25 76 84 15 23 99 43 89 81 30 5 96 41 100 50 52 4 62 96 17 28 94 21 0 14 79 99 47 35 85 95 4 14 39 91 49 55 75 76 71 80 68 89 11 54 85 49 54 75 10 74 71 39 68 44 62 76 16 77 86 0 3 81 23 74 73 7 82 36 23 1 91 78 10 53 2 24 56 89 94 67 72 82 73 72 10 24 71 38 86 87 6 7 
53 63 91 21 2 39 97 57 37 64 96 23 21 8 6 60 55 39 7 52 50 49 7 65 88 84 45 99 43 31 23 66 24 53 56 64 56 37 28 87 44 17 60 86 72 98 96 53 67 81 93 15 72 82 13 92 19 70 31 97 74 83 98 91 36 33 83 19 98 2 90 35 14 7 66 79 80 66 9 41 25 98 93 75 46 49 7 97 2 92 57 18 43 54 27 8 99 17 29 39 49 22 53 89 22 85 87 43 98 46 81 6 37 39 17 38 53 12 68 74 54 45 92 11 56 44 71 56 86 26 91 24 16 77 98 55 17 52 65 6 
22 97 42 83 46 42 21 31 88 65 87 30 92 11 0 2 91 33 27 18 2 80 81 28 57 56 47 89 84 19 58 42 73 67 50 65 31 28 74 100 87 14 25 57 89 45 68 100 61 65 44 99 54 75 17 77 21 90 96 65 87 58 9 66 12 100 53 100 29 27 92 45 41 19 54 38 24 0 34 58 15 34 91 3 46 3 46 82 49 3 90 42 37 85 79 100 89 19 80 10 34 80 67 95 91 56 97 10 61 30 54 26 67 67 82 55 30 76 94 23 49 16 30 16 24 94 31 14 69 35 40 19 61 64 6 83 32 79 22 100 
19 2 55 52 99 69 98 34 31 10 20 72 70 24 38 85 46 68 86 83 23 81 38 6 36 73 23 23 30 69 15 80 37 53 29 16 69 41 66 81 48 33 20 97 10 43 5 7 65 42 27 82 96 19 35 28 18 28 33 74 12 78 86 80 51 41 40 57 91 30 14 75 22 88 80 46 59 22 57 12 15 97 59 95 75 42 37 37 42 32 38 56 43 12 44 87 14 36 10 20 9 0 76 33 25 83 60 9 35 73 79 57 40 57 87 15 39 17 13 25 26 54 83 26 9 89 98 30 5 24 11 60 21 93 18 15 78 53 35 98 
14 92 94 15 85 28 8 25 74 53 77 47 20 81 32 21 24 24 64 60 15 64 25 21 54 43 98 80 12 32 28 84 21 18 92 65 51 2 94 68 60 42 86 64 28 14 18 28 91 28 87 36 15 69 18 25 29 41 48 96 10 23 71 96 41 65 88 20 52 47 19 71 0 91 75 26 31 85 31 38 9 62 74 77 9 26 20 14 19 37 18 56 2 33 86 88 70 41 93 86 59 78 94 30 60 11 79 100 8 58 40 9 94 31 23 52 65 51 26 81 38 58 26 60 37 97 34 45 97 88 56 53 2 74 17 51 94 2 16 47 
52 98 7 42 6 86 25 77 96 65 3 73 6 67 30 53 93 75 69 41 1 97 75 65 76 18 24 40 13 22 98 34 37 52 55 93 18 13 62 19 14 48 30 26 87 72 7 66 18 65 59 38 35 11 91 28 76 83 55 26 5 43 12 18 72 53 47 71 8 55 45 4 94 44 44 10 66 2 1 0 26 39 35 38 78 9 98 15 15 24 85 79 92 37 24 65 19 86 57 56 80 51 19 98 53 32 3 5 48 23 60 47 70 94 25 63 10 9 43 81 72 97 15 32 75 75 48 66 53 74 30 12 8 11 52 0 76 82 33 49 
94 48 39 18 85 8 83 38 54 31 43 10 37 6 50 48 5 62 26 14 71 70 96 24 28 82 15 54 41 64 17 49 54 84 62 19 23 96 99 40 6 95 17 97 5 61 6 74 14 27 61 69 93 78 13 73 79 10 85 39 54 67 100 34 85 66 27 21 36 2 78 75 22 100 100 37 72 22 83 69 38 92 98 13 6 17 22 3 71 94 40 90 10 96 93 71 83 85 71 4 59 79 10 100 52 36 81 55 1 21 79 71 32 19 3 92 32 47 43 99 45 9 5 43 10 54 16 64 98 43 96 83 4 29 96 91 70 95 71 5 
99 18 56 77 66 71 41 71 4 96 87 75 39 37 7 63 22 47 6 87 14 77 28 53 22 21 46 13 57 12 54 1 91 96 31 100 76 56 88 22 7 37 62 70 11 76 43 36 51 61 74 46 0 22 53 62 100 92 95 42 21 4 43 19 12 65 79 74 83 4 44 52 97 81 72 44 50 5 99 27 9 65 15 81 91 31 39 10 58 76 88 41 99 28 99 7 99 23 34 23 23 55 14 13 83 22 52 72 46 90 1 74 11 48 77 91 63 64 97 65 8 8 85 24 64 0 7 45 46 81 78 36 13 7 90 89 23 88 23 52 
4 91 4 24 66 5 33 3 95 8 20 94 53 5 47 94 7 54 32 85 9 68 2 59 38 43 72 74 52 0 74 79 2 13 72 79 58 67 38 81 99 46 27 57 1 2 56 44 3 13 70 16 100 16 49 50 35 37 90 96 41 62 19 68 31 100 100 8 82 38 95 59 67 35 81 44 71 5 85 90 64 66 7 34 93 95 3 17 85 16 59 94 100 92 91 96 64 64 57 79 65 26 17 38 39 49 44 21 25 77 92 72 99 15 5 2 40 37 95 66 26 59 86 15 47 4 81 29 69 7 87 87 17 54 72 92 48 12 51 36 
18 77 63 82 36 17 50 15 42 40 94 83 1 87 88 12 71 86 19 2 78 72 22 53 33 60 15 85 23 12 52 5 6 13 14 9 96 40 56 6 82 57 25 76 84 97 8 80 96 55 50 64 22 69 46 36 71 4 31 76 9 28 23 69 94 21 89 31 88 15 48 1 63 81 94 65 80 14 57 15 1 74 63 38 46 7 57 16 38 80 21 9 34 71 21 57 42 37 85 4 27 40 10 67 64 18 64 59 53 22 48 53 35 4 100 41 46 16 5 99 60 30 37 96 18 66 87 49 50 70 88 49 30 26 3 38 70 61 85 63 
99 75 97 81 11 43 21 76 38 94 50 21 32 94 23 2 16 11 5 50 41 19 20 3 7 82 62 39 80 53 94 62 36 0 17 34 29 99 8 82 37 6 2 57 80 69 29 78 29 41 4 71 83 53 70 77 74 59 58 48 27 72 44 95 78 68 3 99 29 20 6 50 10 46 32 9 93 35 38 60 59 34 6 36 39 64 96 30 37 50 63 88 80 1 20 5 1 37 45 34 85 16 87 98 88 73 35 16 30 73 86 94 15 40 80 50 100 8 59 52 2 81 74 6 86 87 91 78 26 10 48 84 16 33 74 19 26 44 54 31 
3 62 65 52 53 48 88 96 56 25 59 61 53 57 88 33 35 84 76 58 95 9 15 4 71 93 71 32 11 38 69 85 66 50 25 100 36 81 35 17 79 25 17 46 19 58 47 89 5 3 80 58 15 27 56 55 10 80 55 26 44 90 12 63 85 67 45 23 63 35 37 64 56 46 88 50 22 6 25 24 39 15 43 51 39 10 97 42 77 46 98 95 12 21 10 47 51 84 64 81 89 52 36 62 84 84 41 7 53 50 100 80 10 76 22 85 41 77 79 91 96 72 37 18 4 58 29 66 91 97 79 77 26 1 25 8 79 85 75 40 
13 73 18 16 91 7 86 57 100 40 47 40 60 13 68 96 63 29 15 62 14 55 26 50 81 1 36 83 71 65 65 23 48 17 42 96 77 51 0 25 48 81 3 86 91 36 16 72 41 84 13 5 94 26 89 96 73 66 79 73 40 77 99 32 9 24 33 46 23 7 53 42 36 88 17 76 55 25 63 66 3 69 3 43 48 39 55 93 74 27 49 85 91 92 60 98 50 55 37 31 18 36 49 76 27 97 57 72 77 1 57 32 10 74 51 61 40 24 6 39 26 89 38 16 27 94 44 59 65 13 67 24 43 70 20 92 13 21 85 95 
12 36 57 2 78 70 11 19 88 73 49 0 18 8 76 45 18 88 37 94 81 53 25 65 5 35 5 66 67 76 24 47 54 82 8 58 28 40 12 52 86 24 24 95 61 21 66 66 68 38 98 81 11 12 21 77 65 35 28 88 50 35 31 95 85 52 55 18 6 70 38 80 56 8 75 17 47 57 89 76 87 15 96 91 65 75 3 46 46 62 73 15 54 72 11 38 91 9 90 40 99 64 49 50 1 47 35 64 7 91 42 8 14 87 96 15 33 79 19 76 47 5 0 79 41 13 66 38 98 24 69 18 33 68 99 23 58 100 62 58 
83 36 22 1 73 64 52 17 78 12 68 83 21 16 44 4 59 27 47 32 96 42 28 19 6 15 63 19 26 33 29 92 4 99 28 10 14 75 74 94 4 20 79 43 84 39 82 14 64 15 69 77 20 12 80 66 93 99 11 78 81 64 17 92 62 100 96 9 88 26 97 74 12 93 26 1 96 11 44 0 35 52 8 75 86 17 46 64 84 54 0 45 71 93 7 88 39 76 25 67 59 98 63 76 30 32 42 48 38 69 32 10 57 75 75 91 94 41 80 42 13 54 82 6 68 28 66 60 7 85 56 77 91 71 23 92 3 49 4 42 
93 23 77 6 49 91 30 80 50 88 99 95 57 34 88 14 4 62 5 47 95 69 44 69 33 69 85 21 3 62 77 77 70 89 81 6 54 40 57 97 52 59 68 96 46 19 31 99 60 90 33 38 72 38 50 60 51 37 94 1 19 27 67 20 88 11 62 0 63 27 16 78 45 81 96 77 61 24 6 72 56 57 72 92 57 100 30 89 13 100 30 64 53 24 92 36 35 1 92 60 88 27 75 32 95 59 3 23 88 47 77 89 78 8 77 63 80 92 44 41 7 75 61 96 3 35 22 47 12 71 19 74 38 93 37 50 100 34 89 25 
74 33 77 60 89 22 35 12 13 21 80 68 73 11 71 65 86 56 1 5 0 89 81 51 16 17 71 77 10 29 15 36 46 54 16 13 77 74 98 17 77 21 24 99 16 96 90 47 39 24 48 92 41 90 88 69 75 10 76 31 42 72 48 69 55 16 40 77 46 68 19 37 99 15 9 87 73 72 85 48 30 42 54 75 77 29 46 45 6 61 0 27 79 7 13 37 43 14 53 39 49 4 34 68 51 16 76 82 71 65 92 87 86 19 3 23 73 79 14 28 19 72 92 62 13 12 45 75 24 19 45 80 2 13 55 83 81 81 29 75 
48 80 33 73 71 20 57 91 35 61 54 89 49 58 99 4 79 10 5 71 48 2 99 50 90 50 8 29 52 89 72 69 8 78 50 41 53 82 87 77 52 19 3 27 42 21 13 45 68 27 74 94 93 16 96 70 69 55 33 86 94 96 91 63 71 97 46 26 57 92 55 95 51 76 70 1 30 91 59 69 48 3 77 62 95 19 17 53 92 62 74 28 0 98 98 66 0 84 84 82 90 19 60 93 85 43 86 77 89 13 62 77 28 75 67 22 33 40 45 34 89 58 32 94 47 38 32 81 96 82 51 39 13 61 40 55 32 12 27 45 
87 54 18 58 14 8 28 15 93 32 68 88 4 52 91 64 99 52 68 79 71 10 77 74 24 38 83 14 4 6 84 14 20 79 12 15 75 1 57 88 48 16 42 54 86 59 79 67 72 60 3 38 54 18 20 73 65 77 74 65 63 91 78 66 43 73 55 30 43 24 96 84 50 4 95 79 3 67 16 2 37 26 97 81 100 23 47 55 84 98 21 78 53 4 84 30 59 81 96 71 2 17 77 99 68 7 83 63 26 66 67 91 38 56 3 95 80 5 48 61 53 92 3 15 50 95 86 41 80 25 99 41 78 79 68 76 1 32 48 8 
18 62 67 42 97 73 11 17 53 60 57 90 97 96 40 36 94 62 34 8 1 87 52 62 69 92 63 50 20 60 90 37 39 22 80 68 38 64 34 39 71 94 98 29 46 75 92 62 84 5 64 96 24 16 75 71 28 77 82 66 44 96 48 90 66 28 30 64 15 36 32 27 67 25 32 89 66 24 0 59 30 78 18 33 39 1 79 49 75 36 22 47 64 82 10 0 33 97 34 16 67 14 85 5 43 7 19 37 67 16 89 59 40 85 39 24 37 0 56 5 94 46 6 73 60 21 76 39 28 66 97 88 79 17 12 65 0 24 58 71 
34 95 55 20 20 92 17 85 90 62 61 53 4 55 35 61 52 80 87 71 76 2 76 10 81 29 0 8 28 30 18 65 25 95 28 12 18 69 59 48 22 69 22 41 23 19 87 3 57 44 73 38 54 25 2 69 70 88 90 72 36 3 34 5 100 13 57 53 69 29 62 15 73 39 80 60 20 58 67 55 5 61 95 18 87 1 43 97 48 95 92 5 5 16 20 64 37 27 84 59 88 55 7 16 91 73 80 98 78 71 45 72 14 96 45 8 57 7 97 58 51 24 33 67 1 50 19 2 71 54 99 24 40 21 31 95 69 93 94 9 
47 95 1 62 98 61 49 67 11 45 1 67 81 71 42 27 76 35 55 99 17 80 65 11 39 51 96 95 59 21 90 1 25 25 63 46 65 72 79 28 94 31 21 44 26 5 19 87 33 78 25 21 29 13 74 98 78 36 31 72 77 29 54 82 3 61 86 37 21 17 5 92 87 51 25 54 100 86 0 9 5 63 59 50 49 87 93 47 68 34 38 47 97 44 92 54 5 33 99 27 43 1 67 94 46 77 13 59 96 45 31 37 18 43 92 25 29 29 72 83 71 19 90 13 87 94 36 1 97 18 99 41 26 2 25 19 66 51 83 31 
1 0 82 92 72 57 39 99 44 62 94 75 25 7 6 35 33 86 64 34 13 66 20 15 5 96 11 95 57 80 63 60 32 0 13 54 68 83 45 64 35 37 23 28 38 33 16 79 75 1 12 72 28 59 97 49 21 83 9 7 20 88 24 26 51 20 61 98 36 15 52 50 70 54 11 29 68 62 97 53 60 43 29 52 32 15 73 46 0 30 50 26 96 68 55 22 15 90 47 33 94 30 56 43 9 63 67 10 45 6 57 8 20 33 32 58 28 96 37 56 69 21 41 34 95 29 35 93 66 48 45 79 47 96 1 78 16 13 64 44 
79 30 55 10 0 46 44 55 87 9 57 2 78 36 87 13 16 35 28 57 38 77 50 74 89 74 97 9 17 18 87 16 85 75 27 42 87 96 29 5 97 53 5 65 60 16 55 72 100 86 62 84 20 1 56 56 98 45 63 17 45 66 69 42 61 32 50 37 46 10 38 59 12 18 64 8 61 28 20 84 13 30 78 33 48 95 91 20 61 9 22 50 6 89 97 78 21 95 37 35 24 6 94 96 68 98 13 60 63 62 28 85 87 71 3 77 71 71 62 4 61 81 84 89 78 30 11 50 91 99 15 13 18 32 81 72 71 61 99 81 
37 64 65 69 63 63 33 91 82 45 54 4 71 81 9 19 51 13 73 57 49 7 93 82 15 83 55 64 50 4 36 25 73 3 10 6 8 81 87 78 98 60 95 16 40 39 27 52 61 32 15 90 34 35 23 30 46 45 9 3 7 83 33 40 24 15 75 12 12 46 9 31 32 20 20 64 30 20 95 55 19 33 79 5 60 31 61 100 30 49 60 57 17 31 21 85 13 44 79 89 68 15 34 82 48 43 34 60 61 26 66 96 34 59 80 50 93 58 42 27 70 22 35 17 70 92 55 2 4 96 83 23 49 45 14 88 84 37 85 48 
37 8 13 7 97 65 14 39 100 85 25 92 1 83 51 31 76 50 51 20 70 46 67 24 23 89 94 84 90 48 68 51 62 61 88 15 31 72 82 15 51 22 6 91 27 62 32 92 92 68 47 39 60 56 74 86 65 19 84 79 61 97 17 66 12 7 37 23 5 28 96 76 35 100 12 26 99 61 44 59 35 66 55 68 80 21 14 34 57 15 4 91 48 52 50 81 61 16 14 72 59 97 6 38 27 86 38 96 22 17 70 4 5 37 66 48 85 17 60 99 74 5 81 96 100 68 68 7 80 99 2 30 12 32 15 55 75 36 31 72 
70 60 60 23 13 89 71 79 65 49 5 75 7 76 7 43 87 60 50 94 26 38 41 76 58 85 87 87 61 84 49 8 58 25 59 55 46 2 55 2 68 2 72 88 18 100 59 21 17 69 87 82 68 3 71 32 52 32 83 59 66 99 70 40 70 62 65 35 100 93 12 24 41 38 97 64 63 55 5 34 90 25 42 65 81 75 21 97 90 62 45 74 12 3 52 29 39 11 75 97 74 90 9 50 99 76 59 87 53 36 75 16 78 31 59 79 75 85 67 49 16 71 73 82 30 49 54 7 15 22 33 73 1 76 28 89 50 28 89 96 
23 56 10 22 65 4 50 12 14 67 86 12 26 35 57 62 40 46 7 97 18 40 100 69 6 21 5 70 5 50 2 78 16 37 99 85 92 99 91 95 39 92 81 30 65 33 76 81 19 45 55 32 36 12 82 8 59 14 86 49 87 21 79 33 50 91 15 35 93 92 14 90 64 71 12 28 25 95 58 68 15 71 40 41 54 83 42 56 45 45 9 97 12 6 44 27 13 75 91 66 99 80 17 91 70 34 64 14 72 42 78 11 81 88 10 4 71 76 10 1 89 2 47 57 88 19 97 3 85 30 36 36 81 21 10 63 27 55 95 45 
46 26 53 46 73 52 16 10 57 55 47 23 23 8 34 21 79 56 10 56 47 25 5 1 65 82 51 84 76 59 58 90 22 96 42 71 78 46 55 44 30 34 48 84 25 59 19 84 92 88 88 12 56 77 87 85 69 62 95 31 34 81 83 75 60 35 3 54 20 97 70 93 61 30 57 52 74 12 87 12 60 9 52 82 19 16 3 24 91 60 76 53 44 30 15 81 24 19 6 14 60 90 76 37 80 41 2 72 51 75 43 74 54 96 5 83 64 41 29 92 97 79 25 83 1 3 88 51 64 79 54 26 3 82 100 81 40 18 30 46 
33 45 88 76 78 52 61 33 13 49 95 9 51 80 88 71 88 72 49 64 14 87 43 67 7 31 91 39 69 47 72 18 97 9 3 49 70 51 7 77 58 8 69 11 42 20 55 54 99 40 9 67 83 33 23 97 54 7 41 71 57 11 52 47 67 2 26 59 84 28 35 79 77 14 62 36 45 9 70 12 36 65 60 40 61 62 90 56 51 7 21 17 17 1 28 38 58 68 4 15 43 59 29 69 6 17 32 41 15 71 61 19 28 30 80 18 15 96 43 12 8 11 36 64 63 30 27 85 27 63 45 58 32 13 1 87 72 6 51 78 
10 87 89 27 63 31 89 93 3 85 16 44 51 24 21 66 43 18 65 74 85 29 61 97 17 29 56 45 35 10 83 1 69 34 42 15 14 82 55 59 44 82 96 78 96 8 83 0 73 88 14 57 77 96 1 21 83 81 91 25 56 62 59 83 12 35 33 23 4 93 81 21 49 40 78 24 52 19 98 88 91 97 73 31 23 14 64 72 32 53 86 94 99 83 27 40 40 10 69 19 3 91 6 51 62 96 40 86 22 92 1 90 83 97 56 89 27 41 53 13 97 90 80 80 62 58 12 65 41 5 45 68 24 65 86 35 96 1 78 6 
74 59 27 47 15 44 67 62 35 12 62 89 8 83 38 27 22 95 98 12 98 41 74 56 54 33 99 20 91 65 96 36 2 82 12 10 71 45 10 78 99 25 3 65 63 76 22 32 86 19 50 42 79 37 25 39 10 96 93 100 58 20 62 75 11 21 34 40 100 59 59 92 34 10 67 82 38 95 56 75 42 50 50 21 52 88 86 93 45 69 86 93 54 49 63 91 48 27 4 20 66 16 45 13 1 10 17 5 43 34 92 42 63 29 93 93 19 55 56 24 0 20 18 46 53 88 61 44 69 38 46 2 48 60 22 99 4 46 9 94 
52 75 81 16 24 52 25 1 79 10 100 13 57 59 59 92 46 35 90 61 2 31 30 55 79 56 58 86 31 44 72 94 84 94 95 9 21 11 85 45 45 91 61 67 71 63 11 0 66 21 93 24 87 48 39 1 10 79 86 77 68 58 42 74 34 28 83 30 31 98 42 14 7 40 12 59 8 66 72 100 10 55 8 85 43 0 3 8 16 12 49 64 96 2 24 0 3 29 1 60 85 82 90 8 22 11 14 78 83 87 79 0 35 1 38 23 79 66 20 34 65 33 29 63 65 31 31 97 1 85 96 32 10 15 55 63 62 73 51 45 
94 6 77 17 36 42 28 47 62 64 28 11 64 93 13 3 34 19 18 55 50 39 17 15 60 29 82 13 87 5 44 4 70 83 16 5 53 4 28 46 31 3 49 77 3 64 61 25 65 23 82 92 3 28 59 44 70 34 18 24 26 68 32 13 100 100 2 73 57 81 54 47 18 70 92 34 79 16 85 10 6 58 52 32 30 40 83 61 62 23 93 90 32 94 23 95 99 4 93 56 53 64 8 5 16 34 89 28 88 3 8 8 27 81 23 21 24 59 86 47 13 17 66 31 68 37 28 53 21 82 11 63 14 97 90 36 34 90 17 93 
51 1 75 42 72 62 88 69 82 41 21 89 29 17 24 74 99 91 85 19 86 82 45 53 4 45 75 25 1 64 64 0 82 92 47 63 87 27 61 5 17 42 84 45 92 32 30 30 49 94 64 54 85 51 33 10 0 13 80 99 64 56 55 58 25 52 11 99 53 86 17 56 83 5 53 55 71 4 26 3 86 60 31 93 76 40 97 39 63 47 63 23 74 45 17 80 28 55 13 21 15 28 66 67 88 71 85 33 97 74 47 75 27 68 29 62 19 0 89 69 100 25 54 78 3 71 11 6 63 11 59 82 63 64 43 83 98 22 75 64 
48 25 58 25 30 97 85 57 22 18 76 63 11 18 52 92 2 86 42 32 10 39 39 18 23 71 11 40 80 74 54 62 64 20 63 17 76 93 73 43 10 93 0 54 12 32 49 27 10 78 14 35 14 3 100 54 79 42 63 6 46 6 42 24 24 94 83 83 41 75 8 43 74 51 27 19 62 92 55 40 50 80 62 55 36 69 24 48 46 52 19 32 61 13 52 9 1 62 87 87 38 95 22 23 52 35 28 99 79 0 85 13 70 45 15 72 51 27 40 12 57 20 36 30 9 84 16 28 53 32 46 86 21 81 73 95 58 97 9 52 
67 34 51 70 42 94 79 68 87 18 94 92 90 16 39 78 71 34 75 84 57 91 64 13 73 24 49 94 6 77 10 42 20 8 95 8 5 13 96 85 82 32 70 2 11 49 99 63 96 17 20 92 84 50 78 2 6 39 2 77 93 66 3 65 14 64 21 3 65 16 40 8 36 25 17 8 18 37 4 41 58 37 12 14 21 87 22 33 34 80 80 92 3 17 14 43 38 25 90 8 91 97 94 55 79 41 63 98 75 17 72 95 47 37 99 13 12 68 83 96 11 61 69 33 26 97 14 21 64 63 53 41 55 94 79 14 91 70 74 32 
55 84 35 69 46 21 56 7 23 94 42 12 50 1 46 17 84 54 1 100 1 64 17 36 44 45 97 47 78 2 70 79 45 19 81 90 65 59 94 14 66 26 66 98 82 69 0 95 77 22 13 27 24 57 46 21 7 37 41 9 71 4 12 29 62 8 86 95 7 52 96 23 46 97 56 20 21 48 68 60 57 81 74 76 53 75 58 62 5 62 89 31 52 43 0 12 56 60 81 54 46 73 38 48 19 32 69 71 10 23 70 9 75 23 90 48 18 69 60 25 39 59 52 100 42 72 93 84 0 53 28 8 60 55 34 61 36 27 2 25 
32 52 49 69 43 37 60 9 53 63 95 80 53 21 83 98 26 77 71 32 2 89 10 5 18 4 10 60 5 30 9 60 54 24 62 39 98 58 7 69 42 51 11 50 62 95 56 68 96 94 65 63 79 97 94 64 43 3 37 10 57 17 48 94 97 53 18 31 70 71 34 6 20 54 59 100 62 98 79 7 70 71 31 68 89 35 49 53 51 43 62 52 21 48 13 15 72 91 56 66 100 21 41 53 90 95 25 38 53 48 51 68 53 3 42 43 29 85 83 53 93 54 22 83 75 0 32 46 71 1 85 30 22 86 92 89 42 89 48 63 
38 67 55 16 87 72 78 91 27 56 6 34 79 65 95 84 16 35 81 12 10 94 0 0 12 18 86 91 86 47 40 71 98 73 20 77 86 12 79 50 100 36 83 52 76 70 13 24 52 66 30 54 14 7 87 97 42 92 4 41 91 25 76 30 44 34 68 63 77 3 0 3 34 62 51 20 45 39 1 89 4 95 97 99 65 68 27 37 26 31 29 75 18 35 80 99 13 91 36 87 5 75 19 42 2 61 43 75 94 53 62 26 70 44 11 21 64 32 37 56 38 56 36 97 16 49 9 79 52 52 57 46 69 52 48 67 41 33 41 26 
36 48 18 71 82 3 96 38 14 53 14 24 99 65 2 37 84 58 8 60 22 51 21 3 54 19 21 25 15 63 52 55 62 20 46 68 32 92 83 62 87 21 39 34 96 95 60 28 39 88 9 54 72 66 95 58 21 46 32 5 1 96 81 35 59 33 94 34 70 54 11 24 43 23 78 6 93 23 50 2 8 72 46 55 17 5 27 32 58 80 2 63 25 82 58 48 27 55 69 15 44 7 90 99 65 18 69 9 32 64 25 20 10 22 19 3 21 73 88 28 52 2 54 22 70 5 58 15 37 44 27 91 79 12 42 19 39 35 56 80 
60 22 64 17 59 86 99 21 76 36 91 99 38 63 20 53 5 84 100 3 44 93 18 71 6 2 99 12 17 41 4 39 10 55 8 89 56 91 90 77 79 69 7 25 89 17 56 18 17 94 97 59 65 77 85 86 72 3 81 44 6 73 36 77 52 1 36 17 48 64 30 41 82 42 26 29 24 6 20 45 34 72 10 25 62 56 51 66 63 59 94 8 87 91 35 25 15 3 35 18 43 8 29 39 58 71 3 44 10 9 27 21 10 68 86 9 36 20 35 54 63 69 93 21 60 87 91 92 94 44 44 42 61 3 18 15 95 93 62 49 
20 69 79 57 66 74 91 38 35 45 28 28 2 75 75 14 57 42 100 54 19 4 1 86 38 75 19 59 2 58 39 6 42 27 38 30 4 10 17 96 66 35 63 88 50 90 21 14 96 85 51 28 98 4 4 29 73 17 95 34 36 41 83 66 3 8 50 8 24 0 12 100 61 96 0 58 87 30 73 15 58 47 33 0 41 74 92 91 64 49 92 37 17 97 50 68 68 50 10 44 11 10 45 92 2 93 15 31 29 39 27 0 4 37 87 14 24 11 67 78 46 0 16 62 47 22 15 24 88 90 15 19 91 80 39 21 45 8 74 77 
36 39 28 79 21 56 38 99 90 86 87 7 99 10 32 20 0 47 46 50 59 74 41 29 3 4 78 89 65 81 92 1 62 65 41 93 96 47 22 45 83 10 33 15 15 86 57 28 41 53 95 51 2 76 100 43 47 30 13 27 50 46 51 43 85 37 96 27 70 24 89 47 78 54 0 80 28 65 29 15 58 99 49 1 6 12 90 80 28 83 24 84 32 8 87 73 28 2 54 6 91 3 1 97 24 81 55 85 72 41 65 95 50 39 80 41 87 46 85 85 19 22 90 42 49 51 56 61 13 55 11 22 87 88 64 91 80 99 12 95 
20 1 89 95 70 46 49 2 27 63 65 41 94 11 65 98 4 14 62 64 41 31 17 98 10 70 96 56 26 98 73 44 15 58 44 80 21 86 21 32 25 93 35 42 39 15 57 35 70 3 54 66 39 45 73 38 84 58 86 83 38 27 63 97 35 61 67 44 4 37 22 41 15 34 61 80 48 29 4 90 31 2 18 49 99 5 29 70 13 57 62 83 12 69 68 24 84 77 48 10 1 88 100 93 36 46 91 70 6 27 73 66 16 85 83 79 15 3 52 10 59 33 74 22 85 91 99 75 27 26 5 27 94 24 79 91 83 50 64 34 
12 29 47 86 63 14 55 58 75 46 88 62 24 52 21 100 38 71 88 40 4 64 69 49 23 16 86 48 46 37 48 10 80 93 84 3 82 26 0 13 100 80 70 19 29 74 59 66 81 94 41 35 71 15 90 9 62 7 23 98 74 86 78 54 16 27 64 22 34 77 6 23 63 79 32 3 94 3 31 88 27 71 85 15 54 34 71 79 15 38 77 0 11 71 68 48 17 37 45 91 18 85 51 37 68 37 26 84 39 40 70 0 3 12 44 49 15 66 57 95 61 39 35 66 42 26 8 2 24 70 54 96 71 18 90 52 22 3 29 93 
100 56 46 48 51 94 57 94 89 86 14 65 81 91 41 63 94 58 77 39 84 56 83 26 99 95 97 45 96 19 99 90 5 43 75 25 35 85 20 90 31 53 38 60 95 28 91 54 97 100 12 4 39 85 2 31 58 85 75 46 38 1 21 5 99 84 46 71 63 63 72 85 68 86 83 24 95 90 77 9 41 6 74 11 66 73 83 1 55 57 1 25 87 34 84 51 4 31 57 15 84 91 95 81 56 76 51 39 48 14 73 17 76 30 89 64 65 99 35 37 18 55 3 1 72 85 70 21 57 55 94 92 90 89 12 53 95 96 89 54 
68 42 19 56 100 27 31 29 13 100 74 21 62 92 50 25 60 61 93 36 87 98 76 7 60 9 28 68 56 16 14 31 49 9 12 76 30 17 95 20 8 45 33 32 76 80 82 80 24 49 94 23 15 65 30 70 3 88 16 91 21 36 24 81 4 49 89 88 10 17 61 79 44 49 85 19 65 86 0 20 19 30 21 10 30 93 61 69 45 82 96 21 98 70 96 96 21 70 69 31 15 100 59 60 20 25 0 20 96 27 76 59 85 95 21 75 62 47 84 85 26 1 16 50 27 24 55 68 38 15 100 42 30 10 15 2 80 23 63 38 
43 65 22 65 27 88 27 78 39 43 39 52 38 99 68 99 38 30 94 20 28 44 59 83 82 31 73 85 69 29 1 14 92 48 2 84 60 78 37 31 64 7 33 0 94 63 89 47 97 72 83 27 68 81 87 75 52 45 78 39 99 66 70 81 1 41 52 7 37 10 50 21 0 38 46 47 57 6 78 60 97 20 74 100 62 94 41 58 23 25 54 35 26 15 72 64 96 28 84 84 3 2 12 97 72 14 50 85 23 9 51 96 47 52 77 26 99 30 29 44 91 45 52 83 55 34 89 51 87 3 65 96 25 25 52 79 33 17 21 95 
54 37 48 36 36 20 64 94 95 72 19 32 12 95 23 6 9 17 81 23 26 83 21 70 41 70 82 23 94 46 85 44 99 80 27 65 100 7 39 47 82 81 6 59 58 55 16 64 46 75 73 22 73 48 98 76 85 13 82 92 97 74 46 27 36 56 69 94 26 21 25 65 85 16 95 37 55 46 76 17 57 22 55 93 54 84 97 86 2 23 56 29 2 37 2 54 1 55 19 77 0 33 33 77 0 71 51 62 57 96 18 25 18 68 95 10 23 10 51 81 63 56 56 64 33 98 86 90 35 6 8 7 0 70 30 2 71 19 94 15 
44 77 29 20 20 53 73 35 37 7 26 67 76 81 72 35 72 82 56 15 4 41 48 69 70 88 23 74 10 1 75 42 59 64 89 3 48 90 4 66 27 9 82 61 84 64 11 28 66 83 85 11 92 34 98 91 42 73 24 98 46 10 82 39 67 47 74 63 15 39 55 56 91 34 34 98 12 41 54 80 76 26 91 38 44 42 93 31 37 42 30 75 26 39 11 45 99 81 51 41 70 42 42 49 67 9 14 57 30 97 44 18 37 32 26 95 91 43 32 60 68 17 90 9 74 23 2 46 19 65 81 7 22 23 83 37 65 71 98 84 
100 9 32 66 64 43 82 27 13 50 17 57 99 50 51 80 32 29 54 53 35 35 81 40 39 40 74 9 64 96 96 9 34 25 2 18 80 30 36 46 64 26 1 93 79 15 63 10 77 34 17 89 21 63 39 41 37 12 93 27 68 15 45 78 39 67 45 70 24 90 67 40 66 7 43 93 98 76 58 7 9 54 88 22 92 12 91 72 68 90 70 32 93 93 54 97 89 81 99 41 27 100 41 89 41 91 67 27 95 20 67 42 81 58 15 39 71 48 7 15 30 64 50 97 35 42 7 21 79 61 98 85 56 76 38 5 25 22 21 95 
70 35 44 11 30 74 9 44 41 16 35 79 74 83 78 82 90 19 16 42 49 99 41 57 72 31 80 42 32 27 77 45 33 21 9 58 100 58 61 15 26 19 76 91 83 79 12 50 100 13 65 44 84 60 6 13 65 99 33 93 85 31 46 58 69 68 13 20 63 40 35 4 12 24 72 39 31 65 54 68 37 30 83 19 69 47 85 52 26 86 16 57 29 81 100 69 28 86 92 32 43 26 31 59 55 47 68 99 99 68 69 81 61 80 43 53 57 51 89 80 76 54 77 41 68 95 86 2 45 83 8 98 23 66 92 49 20 27 14 41 
31 92 71 22 62 54 11 24 21 44 68 90 48 14 83 40 33 72 44 89 51 16 9 35 8 98 38 76 39 76 44 54 26 5 98 34 14 54 22 17 44 40 46 56 81 26 66 90 13 95 13 80 3 45 30 49 16 87 24 1 28 49 8 7 30 51 21 89 30 51 84 76 10 40 64 58 97 69 21 3 89 26 56 27 46 47 18 64 46 73 61 94 33 25 6 82 93 99 75 79 89 88 94 55 90 69 85 31 77 21 15 99 46 67 68 12 0 24 19 49 58 37 9 85 84 76 63 26 64 43 78 30 45 34 22 83 25 33 39 45 
77 22 92 11 15 56 20 93 53 46 88 71 10 89 49 63 67 7 51 2 100 55 35 4 94 79 34 6 13 55 92 80 94 10 30 65 99 85 80 60 73 32 66 83 25 42 62 49 5 57 29 84 22 38 29 67 81 69 64 60 58 13 46 42 70 5 20 23 62 42 4 12 9 8 60 68 17 75 68 71 2 48 82 25 59 4 67 11 25 40 14 5 13 50 33 76 52 79 20 83 3 64 92 73 77 17 55 41 57 2 22 86 18 17 100 19 55 56 94 36 10 39 78 79 44 27 11 67 83 100 76 99 42 16 32 64 94 65 7 3 
76 10 32 10 6 43 83 50 4 4 81 41 51 79 66 90 62 99 86 54 66 39 11 99 54 16 74 13 31 45 18 15 7 84 63 24 93 70 96 34 24 4 56 8 69 95 29 51 95 62 21 20 56 46 58 11 43 100 74 99 47 54 82 81 48 14 0 48 50 74 80 19 91 88 38 85 36 42 13 35 34 98 73 64 93 54 19 22 88 85 37 10 74 36 30 43 54 97 14 5 55 84 2 32 91 53 52 25 78 11 40 99 11 80 54 20 6 26 15 78 90 78 77 91 53 5 13 32 54 82 79 87 1 74 52 54 97 63 3 5 
55 57 62 85 39 84 18 57 51 71 70 9 75 33 96 59 63 23 20 67 11 47 36 65 31 41 59 48 13 93 31 20 79 87 95 24 50 39 15 95 96 18 29 58 63 35 90 90 71 15 99 8 94 6 21 61 61 48 43 85 36 52 88 69 41 9 31 13 57 48 15 64 73 37 52 85 22 55 37 95 37 39 67 54 83 48 60 93 79 66 1 47 87 8 23 66 32 19 77 36 53 62 39 76 14 37 27 99 22 79 29 80 73 66 47 49 71 14 41 73 53 89 49 62 75 39 15 88 94 56 92 35 7 49 97 30 39 66 83 65 
26 35 0 15 77 65 94 73 89 31 60 70 54 91 95 28 19 67 69 35 3 90 26 82 41 10 41 95 50 71 1 99 98 8 89 0 0 74 86 1 86 74 7 13 62 12 16 30 84 9 89 9 50 51 19 48 31 91 3 22 21 25 10 91 19 68 75 8 81 97 13 53 26 48 54 52 10 59 38 40 32 68 86 77 82 50 4 82 82 83 84 40 79 50 100 57 72 6 65 47 85 46 43 30 88 8 37 34 30 39 11 69 3 2 81 56 49 56 43 41 26 90 59 41 66 98 50 52 52 5 84 8 39 18 67 54 21 62 13 1 
65 45 33 42 44 37 88 13 79 1 96 36 26 70 36 35 61 81 38 92 27 26 92 60 25 75 57 18 64 79 83 73 15 40 68 43 75 97 77 9 92 31 62 61 39 57 34 3 51 99 27 16 62 0 62 33 55 20 33 64 10 64 6 82 6 20 94 79 97 75 89 62 43 85 6 33 98 34 49 99 92 23 94 62 4 52 99 79 48 51 95 51 100 27 68 98 41 95 77 63 4 57 23 6 23 58 77 51 53 70 68 39 22 37 6 41 81 32 71 91 26 10 14 88 7 55 94 27 21 18 72 42 10 87 63 10 24 42 16 43 
53 78 98 92 89 19 64 16 5 51 84 63 92 76 55 72 32 69 10 36 72 74 8 30 43 9 83 1 36 69 68 43 65 70 82 39 12 81 33 69 19 71 99 40 68 12 26 100 3 42 44 84 57 57 90 14 48 22 64 43 81 79 35 82 16 44 48 28 62 100 57 19 80 79 51 92 98 33 96 69 66 60 5 48 3 60 89 50 100 15 86 63 21 74 16 12 59 34 71 26 39 69 39 34 99 55 64 79 57 48 85 87 8 51 64 53 22 33 84 95 15 85 44 45 73 10 86 29 63 92 81 73 97 41 53 98 62 41 47 62 
56 26 5 66 83 56 58 29 7 13 38 27 44 50 69 52 96 33 55 23 3 100 54 0 57 86 0 40 50 7 43 89 28 42 53 42 52 18 29 40 21 77 66 78 60 33 1 41 1 87 57 81 29 27 30 74 74 76 100 34 74 94 42 15 23 22 34 0 23 11 39 38 19 69 84 100 8 90 36 44 83 54 5 0 96 97 91 15 96 0 32 1 53 43 76 66 82 42 81 5 60 69 71 46 41 85 81 42 89 98 16 67 74 36 75 93 9 79 66 91 27 35 61 31 50 19 37 41 72 87 39 12 82 56 8 78 38 19 12 59 
8 90 28 99 52 55 54 24 48 88 21 15 97 75 3 33 37 12 74 32 89 0 25 15 11 99 63 28 80 5 76 66 57 28 11 67 35 6 6 89 77 39 80 10 17 4 81 38 50 63 83 66 0 57 68 8 38 79 82 15 54 88 43 68 75 82 80 13 8 63 6 15 82 33 82 79 99 78 48 78 31 90 58 69 95 11 62 22 30 65 89 94 6 44 6 98 85 23 10 77 60 20 36 74 72 24 30 19 91 41 29 73 70 35 31 79 47 68 44 100 78 11 98 29 62 17 69 68 66 81 59 90 45 10 58 8 82 57 28 87 
51 99 37 40 13 69 13 34 85 14 42 96 35 17 36 57 55 28 55 2 46 88 98 9 24 18 74 39 68 80 100 10 28 67 57 72 75 98 95 20 96 13 20 45 69 62 3 73 10 95 47 26 8 66 58 82 8 90 9 19 69 42 54 44 33 45 90 0 56 75 98 15 18 11 54 72 61 93 38 6 37 66 64 35 45 90 26 59 50 87 2 86 87 86 54 49 51 55 10 12 48 81 89 77 13 56 45 70 5 3 82 96 82 94 81 83 31 73 0 85 22 80 93 34 59 91 26 41 99 20 84 65 3 98 25 10 1 27 85 40 
80 29 76 18 25 99 56 21 20 98 74 97 71 45 82 21 99 98 7 44 55 30 48 58 52 35 12 0 40 26 85 85 42 47 75 15 74 57 79 20 56 77 84 2 23 85 87 7 51 6 52 72 67 49 80 100 10 22 13 4 91 81 29 50 27 72 52 13 100 39 90 37 42 69 1 99 24 7 60 1 59 77 17 20 94 68 71 67 64 17 97 99 31 99 91 22 85 7 25 67 37 59 1 90 25 25 96 48 69 11 99 58 70 52 15 22 54 20 1 10 5 50 51 56 28 61 72 97 52 92 54 73 16 54 39 33 11 72 95 90 
7 17 22 3 30 42 92 76 78 31 65 9 17 50 23 74 48 1 95 28 19 55 94 50 41 65 64 57 32 79 79 28 44 14 100 80 76 15 60 5 69 80 54 98 92 63 98 84 9 88 85 87 81 73 26 61 67 93 92 58 4 64 18 85 96 15 4 76 7 84 33 96 69 75 56 42 79 92 11 15 49 67 59 6 55 62 10 69 97 100 67 7 20 72 92 51 26 14 11 25 2 52 32 69 11 97 71 79 88 29 63 56 58 62 46 88 9 2 13 5 1 18 51 17 20 91 39 6 15 54 63 86 4 0 75 16 22 97 46 87 
93 54 65 2 78 88 20 84 39 28 15 50 58 42 56 22 99 79 74 91 21 73 71 24 13 58 64 47 83 32 24 66 89 29 100 28 43 74 65 74 63 92 39 42 1 51 54 57 78 22 30 62 1 58 59 58 47 53 98 46 3 47 90 8 22 59 98 48 11 35 88 73 26 31 63 44 46 65 3 33 68 53 84 64 29 37 59 86 19 63 43 74 47 5 35 29 48 66 75 41 43 27 59 19 30 30 81 42 78 36 23 93 1 25 74 6 7 33 54 50 86 83 7 46 19 81 90 85 47 23 99 88 60 16 3 91 95 41 46 53 
97 76 83 60 5 82 48 90 54 41 46 94 22 23 78 47 4 83 85 49 44 57 67 90 73 62 3 47 21 86 81 39 65 15 38 31 47 70 38 50 95 46 75 47 15 14 42 57 15 62 9 57 79 47 70 61 49 60 40 29 84 58 60 98 57 1 3 70 12 44 25 73 75 82 0 18 99 90 30 79 15 19 92 59 40 56 31 18 55 80 85 86 35 21 33 74 61 85 40 100 25 15 43 65 11 16 67 45 66 66 44 10 6 16 30 27 68 51 53 9 17 99 76 21 52 41 47 13 55 54 44 33 17 14 57 73 76 47 94 64 
4 33 51 2 54 54 25 37 61 48 97 47 63 38 2 73 75 90 13 64 41 79 62 12 4 99 18 43 73 38 31 23 38 15 70 52 33 15 38 99 38 77 64 95 46 77 30 27 55 65 79 88 3 71 12 36 6 96 31 58 50 96 56 76 77 48 12 96 79 82 29 4 24 38 26 25 27 14 11 76 71 93 46 81 66 86 94 81 37 18 10 71 94 10 9 47 92 86 87 0 71 14 48 18 22 4 73 73 93 24 42 26 71 2 15 1 59 58 87 61 48 46 55 3 61 62 29 49 67 34 28 89 69 65 71 23 100 63 46 57 
14 25 67 19 13 79 27 20 12 42 84 61 86 73 69 52 73 9 99 96 100 87 15 67 20 50 1 18 68 6 17 23 62 6 25 61 91 39 63 64 88 61 48 75 28 94 17 92 85 41 79 33 46 41 11 47 97 7 94 60 85 76 51 4 9 41 41 84 40 58 98 16 80 75 33 100 22 77 39 39 89 5 26 48 50 96 37 45 17 55 56 70 62 7 79 71 20 86 99 97 22 40 2 11 55 21 75 10 63 6 33 29 14 45 99 32 59 69 39 83 27 52 25 32 29 75 57 12 80 26 12 67 72 59 23 93 98 90 99 98 
80 28 50 69 84 4 60 19 80 42 43 40 79 98 4 7 4 90 60 58 32 68 92 49 95 83 88 8 27 62 97 91 9 73 83 78 32 26 85 17 35 31 20 81 83 61 70 71 42 12 29 2 63 72 44 81 55 15 10 95 71 49 35 72 35 70 68 89 31 36 12 69 44 59 32 93 30 22 37 72 74 76 39 2 40 87 54 28 74 74 38 59 79 48 73 89 98 7 92 95 58 24 3 38 28 14 41 11 31 95 60 3 2 71 4 45 94 13 51 0 79 62 53 40 100 12 15 4 39 19 2 92 41 30 54 69 4 46 95 1 
18 73 98 53 27 74 97 37 76 99 89 67 24 81 57 18 78 70 59 36 49 82 71 72 46 55 92 8 9 16 41 29 23 46 94 58 14 28 21 17 3 59 8 30 23 86 21 34 44 14 41 34 24 87 25 62 82 80 31 15 3 34 22 58 70 19 22 71 32 22 56 13 84 63 84 48 79 51 76 36 55 59 14 79 28 70 78 1 55 88 34 27 36 63 36 72 46 93 14 34 42 29 57 85 87 78 36 67 14 85 37 49 23 10 62 18 69 19 100 92 68 1 9 2 66 17 44 92 55 91 17 38 73 70 40 11 48 31 53 35 
1 33 57 88 1 13 97 64 66 56 25 55 24 64 4 72 18 26 12 96 87 100 45 54 71 41 79 73 19 49 56 54 61 33 87 55 15 62 82 12 19 51 4 6 14 37 49 12 95 58 100 75 76 5 0 37 53 22 89 39 28 79 79 42 88 32 52 12 88 3 45 11 20 58 2 26 94 60 75 65 40 38 62 64 48 5 25 79 93 4 15 59 18 64 50 24 27 88 46 67 67 93 79 91 53 17 24 89 75 41 24 48 97 31 25 39 38 23 56 99 85 3 30 43 53 81 66 21 41 70 31 57 11 75 99 24 39 80 70 25 
47 67 80 97 31 48 84 86 99 93 57 90 36 78 28 6 34 49 100 52 1 94 7 24 62 88 68 19 84 99 48 8 59 17 47 84 17 50 68 90 2 81 61 29 22 60 56 93 94 38 72 7 70 46 80 52 15 91 37 50 14 72 4 33 31 39 27 6 35 54 49 61 43 58 85 52 44 78 79 90 37 83 69 99 54 53 97 6 87 9 5 64 98 81 6 94 28 90 55 17 33 83 89 19 48 49 4 28 36 32 73 8 99 8 12 99 15 91 67 55 41 47 95 39 67 8 28 8 77 32 92 54 1 56 23 7 85 51 40 50 
63 87 60 12 94 50 77 73 55 42 53 40 82 94 36 54 23 26 100 58 62 99 81 34 78 61 55 53 35 18 96 83 14 15 33 63 26 93 82 12 100 5 86 21 57 98 25 48 69 70 25 30 62 31 50 77 67 89 69 100 53 12 90 8 37 55 63 88 15 8 75 58 72 54 82 4 14 38 14 54 67 22 30 84 75 2 18 34 39 10 96 73 52 94 76 71 14 22 74 59 69 55 1 11 18 73 51 91 9 43 87 99 73 100 76 78 82 22 31 13 0 73 69 24 0 14 58 100 71 21 54 100 45 22 15 99 22 45 11 45 
17 39 48 14 86 57 28 48 79 27 30 51 37 41 5 31 12 85 46 75 69 70 86 55 88 45 30 21 82 11 90 33 8 24 64 27 32 77 58 12 89 85 49 31 53 85 48 26 59 52 8 80 56 56 64 100 42 26 84 61 20 57 57 87 77 27 88 25 84 59 47 86 53 2 94 24 17 10 6 89 80 32 43 78 52 86 55 5 44 63 44 17 68 23 72 43 39 67 36 36 80 46 51 66 53 16 22 81 33 71 56 97 5 81 75 89 39 54 36 85 13 87 43 55 26 58 34 47 86 33 20 52 14 39 44 30 21 45 96 11 
30 3 18 55 36 99 84 96 59 22 14 63 27 12 30 73 30 72 18 55 54 6 17 16 64 20 46 42 31 75 93 6 28 75 95 48 18 39 75 42 32 98 49 34 61 94 1 77 97 7 55 61 41 96 41 87 44 75 65 1 21 7 98 60 2 44 11 86 96 11 59 15 87 97 75 87 96 4 50 1 18 84 6 26 28 85 87 67 23 89 84 89 74 62 40 96 8 11 72 69 35 27 95 20 100 29 65 20 58 25 4 93 57 12 89 40 4 56 41 16 20 39 95 6 51 64 13 53 78 42 17 70 92 58 55 93 83 85 84 29 
74 95 55 69 39 5 72 53 57 31 87 99 6 17 26 19 6 55 21 64 29 12 64 95 17 13 55 87 90 2 97 44 98 89 7 64 85 22 92 8 77 15 2 56 76 23 67 0 40 58 37 46 78 88 17 50 13 54 39 62 96 92 69 87 69 20 17 84 73 31 59 73 16 52 38 58 20 5 71 22 1 51 36 33 62 56 70 61 76 86 22 92 52 91 48 52 85 40 96 15 43 16 68 44 77 58 6 92 89 91 27 24 78 35 8 100 57 31 60 48 96 64 68 83 31 48 60 77 68 42 41 20 34 17 44 96 0 65 61 82 
17 93 90 71 96 58 68 18 55 62 92 63 37 58 71 36 91 39 1 4 90 20 2 77 58 32 52 66 12 56 53 40 53 38 25 88 91 76 82 21 54 64 20 41 28 91 57 54 52 43 35 81 70 89 51 12 38 4 57 4 100 82 72 84 2 96 12 35 99 63 0 31 34 67 16 66 85 48 59 32 42 74 21 22 55 55 81 53 6 51 35 84 79 29 18 24 72 69 94 35 35 7 44 29 76 94 37 95 78 34 60 7 12 67 18 97 71 100 70 13 23 77 24 59 56 91 31 19 57 34 67 45 78 95 79 7 92 20 48 27 
62 32 72 23 56 47 75 98 30 56 96 38 7 13 36 63 93 96 50 87 15 100 53 18 32 93 87 53 78 41 59 57 62 83 100 33 65 74 85 18 18 100 1 37 32 22 41 58 60 42 3 75 99 61 2 75 52 57 86 23 53 37 87 80 66 30 77 55 12 90 95 86 76 16 7 7 8 4 97 75 7 44 60 46 2 42 32 97 58 42 52 35 50 43 14 23 92 80 48 100 70 76 10 47 57 12 5 27 95 44 80 15 26 34 60 0 1 55 55 43 19 92 99 38 62 93 0 8 56 83 3 21 0 82 69 9 61 88 86 18 
72 24 40 88 86 41 23 67 52 59 66 65 47 84 23 98 64 41 34 83 74 53 55 71 18 92 1 23 18 23 100 30 97 28 80 68 7 43 83 87 66 35 78 56 76 85 74 40 58 24 77 10 24 84 17 10 23 45 74 11 2 69 16 5 57 84 50 59 3 67 25 94 49 56 38 9 68 92 52 87 74 35 40 43 32 56 10 42 13 72 15 57 77 89 67 45 38 81 49 60 7 13 44 78 88 46 83 32 45 17 86 32 97 66 53 24 80 42 4 44 24 11 22 59 70 23 69 0 54 43 35 97 52 44 0 65 75 22 40 5 
43 1 16 48 95 83 52 68 59 39 36 95 20 76 92 52 24 28 20 3 72 37 55 22 47 47 85 34 78 41 65 87 72 48 20 62 12 81 18 70 80 36 91 1 91 87 27 97 15 90 93 59 46 58 17 1 36 41 14 93 42 7 71 54 51 70 2 46 100 52 3 84 54 68 85 98 17 21 82 88 89 51 57 78 39 38 33 52 38 42 95 56 92 6 44 84 10 92 99 75 39 51 31 36 13 54 18 73 14 80 24 95 34 84 57 63 96 97 19 30 88 74 98 99 97 64 41 81 6 7 32 12 3 54 88 46 30 35 20 15 
25 78 91 20 22 19 25 86 14 76 5 76 97 95 40 91 90 8 88 96 71 81 47 46 54 12 47 52 74 42 85 83 49 34 82 42 78 83 65 4 10 48 37 22 34 35 60 57 19 91 42 20 34 31 58 16 94 9 65 95 38 55 87 65 29 48 42 29 33 46 57 69 39 27 94 9 13 8 39 66 95 0 84 75 27 32 0 38 6 99 51 81 12 24 11 67 56 85 47 87 50 71 48 13 25 71 82 58 60 10 90 32 73 11 21 33 48 47 28 77 83 90 65 62 90 24 75 57 72 30 29 28 40 43 88 38 11 40 32 8 
53 61 89 84 91 29 86 42 18 81 93 88 70 53 39 55 44 67 34 36 36 3 23 38 68 75 59 54 2 95 67 6 71 42 90 98 39 82 21 33 45 91 8 94 20 21 100 57 47 18 100 67 23 73 67 79 14 91 0 18 49 11 64 10 83 56 40 34 4 27 58 75 65 44 89 61 12 11 8 40 41 90 83 27 33 33 93 75 96 68 57 64 75 98 88 12 70 26 27 8 16 80 70 39 20 7 64 36 6 92 3 13 33 17 96 96 87 89 40 68 30 51 39 49 36 14 87 97 32 64 20 26 99 32 50 61 77 56 98 20 
21 66 49 45 79 24 33 83 6 19 91 71 81 39 28 57 46 91 65 78 90 47 13 11 70 27 44 100 80 48 18 67 58 21 98 83 58 90 92 17 91 22 6 49 67 20 12 19 62 52 39 3 87 11 18 63 63 68 72 42 52 73 10 49 71 5 41 21 29 91 4 76 52 15 57 49 97 3 7 59 33 16 8 81 66 22 35 43 8 3 82 68 44 51 28 54 68 40 68 53 86 34 62 20 58 84 14 44 0 27 46 78 39 95 94 69 90 57 74 68 54 55 97 60 94 79 25 84 13 81 74 99 60 52 65 71 67 95 19 23 
72 1 0 60 67 54 75 44 37 48 17 29 93 9 59 18 89 82 35 46 57 45 43 68 50 42 2 19 3 20 83 27 32 79 68 9 52 93 83 76 74 71 82 21 35 25 47 99 10 50 5 0 29 75 21 18 84 56 71 64 41 84 10 32 94 63 1 5 86 46 99 21 24 90 37 58 20 28 71 75 78 70 47 58 85 10 83 44 62 48 82 21 29 91 84 88 70 95 31 37 48 41 71 13 21 4 14 44 55 42 54 77 31 22 78 39 14 69 60 37 74 14 56 39 86 76 92 96 49 50 58 9 88 85 33 99 9 75 13 31 
74 49 7 93 50 43 26 83 50 100 76 71 77 85 63 48 88 84 36 14 99 71 100 24 62 90 11 93 93 81 33 34 76 16 84 78 3 96 41 1 78 3 39 76 9 60 4 4 78 56 44 15 9 66 21 10 81 64 77 70 18 37 72 30 45 94 0 93 18 79 4 0 27 40 66 5 74 72 93 60 88 50 17 21 13 66 72 4 76 96 90 94 60 17 62 34 48 32 71 31 45 99 60 10 91 93 5 11 28 80 90 61 14 37 61 65 46 100 1 1 66 19 86 66 87 15 21 95 12 41 57 27 49 48 95 99 80 57 53 21 
58 55 27 43 71 87 46 3 20 60 83 83 55 96 12 49 2 8 75 63 75 4 90 59 2 73 51 58 39 71 74 17 31 50 99 81 3 91 93 36 17 15 89 25 45 67 42 47 64 25 49 70 31 61 92 99 80 54 73 79 95 42 85 13 16 42 16 50 80 0 77 40 10 48 64 55 24 99 70 15 74 28 72 85 67 91 70 64 12 5 32 20 44 25 74 64 10 17 48 24 100 8 27 57 45 43 85 65 64 67 78 86 52 88 74 35 65 49 46 55 93 68 99 87 37 96 12 67 78 74 46 15 15 83 10 87 46 91 78 8 
97 71 63 76 15 24 88 76 30 12 21 78 59 96 12 51 67 79 74 58 81 62 96 46 60 39 79 8 68 77 88 11 93 88 24 82 35 31 49 98 44 90 45 34 83 39 57 21 37 90 74 23 81 84 39 60 97 40 96 99 29 46 47 50 38 93 34 95 86 17 34 40 71 92 34 99 22 65 18 64 30 27 6 29 37 30 78 50 51 43 6 56 24 43 95 6 1 73 43 54 72 77 54 9 63 61 80 62 15 50 66 8 4 27 43 25 99 47 65 8 65 12 47 15 43 59 46 56 7 22 13 16 65 25 29 30 82 86 8 18 
54 47 98 61 35 79 37 84 35 58 37 60 54 16 39 92 11 22 50 4 37 23 7 49 93 8 53 98 17 2 55 18 85 66 98 54 76 81 49 74 62 100 76 6 6 74 66 40 22 54 92 5 52 19 46 29 94 32 12 84 66 59 83 42 87 34 24 68 60 42 21 9 80 55 48 68 80 92 68 57 62 2 84 25 16 31 27 49 14 70 24 45 16 89 51 0 42 75 19 74 0 90 27 91 22 6 70 22 73 89 53 59 60 13 97 42 2 17 7 25 97 27 57 7 51 68 60 4 1 16 9 17 20 78 3 60 30 16 99 35 
41 98 66 80 52 47 74 12 46 57 97 10 83 2 94 56 59 2 72 73 52 2 60 74 46 18 88 25 15 54 88 92 27 74 22 33 15 91 77 95 91 67 90 8 21 31 91 57 15 36 64 16 58 100 22 86 96 43 0 65 36 49 18 52 38 66 42 38 26 43 89 7 90 63 17 77 35 16 1 19 51 91 70 1 73 80 49 85 14 0 75 21 36 12 38 70 35 7 8 18 32 38 23 82 51 67 15 37 84 34 50 33 7 82 47 90 11 69 10 23 7 26 53 56 20 49 11 88 95 80 57 30 62 75 57 22 32 87 51 47 
83 54 69 37 34 57 34 12 94 59 82 15 25 59 75 95 35 11 71 67 54 97 43 25 98 39 67 97 84 59 82 44 98 2 60 64 53 29 6 99 98 61 95 68 67 37 72 34 23 19 16 48 30 83 44 15 71 71 15 60 89 30 77 31 62 91 98 26 55 85 92 9 93 79 60 40 53 4 46 36 80 23 2 84 57 83 94 89 44 38 100 84 47 57 69 85 49 8 29 4 62 20 48 23 60 33 87 15 10 7 45 71 34 59 58 1 26 10 47 18 24 49 88 40 29 99 42 74 66 60 41 51 53 91 71 10 66 4 42 45 
15 22 98 43 11 31 5 57 30 92 77 68 41 85 19 33 97 80 9 4 66 49 37 53 7 81 60 32 51 84 50 9 28 93 31 15 85 82 46 92 30 4 28 76 54 61 74 23 58 78 50 80 10 44 50 3 15 57 49 79 72 36 68 48 61 15 3 60 83 31 56 57 51 48 81 79 62 14 46 97 42 14 73 82 98 42 77 90 83 56 77 13 29 41 68 28 72 39 0 70 79 42 56 79 34 83 40 70 46 79 58 0 98 18 39 51 45 1 24 30 73 21 78 34 43 29 66 86 52 57 59 6 98 74 39 36 16 18 56 73 
20 67 99 13 51 78 67 50 60 66 59 76 68 80 8 70 57 43 31 58 75 75 87 18 33 80 90 19 37 45 18 44 83 20 56 56 62 69 62 60 10 88 98 44 66 51 37 80 48 18 20 91 58 94 62 65 58 10 99 90 24 93 58 90 82 56 62 15 43 47 38 41 49 10 11 54 31 88 83 60 35 62 58 88 5 23 99 62 7 62 61 74 30 11 28 13 98 23 49 82 67 6 76 52 54 48 33 79 64 78 64 29 26 81 66 73 58 54 88 7 78 70 57 87 52 46 55 18 99 74 93 42 69 12 87 73 47 49 3 63 
29 60 60 48 82 92 64 47 98 34 82 27 27 43 23 39 25 61 36 57 64 92 16 78 99 35 42 89 39 93 26 47 54 68 89 72 4 52 77 84 43 96 18 18 53 98 88 31 43 90 26 21 13 84 52 95 46 67 5 14 99 48 19 68 35 56 47 85 13 27 69 49 89 61 91 77 69 79 88 96 80 39 93 69 10 62 87 5 26 76 47 53 85 0 99 68 57 97 82 18 86 79 78 19 65 35 58 88 20 47 36 24 46 23 55 87 99 73 19 89 3 78 38 3 66 77 85 80 43 2 24 13 20 35 0 49 15 88 15 21 
59 10 35 45 35 24 98 57 65 43 60 66 48 85 26 76 23 52 72 31 47 99 36 66 60 69 76 63 100 81 67 38 11 80 54 57 55 94 98 36 41 98 98 41 78 71 30 36 40 12 32 88 83 49 72 87 95 60 51 12 55 74 57 35 41 65 57 78 67 12 40 9 9 19 82 93 31 24 49 66 47 94 2 23 85 70 53 32 84 13 43 17 97 91 92 4 54 89 88 17 12 61 86 70 4 53 0 7 50 71 74 56 40 66 83 81 33 90 42 12 44 99 42 61 74 17 46 9 41 41 0 5 61 75 61 18 70 3 6 87 
86 31 44 36 7 83 0 89 98 68 94 91 94 35 71 83 76 77 19 5 61 47 59 53 22 26 76 73 13 85 59 41 60 61 79 42 58 19 82 39 47 35 13 62 48 86 61 72 67 48 24 38 1 21 77 16 98 41 64 75 0 43 99 99 76 58 91 58 50 86 87 69 12 3 65 66 90 16 25 68 4 47 60 61 24 29 9 86 8 91 69 5 35 65 50 62 39 18 94 89 95 89 97 22 14 2 79 46 95 94 47 91 8 41 7 4 95 98 41 37 30 9 30 23 77 48 81 56 51 86 2 65 9 38 30 32 46 84 23 45 
13 85 1 23 81 55 57 32 71 85 36 95 10 52 59 98 38 63 100 4 35 100 94 80 3 3 18 79 83 19 61 50 12 96 33 30 23 56 38 11 86 28 77 41 7 23 87 50 6 48 97 66 64 93 45 90 58 0 63 11 53 41 41 77 68 29 71 74 22 27 52 1 82 60 2 40 39 66 27 20 21 27 8 83 76 6 62 54 33 73 38 54 63 65 72 45 81 36 51 70 6 74 35 57 56 10 78 39 22 85 85 5 10 66 99 98 66 99 4 19 94 39 78 1 26 51 6 67 98 21 57 61 21 18 48 40 53 60 14 41 
30 7 38 95 64 63 53 62 82 69 50 25 81 15 78 15 84 50 40 100 41 86 89 75 5 51 93 99 33 49 52 72 98 20 81 2 59 65 2 68 81 81 55 87 9 24 86 59 19 73 97 43 66 73 24 85 42 15 86 75 63 58 6 24 82 41 35 4 46 38 84 49 48 89 23 64 79 49 47 5 7 30 41 68 13 98 91 91 15 80 100 56 51 21 58 98 50 64 95 38 64 50 38 32 22 27 57 8 18 99 62 84 44 34 76 19 61 63 42 84 58 64 89 42 51 94 8 63 12 19 74 75 53 2 94 20 8 83 33 24 
45 9 64 23 67 0 20 71 62 54 23 43 26 30 13 76 95 28 89 14 53 55 73 97 58 61 92 22 33 17 22 48 43 58 92 0 97 93 79 18 30 77 59 32 30 2 40 54 43 42 99 75 25 12 75 32 80 63 81 65 85 68 90 29 65 83 96 13 34 89 2 30 26 27 66 81 51 86 51 95 38 39 10 78 38 55 82 46 77 11 14 82 88 98 83 85 0 20 50 18 10 75 78 46 6 59 20 59 47 74 97 37 99 12 11 38 11 36 72 7 55 74 53 25 58 1 62 59 82 99 90 42 25 67 12 58 37 41 66 42 
2 63 16 98 90 44 38 50 49 85 43 86 79 47 84 63 80 68 4 62 13 90 87 11 74 99 13 50 78 29 94 55 94 80 38 99 65 26 63 99 79 2 82 9 25 88 33 51 46 94 61 47 13 38 55 24 10 59 96 26 43 78 81 93 26 44 68 60 60 1 89 16 92 49 26 79 73 61 97 58 84 37 70 22 58 61 62 78 93 86 54 92 83 65 13 52 42 95 19 37 69 56 67 35 82 70 84 31 49 63 43 68 97 27 69 77 71 60 30 35 46 87 52 49 10 89 1 43 86 76 1 7 45 1 2 83 1 35 66 33 
40 3 53 13 92 79 97 43 91 7 65 6 64 44 46 40 70 41 41 89 97 75 3 85 100 34 83 2 54 65 7 33 45 29 91 43 36 82 75 84 32 67 74 49 9 22 75 88 86 53 63 32 33 66 78 37 84 93 27 25 38 32 84 22 28 66 20 69 2 66 62 79 23 31 84 8 47 51 1 66 96 65 55 80 44 93 44 55 31 17 74 88 2 73 10 60 65 68 86 31 66 39 56 81 17 27 47 27 57 55 71 82 97 85 25 62 20 60 58 5 35 43 56 18 60 21 72 94 57 69 48 8 54 71 71 12 85 1 9 21 
82 47 92 76 99 59 24 46 59 54 11 94 97 16 83 96 28 19 69 9 28 16 54 46 59 25 41 25 67 4 19 47 55 43 15 88 48 33 61 39 15 6 86 90 5 93 46 50 1 9 31 74 93 60 52 90 11 81 96 59 16 45 36 44 50 91 59 95 85 82 40 92 81 64 23 33 15 26 12 53 60 53 81 15 7 52 32 83 80 19 80 54 86 17 8 70 32 1 98 70 15 27 20 77 87 96 73 45 15 14 77 90 35 93 90 96 87 21 34 85 58 70 88 75 80 30 69 96 65 42 38 64 57 48 68 29 11 60 40 53 
67 54 15 34 66 28 22 47 97 33 97 62 42 93 79 14 76 14 47 40 86 58 82 94 88 98 72 66 52 44 50 43 92 35 20 4 54 40 13 89 49 90 97 69 44 67 26 97 35 88 71 82 91 52 13 0 6 94 11 90 4 60 53 33 94 43 82 91 34 86 89 63 20 53 98 60 75 98 92 88 67 34 80 50 20 15 78 100 98 58 83 1 37 6 4 82 66 60 76 90 92 89 86 50 100 95 88 9 92 44 23 52 77 53 15 38 97 58 93 28 25 1 46 98 91 76 5 10 98 41 39 41 22 75 45 18 48 64 17 25 
79 59 62 53 70 45 13 85 13 42 47 3 44 21 100 62 62 54 84 70 55 25 13 1 37 26 94 47 59 24 45 88 100 37 42 9 46 1 79 37 95 70 63 97 66 16 62 44 8 1 94 87 70 27 28 94 91 97 97 93 29 76 96 98 73 95 95 23 39 37 6 32 93 78 7 15 92 69 26 46 18 3 20 26 10 21 59 41 15 46 87 31 97 87 80 1 69 16 77 78 44 31 16 37 98 37 36 25 37 43 25 40 14 41 10 49 32 38 39 64 68 66 66 49 27 35 56 64 56 95 20 56 95 22 100 3 0 97 51 93 
98 43 39 85 10 92 81 24 46 42 29 30 81 5 46 58 82 90 37 83 13 60 41 2 83 78 94 73 77 18 88 58 80 73 10 5 77 57 93 86 34 64 23 15 91 87 68 62 74 19 28 35 76 39 0 48 77 54 59 32 32 43 39 58 56 54 20 69 84 64 24 24 24 6 82 90 16 25 20 96 80 22 63 20 59 30 95 41 28 54 49 82 45 69 95 79 46 64 5 31 39 27 22 66 32 61 64 100 28 99 50 69 52 30 97 44 39 93 25 19 93 7 30 17 51 80 98 4 78 9 34 3 52 78 40 41 97 10 35 7 
50 6 95 58 16 47 8 76 74 96 23 34 79 90 68 3 14 5 98 73 47 1 40 24 99 99 3 31 42 4 20 73 86 81 64 65 22 27 59 2 20 58 3 51 89 28 50 87 35 93 51 33 52 34 43 33 28 30 94 88 0 21 27 74 68 0 6 39 41 44 91 83 22 14 45 76 71 26 38 83 85 91 28 76 65 61 19 67 17 41 9 65 1 38 88 11 89 74 40 24 4 78 97 40 98 52 66 1 97 72 53 3 45 22 95 25 67 40 2 78 20 33 22 76 79 69 96 69 64 47 78 35 34 35 74 60 69 5 33 71 
