160
160
20 30 88 90 99 80 84 53 31 8 71 49 95 20 5 16 66 4 36 43 81 2 71 50 69 36 22 16 74 17 70 88 88 63 3 63 45 31 64 61 58 4 45 65 100 26 57 30 92 60 4 94 52 37 32 95 69 81 8 50 4 20 62 18 28 37 87 14 4 88 99 20 5 3 47 83 0 31 89 16 7 15 16 6 44 39 90 28 0 42 62 12 3 48 19 27 98 65 2 12 14 24 16 39 47 17 94 100 41 3 33 59 26 1 69 15 29 36 50 21 72 37 41 61 91 34 32 9 18 97 6 64 70 95 67 49 63 30 22 82 86 62 95 26 73 73 64 30 65 64 85 68 44 45 97 29 80 9 85 92 
71 75 15 18 19 65 72 5 80 34 38 52 38 49 75 68 83 82 24 8 52 89 41 61 40 4 30 76 59 30 90 12 49 87 16 62 84 21 72 16 69 25 0 30 8 29 45 100 62 69 65 82 75 40 2 15 19 59 14 66 98 21 51 25 76 63 42 26 71 71 87 31 10 53 7 86 73 42 7 24 65 7 37 26 92 87 52 44 60 22 34 83 69 29 28 64 18 92 84 0 23 65 25 35 28 41 34 35 76 7 0 5 33 32 74 79 31 100 94 14 10 39 24 69 93 80 18 83 22 26 85 6 66 6 63 44 34 80 83 15 4 78 8 20 50 22 24 58 86 6 34 24 19 66 57 80 68 76 30 32 
40 43 84 69 63 50 3 100 36 7 81 95 69 99 18 48 74 7 84 60 27 28 59 38 41 68 40 75 56 11 9 64 63 0 93 94 86 58 71 3 47 20 21 63 66 5 74 16 45 25 66 15 19 40 19 87 37 98 85 96 53 64 79 67 20 70 44 62 10 33 12 51 22 6 42 56 0 94 53 35 22 95 74 89 34 89 84 21 30 44 27 31 11 38 39 33 3 44 34 20 92 79 3 75 88 53 71 36 40 45 36 51 74 11 7 19 22 71 0 97 55 90 79 39 6 73 61 47 70 5 39 33 84 23 67 12 28 5 9 99 78 22 38 20 94 45 93 99 67 55 78 82 22 21 59 18 1 37 94 70 
9 76 41 25 41 85 90 3 97 63 37 25 39 34 37 40 58 98 92 1 50 21 40 39 32 54 40 10 60 77 73 32 78 2 28 44 85 59 98 26 68 2 94 90 13 47 59 13 83 64 58 99 39 10 50 49 30 43 91 86 52 56 21 23 55 8 57 87 65 78 82 8 26 41 16 52 80 98 26 19 73 54 25 85 66 94 3 7 54 52 98 15 95 56 78 56 46 36 28 63 80 15 33 75 75 29 60 54 0 71 50 84 0 44 31 34 35 19 93 8 41 72 92 85 73 27 46 24 68 21 80 60 48 19 39 76 67 75 100 1 68 21 72 6 83 0 90 42 64 91 35 29 11 84 91 76 13 1 24 66 
48 57 26 50 99 5 82 48 48 77 80 41 67 63 16 67 4 14 93 99 8 37 56 42 7 33 74 41 18 82 82 82 65 30 21 64 95 21 89 84 96 41 59 2 88 10 96 11 68 14 91 81 70 48 27 8 12 29 99 58 65 11 40 91 21 86 9 30 28 72 31 85 77 78 65 87 44 67 79 3 69 48 22 66 73 73 5 77 25 57 23 9 97 81 65 73 59 54 29 32 21 45 30 9 45 65 48 57 82 46 29 23 98 2 33 41 19 99 23 61 76 85 3 66 85 3 36 34 83 36 51 82 68 54 54 58 83 53 17 38 45 52 62 96 59 95 69 1 75 13 38 36 98 82 98 92 55 1 26 49 
22 9 66 6 98 63 86 11 47 28 24 29 62 89 91 46 69 46 9 56 50 79 17 91 40 11 79 54 77 66 11 19 9 23 90 52 91 23 32 64 29 46 25 32 7 86 24 79 7 22 33 63 28 81 32 90 19 90 1 10 62 15 90 19 27 44 40 40 22 22 25 21 92 91 97 74 34 5 17 15 8 25 10 24 79 54 60 6 83 81 0 70 28 45 37 34 93 58 82 97 89 38 43 71 33 29 70 7 20 88 45 62 89 59 94 8 4 33 53 95 55 1 94 75 50 68 69 5 87 89 6 65 10 85 59 63 80 12 92 76 92 50 23 43 72 35 84 7 52 24 75 65 64 77 14 6 65 59 81 65 
76 76 68 49 21 84 22 33 39 31 65 31 7 33 30 13 26 93 70 92 35 85 0 15 8 70 35 1 29 96 62 84 14 88 6 32 93 69 82 57 21 38 16 93 98 90 77 93 0 72 98 82 26 39 19 56 58 8 58 41 73 6 88 34 54 59 14 30 74 73 8 35 62 75 29 8 59 87 81 86 95 74 30 29 1 65 90 51 100 67 60 24 12 14 99 66 23 80 31 30 20 80 2 86 16 21 63 65 30 99 99 10 87 9 13 76 90 60 66 47 65 67 13 18 66 80 62 7 78 63 41 81 34 83 68 78 39 94 83 9 86 100 43 44 64 95 16 56 23 34 4 33 10 64 70 72 100 93 38 21 
64 43 43 23 34 36 43 67 4 22 9 52 1 40 2 66 25 63 47 16 86 73 93 13 86 53 79 29 19 33 5 38 42 58 83 75 13 59 59 34 51 68 100 59 19 6 18 13 2 68 84 44 66 68 54 36 7 94 50 31 52 95 17 53 66 72 50 93 28 69 57 56 37 45 41 70 83 4 3 95 17 84 99 71 71 57 33 16 6 64 83 27 51 8 96 28 57 54 55 9 51 74 87 24 19 86 94 90 96 44 92 23 91 52 83 9 45 21 47 34 82 69 23 99 53 32 41 21 26 27 75 25 10 52 73 46 40 94 81 7 29 28 61 69 13 11 14 28 2 71 81 96 28 93 42 90 36 76 81 31 
27 65 2 26 5 80 81 9 57 56 38 90 6 62 45 98 79 81 75 89 57 90 43 66 1 82 98 52 2 86 71 99 83 68 76 65 11 93 15 93 34 16 29 91 16 12 37 92 38 73 65 40 7 77 81 56 52 69 1 86 87 64 83 4 49 15 87 62 32 25 59 6 100 58 55 51 12 84 33 4 47 98 100 25 5 29 36 76 63 90 68 69 2 97 56 45 83 71 45 8 51 46 76 1 58 15 66 74 56 20 77 7 16 20 94 34 73 4 7 72 95 17 17 24 50 35 64 22 64 58 50 22 32 100 24 80 9 69 67 75 51 25 20 87 1 43 79 17 68 89 87 60 72 24 50 86 48 9 37 69 
96 15 6 8 55 24 79 8 44 63 63 32 35 0 14 34 64 57 14 85 29 66 13 57 54 79 75 14 55 24 3 52 79 37 1 2 81 73 45 35 64 28 50 58 67 68 24 73 42 0 94 100 9 16 58 19 4 44 56 99 50 99 62 80 3 62 44 21 46 53 28 90 62 65 75 52 79 7 64 49 77 11 89 21 71 58 45 26 29 38 95 18 7 63 6 19 89 72 70 46 17 84 83 72 9 12 43 7 17 75 40 37 97 25 98 45 69 65 88 64 93 54 16 78 31 98 2 86 86 81 56 55 3 32 83 94 21 44 10 14 17 43 13 69 71 11 28 82 97 72 69 22 30 40 48 56 2 2 20 63 
57 58 52 90 95 95 67 93 9 91 19 37 73 27 79 81 73 18 46 20 24 73 24 90 36 52 65 68 17 28 98 13 33 45 9 84 48 70 3 8 98 21 92 23 4 10 29 37 70 53 83 54 86 97 94 18 91 51 90 24 79 50 62 28 81 59 47 99 6 23 78 45 14 25 21 39 68 55 47 99 13 30 17 20 4 48 7 51 28 47 13 11 42 31 19 77 69 68 18 8 49 78 0 56 5 100 3 48 80 70 74 97 61 20 67 59 76 13 68 22 81 45 16 44 13 85 56 89 43 61 58 86 76 35 84 95 60 2 5 16 26 35 100 47 44 71 40 16 37 25 83 25 68 86 8 12 77 40 83 89 
21 28 71 2 88 90 81 56 66 3 21 46 87 87 46 22 25 19 63 43 91 46 72 91 61 14 34 36 37 50 28 76 2 14 87 72 30 56 28 36 24 15 94 57 14 100 18 3 81 69 94 98 34 87 65 4 66 65 71 68 57 94 92 20 7 74 80 4 47 32 89 88 89 14 96 95 45 53 16 30 56 84 47 37 81 92 41 91 13 46 9 94 62 41 98 89 42 50 40 100 25 90 73 9 10 88 26 25 8 8 68 2 61 1 24 72 89 41 72 58 10 2 58 29 92 88 52 99 49 90 61 66 67 16 72 4 62 59 60 29 9 93 29 10 99 97 38 26 100 80 50 70 72 19 90 42 26 40 15 20 
22 67 58 23 85 69 6 53 71 85 17 50 83 77 45 6 1 81 100 32 21 56 69 73 15 80 75 7 20 6 22 78 53 14 41 82 23 32 99 40 49 3 100 24 49 8 33 10 44 13 76 68 38 23 68 41 33 13 87 100 30 42 8 26 39 11 47 47 70 95 84 31 11 92 97 99 89 45 88 67 49 13 68 54 100 5 99 93 85 98 28 75 51 47 68 7 23 23 94 54 48 54 2 52 27 6 10 29 78 57 8 56 28 95 40 38 74 11 27 23 73 43 66 44 42 70 55 77 69 0 85 27 59 43 11 62 78 67 91 48 78 61 22 89 14 86 41 82 49 26 86 9 95 80 99 8 63 41 22 3 
86 1 18 59 80 57 4 71 73 69 9 51 44 25 1 14 48 34 33 33 80 46 98 52 53 85 64 55 55 3 79 77 49 73 91 62 16 25 71 97 96 34 87 2 18 14 89 77 79 54 53 60 10 2 19 87 95 13 92 44 97 96 89 97 24 65 32 25 84 46 1 52 78 79 33 94 70 6 68 69 99 63 41 17 31 86 63 17 78 83 40 25 82 10 77 93 26 4 37 42 41 44 28 29 61 37 39 11 45 34 95 90 90 52 27 23 21 27 49 90 68 34 1 1 71 10 76 92 88 59 92 56 85 71 54 52 99 44 3 72 70 39 71 92 1 3 98 74 54 28 61 81 9 63 90 14 79 95 22 71 
5 97 35 58 37 88 21 56 31 62 12 66 88 100 18 74 83 40 52 46 39 38 42 88 19 56 8 49 67 11 52 53 11 15 54 86 56 40 96 11 95 68 9 99 100 38 31 45 80 90 28 57 38 24 80 38 62 94 72 62 49 71 71 61 39 95 2 36 65 80 78 10 31 11 66 98 2 19 48 27 95 81 43 11 99 50 43 66 70 53 96 87 64 76 49 7 64 86 83 14 20 2 60 48 71 74 12 70 62 38 14 92 12 58 50 72 7 36 95 45 77 39 33 67 38 78 74 39 80 96 27 24 20 67 84 1 69 0 23 41 78 99 53 84 2 26 2 45 14 54 10 57 16 85 23 17 67 53 26 88 
54 86 52 36 68 75 84 33 72 14 59 86 97 87 96 38 0 72 87 76 2 11 0 14 42 60 25 69 56 77 46 64 48 97 9 99 50 22 30 78 1 92 63 57 54 49 96 64 84 71 98 4 93 100 78 31 2 97 91 77 23 14 80 3 43 64 8 35 90 18 49 10 60 75 75 86 85 1 90 89 61 68 5 94 52 71 31 78 44 38 31 80 65 22 91 39 19 72 80 12 62 12 66 76 93 87 35 92 24 32 57 92 100 75 31 85 55 24 74 52 89 89 78 17 88 85 11 6 76 45 38 91 98 99 66 26 90 91 56 25 86 36 6 74 78 20 44 67 26 65 6 2 28 79 57 43 74 72 13 84 
11 15 82 89 57 59 16 32 81 30 32 62 73 48 76 97 42 48 12 79 74 79 81 63 36 43 4 6 48 8 65 3 4 36 31 56 43 67 16 83 41 23 40 6 79 17 13 10 30 36 53 47 37 32 58 26 85 82 74 22 93 18 96 91 80 85 82 58 56 55 12 5 80 57 94 84 19 35 44 13 0 54 62 90 12 90 38 96 9 57 11 33 32 41 67 99 13 91 53 26 7 5 9 18 56 64 57 67 65 92 82 99 58 25 98 73 14 61 93 25 5 0 80 1 35 69 58 19 44 28 55 40 64 51 64 69 62 3 76 25 82 43 98 14 87 9 72 64 26 7 18 87 99 12 50 56 71 99 33 49 
59 54 11 48 4 78 14 75 67 46 41 67 99 8 58 66 69 78 0 55 67 88 84 50 4 83 13 99 88 81 89 28 12 47 98 96 46 5 24 5 45 0 3 35 39 62 2 17 91 9 34 16 88 96 95 53 35 74 36 87 36 5 53 22 90 20 30 7 78 60 14 82 68 89 12 70 92 48 76 52 74 47 42 36 16 97 45 21 56 78 85 12 23 35 51 91 80 25 65 46 21 30 33 76 72 54 72 12 39 79 51 71 95 15 66 74 91 42 11 27 15 90 67 13 50 53 83 96 12 47 58 86 11 0 96 8 8 96 94 93 49 88 22 61 16 68 59 61 73 38 81 91 92 88 51 51 82 71 100 58 
16 91 91 93 33 11 2 91 81 60 19 44 37 63 75 33 52 57 41 13 84 95 47 89 0 23 47 48 75 48 51 53 14 78 90 65 52 25 44 98 66 87 84 47 27 62 78 12 62 10 54 49 90 45 25 29 40 29 63 78 94 26 95 21 17 43 40 17 86 40 46 22 51 43 96 67 7 12 24 0 87 66 15 62 73 59 86 2 85 9 8 21 71 52 10 95 28 60 40 32 4 31 20 50 97 32 33 9 1 54 63 57 6 80 83 50 15 96 38 36 96 45 56 82 40 66 70 29 35 23 100 97 10 29 41 69 85 34 50 54 23 94 46 68 99 95 85 67 40 30 16 90 61 89 43 69 94 4 10 5 
48 42 51 39 20 29 23 46 35 50 15 96 42 92 28 6 63 73 21 14 36 65 95 28 30 28 19 78 85 90 59 59 46 74 37 27 85 10 51 25 85 73 4 26 79 81 66 92 22 75 1 99 65 95 18 33 38 38 12 5 5 52 94 54 18 9 98 29 82 19 72 69 2 11 42 50 69 47 4 92 12 29 58 15 32 19 19 62 23 53 65 100 2 96 7 85 74 37 54 8 78 0 26 28 91 73 19 25 78 66 21 45 65 41 99 22 80 98 24 5 35 98 64 67 88 37 96 61 72 52 17 59 94 98 89 42 56 72 18 65 28 96 39 78 62 50 65 9 27 10 49 1 52 82 45 40 73 9 75 9 
45 70 69 79 16 63 61 45 84 48 59 37 35 55 93 93 4 88 55 7 11 70 94 82 28 68 43 15 61 69 40 83 6 38 33 97 61 44 85 32 32 19 56 16 28 60 11 89 68 12 73 37 63 4 47 39 7 63 39 64 18 9 29 14 42 39 1 12 88 87 3 23 65 36 24 75 63 53 2 45 15 87 93 3 71 28 86 27 84 31 19 34 4 14 37 38 87 0 11 83 28 97 47 10 40 68 33 48 35 3 46 89 34 12 79 49 77 7 71 66 44 74 11 92 14 0 29 12 80 26 26 54 57 44 76 20 4 40 29 80 1 61 30 5 88 48 46 88 54 31 36 8 41 65 78 67 14 54 5 30 
77 76 66 6 31 26 8 75 88 62 75 57 75 49 2 23 39 66 81 5 87 93 81 61 99 57 95 25 26 76 59 93 98 9 91 38 44 24 24 0 46 12 70 3 48 43 97 96 80 39 78 0 38 90 32 96 42 53 34 41 71 42 40 66 97 13 56 59 70 65 11 100 83 65 16 29 44 13 77 76 25 12 14 76 61 49 79 72 91 84 45 93 58 79 80 98 92 59 39 41 57 7 27 49 24 29 83 63 76 70 22 5 14 84 15 32 54 33 23 10 59 75 10 68 45 9 37 52 10 62 84 25 86 81 30 11 65 28 67 35 53 76 69 63 49 87 31 100 4 72 42 25 97 48 1 65 69 66 90 92 
15 68 26 77 52 63 4 17 60 1 42 89 55 55 93 6 97 93 69 51 89 8 43 10 49 22 67 72 48 53 73 65 30 7 82 70 97 28 30 93 16 48 52 12 30 60 72 15 1 5 13 84 63 79 13 67 46 67 14 63 82 57 23 69 43 28 83 40 0 59 97 97 35 14 15 95 1 95 17 25 30 32 8 4 19 20 43 63 79 42 91 21 64 90 93 28 70 10 2 9 22 4 23 11 13 77 67 74 56 85 54 36 50 28 5 71 9 85 8 63 91 10 0 72 85 80 99 12 65 90 89 17 53 68 40 50 39 9 35 84 30 82 62 64 47 97 67 68 48 31 59 53 84 37 28 15 100 27 36 29 
14 68 10 79 60 60 73 77 10 82 25 45 17 29 100 77 78 58 26 25 69 60 81 93 81 44 47 58 77 25 48 74 21 29 76 85 21 63 28 66 20 11 18 49 99 5 74 78 23 48 1 44 79 94 76 96 47 83 34 69 92 31 27 74 94 52 59 30 69 98 44 28 13 34 83 76 62 31 44 60 55 70 17 88 95 28 15 5 58 53 56 13 29 57 34 0 49 0 27 81 46 70 34 73 20 92 73 55 9 45 44 82 2 64 38 45 57 89 48 80 96 17 53 45 98 37 60 16 60 84 31 1 63 8 44 71 54 58 36 75 23 68 60 87 33 48 19 17 80 48 72 97 100 97 52 56 36 31 50 0 
47 65 52 57 82 54 34 12 82 24 19 32 50 56 93 0 29 83 39 40 45 79 48 47 90 65 1 28 71 31 34 6 21 40 41 66 69 78 4 78 27 72 86 13 28 24 46 18 65 4 42 60 72 66 37 30 70 80 16 73 54 25 100 43 84 65 67 73 68 97 59 3 73 0 28 23 69 24 16 52 75 51 69 77 18 2 35 37 81 23 70 0 85 5 89 77 53 38 98 73 77 4 14 24 5 56 95 84 100 37 68 9 57 89 17 19 73 9 1 91 5 7 80 44 11 95 49 71 18 81 66 72 29 84 73 65 50 14 86 99 46 60 11 18 88 66 57 78 55 81 95 73 26 25 69 25 61 96 53 50 
38 54 61 5 65 20 78 96 5 57 38 61 7 29 64 61 85 14 96 37 84 17 29 37 57 35 65 20 80 27 0 85 50 41 0 30 25 3 30 60 14 57 61 47 34 0 54 85 77 80 67 25 26 15 69 72 78 92 88 97 50 59 39 55 48 24 98 58 13 94 63 17 86 77 20 15 80 32 97 2 58 70 38 50 83 89 16 87 68 29 66 39 11 26 86 33 41 38 10 20 2 82 37 70 15 86 54 24 29 97 59 55 19 28 84 48 85 75 17 76 48 66 14 100 88 66 63 73 75 95 100 65 87 87 89 98 91 8 29 98 65 81 85 31 79 56 1 26 72 100 30 60 95 72 82 75 99 61 68 95 
85 88 2 9 56 99 23 65 28 66 49 4 97 20 57 64 36 60 39 56 56 8 23 82 12 64 9 39 56 82 46 9 29 71 37 46 80 42 20 47 67 90 51 71 7 3 77 91 96 96 78 41 89 4 95 60 69 95 16 35 85 93 52 81 5 17 38 60 48 93 45 86 57 40 86 63 42 34 22 71 37 70 94 12 66 96 18 20 30 7 6 82 38 38 57 10 13 5 62 98 46 49 92 24 65 26 42 36 18 62 75 37 35 22 71 76 26 83 74 54 1 60 96 97 62 24 65 11 27 32 81 14 60 43 57 9 83 75 16 70 72 79 17 95 9 18 65 8 16 55 48 40 46 50 66 25 19 90 33 60 
26 9 74 2 27 46 67 64 73 81 83 92 21 31 96 19 50 64 52 100 85 1 18 92 31 26 69 55 20 11 56 72 0 41 59 50 3 8 69 50 52 91 28 48 33 48 87 59 35 26 11 83 88 65 23 53 23 49 44 45 34 9 61 51 89 29 37 13 44 69 90 96 68 77 6 30 54 56 30 32 31 1 8 61 66 59 76 19 27 78 64 45 29 63 84 44 24 32 53 15 46 4 90 39 55 22 60 82 29 88 30 10 54 45 1 25 77 23 47 64 79 32 39 97 95 71 92 24 61 79 87 91 64 51 61 21 66 44 96 57 19 59 35 87 11 34 5 30 36 78 14 12 15 70 3 30 83 84 66 79 
94 93 85 28 80 26 40 16 38 97 17 2 73 90 4 5 32 51 62 89 63 57 20 31 23 0 97 16 88 69 36 23 82 81 58 10 36 19 91 91 10 93 93 51 34 54 39 34 72 60 64 30 39 67 91 83 79 55 73 25 46 10 14 40 90 79 69 48 13 41 22 42 49 89 12 61 8 99 5 45 6 48 18 46 49 54 75 47 60 92 66 63 78 1 56 83 28 71 20 81 55 45 45 22 24 43 71 13 58 34 16 22 74 20 10 76 50 65 37 15 58 3 49 57 80 3 79 78 66 96 53 54 30 82 1 31 72 25 97 18 72 9 1 4 72 9 66 20 22 46 39 38 5 54 80 17 69 81 29 54 
54 53 45 56 30 92 36 49 60 21 94 68 38 29 78 89 94 97 11 43 27 94 18 58 96 17 100 59 57 36 77 54 90 32 52 97 11 28 9 34 31 32 32 14 49 19 29 72 67 34 82 32 73 53 67 73 76 27 75 12 18 100 42 21 60 77 98 90 15 79 65 73 58 50 57 22 61 59 83 60 15 75 26 12 86 7 79 6 34 31 51 2 74 91 23 65 59 23 68 32 100 38 100 96 45 34 54 43 0 37 26 49 56 18 91 26 55 55 29 29 4 95 45 75 74 76 53 52 33 9 44 12 46 17 21 7 55 23 79 29 66 14 100 12 12 36 50 15 25 9 99 95 18 80 85 93 60 60 22 78 
70 88 40 41 35 53 17 62 13 96 26 3 94 65 59 91 34 30 21 26 75 67 2 3 83 96 33 86 44 10 55 28 20 99 34 37 65 12 12 62 78 31 14 20 87 20 60 41 17 67 72 28 30 13 80 84 59 99 46 31 87 16 73 72 97 96 16 91 92 31 30 5 93 88 23 53 11 6 72 1 67 88 54 63 36 56 6 97 82 26 41 87 15 77 79 98 46 83 97 26 65 30 14 84 57 31 18 2 20 0 46 23 63 83 95 76 2 51 39 12 87 69 66 93 39 79 56 35 8 81 1 99 39 78 27 60 53 11 70 63 70 33 47 96 18 34 68 53 82 90 45 59 12 71 48 66 7 47 15 56 
57 35 15 91 27 0 43 84 70 87 66 61 68 3 16 48 85 58 24 21 8 1 67 59 67 62 29 71 21 65 17 0 89 89 42 68 56 31 55 30 94 98 64 79 49 97 47 0 64 29 65 34 96 69 60 53 62 94 9 3 57 37 61 84 14 11 24 5 27 17 27 74 19 45 78 45 58 73 93 1 1 87 84 18 68 56 62 58 26 87 33 52 21 30 46 1 52 25 71 44 90 41 53 90 44 0 96 98 60 21 45 49 2 44 94 96 52 7 48 35 40 32 53 84 52 52 27 63 36 91 37 86 22 63 96 14 53 36 17 40 72 44 23 23 45 40 52 91 64 84 87 82 29 87 90 89 93 4 18 39 
31 39 98 34 58 42 57 93 24 39 21 82 62 97 2 77 55 85 49 34 91 98 85 65 16 87 54 98 56 62 59 34 79 19 60 34 64 94 28 56 74 7 55 68 77 2 21 78 81 14 29 94 66 70 83 36 9 61 66 28 34 61 35 21 45 45 57 18 89 7 38 84 52 72 15 10 41 33 5 51 22 4 28 15 20 84 66 24 28 24 57 76 99 92 36 44 85 66 73 7 94 45 69 74 95 22 86 59 1 36 15 19 54 76 13 34 85 30 82 35 96 48 59 10 22 87 29 93 22 4 79 40 14 74 68 60 78 100 80 78 53 74 9 7 55 10 77 77 43 99 64 53 92 46 52 91 53 45 77 78 
1 57 57 97 89 88 52 5 85 76 45 75 94 15 18 15 53 44 38 90 22 89 50 57 73 84 96 4 6 96 77 39 85 19 77 74 25 55 20 79 5 51 9 58 69 78 42 51 85 82 23 23 49 2 9 30 13 57 19 9 63 87 6 26 57 26 27 55 50 86 69 57 75 19 69 96 76 70 59 13 47 21 2 79 17 96 43 19 10 24 63 80 98 89 51 66 93 9 87 65 91 13 49 24 57 70 24 12 37 36 50 40 75 42 31 56 30 66 89 27 20 81 53 70 29 94 63 11 60 35 43 92 11 57 33 92 100 68 9 31 70 54 54 72 37 18 79 35 64 74 51 87 0 96 52 2 96 69 5 94 
61 63 69 95 28 86 60 58 56 42 86 28 43 80 20 18 51 68 46 19 25 11 36 27 14 71 47 65 79 35 92 48 54 92 49 79 68 76 26 37 65 14 66 39 16 33 57 81 67 64 75 6 16 27 17 63 28 83 90 34 85 71 81 6 67 56 80 45 47 32 100 0 95 5 17 22 87 16 51 9 88 64 68 32 51 50 55 93 48 70 54 68 56 95 62 77 91 12 84 35 1 50 53 10 1 85 10 58 38 91 48 30 34 93 83 55 97 13 22 49 33 53 57 91 78 70 28 49 1 12 53 59 27 37 33 42 93 43 21 95 37 67 71 58 92 53 54 75 78 42 26 47 44 20 1 67 23 18 61 12 
93 27 87 88 42 5 52 69 10 21 5 71 41 61 86 75 46 42 94 70 0 76 49 34 97 77 1 35 57 66 28 19 88 40 72 28 10 30 78 4 41 46 61 1 26 64 46 16 38 50 94 0 75 3 96 66 59 48 16 83 16 75 83 48 44 43 6 5 8 19 82 86 29 57 99 31 42 88 49 84 64 26 59 92 24 82 48 70 0 49 62 67 2 39 80 12 85 12 52 37 2 81 31 29 7 52 66 84 95 36 93 17 82 31 96 32 53 96 79 81 80 28 90 44 45 9 30 25 29 36 51 22 45 34 78 8 3 65 49 27 98 32 87 22 97 81 43 15 90 43 39 81 51 74 5 32 31 21 46 58 
46 83 83 63 78 19 30 30 99 17 49 90 84 92 39 28 67 76 26 7 27 73 63 21 99 18 29 29 39 30 78 63 67 64 18 29 10 3 11 46 24 69 1 90 39 94 48 0 30 8 26 7 10 30 32 35 9 58 56 23 66 36 93 46 1 49 65 79 15 43 94 54 85 32 65 29 59 7 61 64 52 54 94 98 81 41 96 90 82 63 40 25 48 39 57 5 59 70 33 39 15 66 37 98 25 39 70 7 21 78 10 48 81 57 13 26 51 34 88 52 14 55 71 84 1 13 1 28 42 21 7 13 2 61 7 52 100 42 13 29 59 17 69 10 17 31 93 86 55 37 97 14 34 9 82 16 34 45 15 0 
54 65 69 64 31 35 14 37 32 35 97 25 60 68 67 3 23 49 100 97 92 0 84 54 77 19 61 13 77 14 21 27 69 100 60 16 54 40 70 1 10 60 98 14 37 47 27 26 22 17 93 28 56 16 85 88 58 52 39 53 75 59 88 27 94 100 9 68 74 87 69 7 58 42 44 92 63 33 53 14 90 87 45 0 62 84 69 11 18 50 90 67 3 84 84 17 84 33 36 64 81 9 36 53 84 90 58 17 34 93 56 87 9 27 67 92 76 57 52 40 37 31 30 66 38 10 14 28 94 55 65 72 42 13 78 53 20 32 95 66 72 85 29 36 57 66 11 42 74 66 89 0 11 37 29 5 96 14 42 95 
92 55 35 73 2 82 73 29 30 11 3 51 92 44 4 10 30 11 97 89 73 36 10 25 72 55 34 49 13 94 42 61 69 88 90 38 60 97 52 99 81 79 42 1 91 60 66 0 70 61 95 22 0 60 51 59 8 55 20 36 22 53 23 80 91 17 12 6 8 91 90 11 91 60 51 17 13 12 3 4 28 68 33 6 29 21 54 64 16 0 52 13 85 13 14 68 73 29 29 81 47 46 9 85 92 96 96 4 68 52 11 23 27 53 77 70 81 66 96 82 70 61 25 64 79 84 34 72 60 48 50 67 26 21 50 54 71 89 76 24 15 67 29 55 100 13 19 4 58 51 80 39 5 10 63 55 31 12 40 57 
51 89 69 38 10 63 62 33 54 89 40 10 99 45 25 74 89 23 44 11 41 77 90 53 68 88 10 81 47 53 42 51 84 82 14 42 7 10 7 7 63 85 68 63 86 33 43 52 24 52 0 28 62 55 94 81 95 92 14 30 35 58 61 87 30 10 56 91 86 64 6 29 8 37 94 40 84 14 97 22 84 80 85 60 75 21 96 14 57 5 21 9 51 40 94 54 6 24 2 73 24 25 11 28 68 37 14 86 67 11 79 43 27 57 57 100 32 98 43 80 37 21 39 6 17 99 37 32 74 86 95 83 66 54 4 75 65 42 71 76 41 40 36 64 77 82 94 36 9 79 47 92 95 6 55 35 72 9 38 60 
82 6 48 21 37 98 90 20 47 45 32 38 19 94 24 72 3 93 87 1 53 54 28 47 98 84 15 25 83 69 33 72 97 87 17 73 49 6 58 85 82 5 68 14 58 49 25 72 11 46 7 93 92 45 62 85 44 0 64 20 81 19 12 72 92 84 22 75 89 17 94 23 15 59 50 16 15 75 77 65 12 40 29 34 78 21 10 24 48 77 36 78 6 24 28 31 17 61 34 3 4 10 35 34 79 38 4 87 14 21 1 19 0 47 50 93 98 10 60 100 79 93 9 7 87 71 67 80 53 87 43 15 88 6 80 83 2 5 72 19 88 5 44 7 63 67 82 93 1 32 5 95 41 80 88 15 80 82 73 20 
30 70 8 73 0 1 71 53 54 9 30 82 41 16 59 12 100 83 77 35 76 26 60 22 16 0 71 90 25 52 63 76 31 28 75 79 27 18 11 23 76 43 0 75 26 46 56 32 12 82 76 88 41 31 70 26 18 56 23 21 79 47 100 46 61 69 16 54 30 38 11 76 85 7 20 97 32 26 79 10 55 84 73 59 78 18 17 14 1 40 71 94 68 21 95 27 27 94 80 49 82 74 88 33 60 43 79 90 68 14 79 55 68 59 5 67 71 97 24 40 2 72 36 71 3 58 26 1 40 99 17 40 77 21 25 86 81 24 22 32 28 60 78 66 47 51 65 46 88 46 60 28 3 80 89 87 6 58 74 26 
71 26 92 93 47 51 71 35 93 27 23 50 70 30 63 57 85 43 44 20 85 61 69 19 35 26 80 65 33 20 26 49 99 6 1 63 47 60 89 56 16 26 76 12 61 8 26 90 61 4 85 16 54 75 83 49 45 79 50 61 91 16 48 46 89 8 65 24 3 38 38 34 100 30 58 3 54 13 26 3 9 49 93 78 12 16 68 93 89 63 99 64 90 57 57 97 4 68 53 77 64 34 24 89 4 27 97 23 54 78 95 55 70 11 11 69 24 19 18 39 74 2 52 15 46 72 54 26 44 4 61 16 84 16 83 52 95 66 9 73 11 13 21 85 8 47 39 49 58 64 86 10 52 39 20 55 61 65 78 39 
100 59 67 6 66 22 23 54 35 95 21 47 10 99 16 6 91 28 9 74 64 17 11 62 85 22 100 39 98 49 15 61 58 30 59 47 34 48 95 17 11 80 54 58 87 89 65 75 99 49 56 82 15 4 78 97 36 30 2 56 53 81 77 34 24 11 88 46 36 55 44 97 61 32 51 75 3 37 25 4 91 56 38 80 94 49 81 15 20 5 59 26 21 39 38 66 63 36 81 82 34 57 86 18 23 62 24 86 27 17 14 52 53 17 3 97 20 92 92 9 9 23 15 82 77 47 99 84 61 64 51 6 48 7 13 8 89 47 74 46 70 32 51 37 94 94 21 0 61 97 60 74 32 4 44 55 55 41 23 30 
8 36 27 66 17 25 20 29 86 25 21 3 65 18 64 65 73 80 30 39 57 78 75 0 10 12 55 2 91 74 2 88 52 38 27 38 94 24 73 51 54 18 44 30 25 91 66 43 17 25 40 34 26 86 49 86 39 35 72 44 51 99 74 27 16 20 28 61 84 17 89 33 97 33 44 31 46 41 44 46 64 74 39 15 95 14 96 87 100 2 6 42 3 86 27 40 28 13 20 3 50 15 42 30 87 8 54 53 75 77 7 89 93 40 35 68 65 37 25 26 88 100 99 28 81 79 56 55 58 15 71 61 58 22 6 51 14 54 76 99 26 56 65 14 60 81 35 45 65 44 41 22 73 67 37 76 51 21 19 15 
78 31 11 49 10 99 19 27 95 69 54 53 38 66 21 20 56 96 49 6 94 71 79 78 91 57 37 78 7 29 38 84 75 12 36 69 24 66 72 38 38 46 41 4 41 46 76 69 55 89 97 42 44 51 46 76 56 74 43 49 14 8 48 86 84 66 83 7 5 72 55 88 45 59 96 97 93 37 51 66 95 91 66 60 66 36 68 44 80 61 21 40 11 41 74 3 85 83 72 82 85 71 52 66 82 33 93 49 11 83 13 18 52 45 15 79 51 26 80 7 11 52 32 66 13 90 7 48 3 30 6 3 28 4 73 70 5 71 96 34 10 53 6 92 26 49 31 17 43 13 57 70 88 94 77 53 7 33 34 95 
79 35 4 65 26 2 16 15 77 53 91 69 29 3 63 68 23 51 29 31 17 70 96 18 99 6 82 9 60 3 11 96 68 0 13 81 19 87 73 14 43 32 65 10 66 20 84 14 65 23 39 28 99 38 13 50 10 72 72 56 70 85 42 11 10 44 38 78 3 54 47 65 54 46 27 23 78 35 56 17 41 92 10 9 2 33 2 6 79 14 53 19 44 70 85 99 75 21 66 71 7 27 24 75 89 46 19 95 63 95 80 18 78 88 81 62 31 99 73 98 4 77 73 77 13 55 71 67 12 92 23 44 11 60 76 91 14 93 49 96 73 88 7 9 68 21 98 88 81 81 2 58 66 78 28 11 20 86 63 40 
80 1 82 27 74 28 45 6 43 32 90 10 36 84 22 0 89 50 33 16 70 62 57 42 21 7 85 8 88 23 57 5 64 7 60 28 74 52 85 75 18 58 39 54 18 8 65 8 88 27 95 98 35 54 98 100 72 77 53 13 49 41 100 29 68 48 10 69 40 20 58 84 34 15 25 34 14 50 21 54 19 34 53 63 18 11 50 75 88 52 51 71 99 82 67 17 18 38 7 95 45 77 56 7 18 28 6 77 29 63 72 32 61 88 7 38 24 14 69 17 50 2 64 10 47 37 81 18 57 80 16 72 40 69 28 7 51 24 10 29 98 32 15 55 66 55 7 69 29 28 43 80 70 75 16 81 41 43 29 40 
89 94 85 95 31 62 69 17 35 35 81 13 16 19 41 99 75 20 33 44 52 78 94 68 7 62 46 13 88 100 66 10 41 15 61 46 72 22 4 87 63 4 58 26 1 31 98 63 45 92 3 26 84 44 57 42 31 78 2 73 57 74 48 72 86 52 86 20 99 74 17 79 43 29 4 80 16 91 15 81 17 51 17 48 39 82 0 91 46 41 51 44 61 88 87 31 97 75 42 26 80 13 1 97 49 84 51 35 46 65 18 35 16 15 31 49 21 77 23 37 91 47 5 24 35 67 46 91 45 14 2 42 99 12 52 59 11 31 66 5 11 68 63 22 53 30 82 36 44 53 47 26 66 100 58 34 73 47 13 18 
26 25 61 83 66 99 14 23 3 49 77 97 2 65 59 53 28 78 70 81 15 79 66 100 91 9 74 84 46 41 94 63 93 68 5 20 55 35 42 5 78 0 15 27 94 41 59 8 4 91 32 79 26 23 59 34 28 71 1 24 84 7 80 40 65 8 71 65 28 9 60 36 62 57 52 18 92 5 18 19 4 100 23 78 38 83 63 75 23 73 91 13 41 35 65 50 36 0 61 11 27 35 27 56 16 18 68 26 34 5 86 27 65 41 14 19 1 70 52 10 97 18 86 72 70 87 87 75 55 8 69 2 28 40 22 1 89 47 70 11 43 55 0 49 82 80 69 19 44 33 69 85 99 62 93 97 22 97 24 92 
91 64 45 94 31 41 33 67 72 10 8 93 76 76 61 46 85 37 26 53 7 14 39 14 78 32 76 61 6 46 23 85 33 96 14 21 70 55 55 93 91 8 26 90 28 98 59 1 41 90 99 77 30 13 20 61 100 38 62 41 98 94 45 73 37 69 92 24 21 61 30 80 94 1 43 22 80 40 4 75 4 50 21 97 87 79 82 77 3 17 71 14 15 62 21 22 64 75 63 49 6 54 32 23 93 33 100 57 92 74 36 62 76 27 26 57 83 48 58 14 53 52 91 45 50 4 5 80 18 12 76 8 27 5 62 26 1 84 8 54 81 64 73 74 56 22 58 66 5 71 40 20 36 20 68 94 100 27 40 71 
5 67 65 72 72 31 6 85 17 51 13 93 90 46 74 56 28 58 49 60 64 92 61 84 42 84 69 55 66 25 65 34 15 60 6 6 31 70 25 55 17 2 87 21 57 63 65 91 79 75 46 34 53 28 71 7 90 27 71 41 46 78 50 67 5 21 59 95 72 17 90 52 35 67 49 42 100 22 22 73 0 63 59 21 95 24 71 77 65 54 31 98 11 91 26 57 45 16 37 65 94 7 95 70 72 98 11 80 6 52 85 71 8 69 14 95 80 43 66 93 17 64 4 7 30 20 35 43 4 32 88 64 61 23 35 0 59 49 59 85 48 20 13 32 46 48 9 41 87 94 11 87 56 12 81 94 18 76 38 80 
73 62 46 58 67 89 41 98 98 55 59 62 23 44 32 91 68 89 98 33 100 51 13 17 99 5 52 15 55 71 11 32 80 19 44 5 14 31 4 87 19 98 10 9 68 21 23 15 3 35 45 74 98 48 85 28 94 6 96 13 9 77 9 82 17 40 30 55 59 20 14 18 60 64 98 84 63 10 62 23 7 92 62 55 80 100 31 59 69 55 73 25 94 82 21 77 49 11 84 55 71 38 94 97 59 82 72 35 55 90 6 22 75 5 75 53 30 74 78 8 60 15 34 69 2 31 68 20 26 75 13 87 75 29 75 26 65 18 0 74 44 83 45 42 49 4 72 42 9 45 92 70 57 82 90 100 56 42 69 12 
99 61 88 30 49 52 46 8 10 10 4 95 60 66 83 15 11 8 65 88 79 90 29 68 55 28 14 20 80 35 33 34 49 10 90 99 51 84 6 69 40 56 14 87 52 59 47 54 38 91 59 90 96 47 44 14 28 7 24 51 35 62 12 47 46 19 0 25 49 38 84 72 73 32 93 14 75 60 31 1 51 30 8 50 53 1 84 65 72 50 5 10 84 59 68 30 11 88 53 72 50 51 96 60 80 72 35 15 98 59 48 88 75 96 89 52 46 59 66 65 88 80 23 83 12 35 52 96 80 80 71 34 30 80 42 19 26 68 43 68 40 72 29 92 17 93 29 99 72 32 40 38 82 92 67 79 47 14 78 16 
35 59 27 33 26 51 69 15 50 19 91 21 17 17 84 52 47 51 12 1 86 32 37 23 23 27 18 83 89 57 23 70 21 32 42 36 93 79 73 32 76 72 74 45 86 3 24 50 64 57 90 27 1 92 60 13 75 18 74 100 96 82 44 42 14 57 22 51 55 92 26 61 2 4 56 50 17 98 32 64 96 70 19 51 34 28 47 93 3 33 41 91 37 62 68 17 95 39 99 39 59 72 84 21 29 67 84 59 1 98 9 65 90 26 73 79 73 94 44 4 77 70 51 89 86 32 17 28 60 43 5 87 15 31 83 37 59 99 12 20 45 12 84 31 29 77 89 36 49 5 9 43 83 82 14 45 71 92 57 13 
61 17 81 56 86 91 87 87 73 85 83 47 63 23 14 64 19 16 85 54 62 67 62 16 58 27 78 36 64 24 46 74 78 76 10 10 29 76 14 93 55 16 51 1 11 38 42 67 14 80 56 6 96 26 6 1 89 91 15 63 8 84 38 68 4 24 95 61 50 26 98 54 60 3 5 62 27 31 84 2 40 27 9 59 82 84 80 3 91 73 6 36 60 53 57 67 4 32 81 36 39 63 4 65 39 43 84 78 43 25 42 75 93 26 90 15 5 60 98 79 69 41 24 10 73 90 51 23 76 60 33 34 16 100 54 31 97 82 98 87 28 53 70 82 41 89 81 33 95 15 12 98 84 72 5 21 68 33 87 85 
55 48 35 33 37 50 29 16 96 37 4 70 16 95 36 53 35 64 61 43 17 60 12 9 24 89 93 51 12 54 97 90 41 8 15 42 74 55 50 55 34 24 34 13 23 91 53 18 41 99 90 65 92 17 20 1 13 24 69 44 70 21 68 25 98 77 10 45 81 55 34 24 93 100 44 93 72 92 48 19 22 96 35 1 53 36 1 30 37 70 14 24 72 71 47 27 95 72 52 87 94 58 1 46 20 21 65 94 71 10 7 12 67 23 85 45 74 36 22 59 85 94 48 1 7 84 99 20 71 92 38 54 50 8 76 62 74 77 100 30 30 81 52 81 0 66 79 73 71 33 48 2 44 77 17 40 84 79 4 23 
76 47 51 2 66 7 42 3 46 79 94 87 72 12 38 49 57 95 85 50 2 11 27 45 21 1 49 93 82 23 69 83 83 61 29 94 91 75 8 52 43 95 81 39 54 69 61 15 71 18 92 9 78 100 54 75 12 60 59 47 31 53 89 86 63 81 40 87 66 21 92 54 57 5 55 74 30 98 25 59 59 45 52 27 77 66 25 53 47 8 56 50 52 66 75 8 36 1 19 42 15 11 82 17 72 4 62 54 82 98 52 41 94 85 61 61 20 78 59 44 49 57 63 29 99 97 36 73 15 67 33 63 19 41 55 2 40 43 79 50 56 0 24 25 38 80 0 71 4 56 91 24 88 7 78 0 63 59 99 17 
83 47 26 9 10 23 36 36 53 33 9 15 74 14 58 25 24 80 0 85 99 28 81 60 8 92 72 8 19 16 92 17 51 62 29 22 57 27 59 19 40 89 3 83 52 79 58 16 92 57 43 5 56 91 10 32 35 92 97 81 90 4 16 8 44 77 77 70 24 77 61 74 98 10 6 65 29 88 1 78 54 19 19 81 77 40 1 66 90 27 41 15 85 39 83 0 67 45 86 76 39 64 21 94 80 17 34 69 0 95 15 30 11 76 28 17 70 61 97 93 36 84 90 83 7 29 52 80 3 30 72 71 18 12 25 62 23 71 75 42 1 76 90 24 24 68 16 24 67 74 93 19 72 23 5 52 15 94 55 50 
26 96 72 37 23 69 34 16 61 32 28 12 60 28 36 76 55 35 15 42 36 33 22 78 55 84 40 13 74 91 84 64 92 44 49 20 66 88 62 20 22 63 62 42 71 20 88 57 95 84 12 21 61 40 56 5 47 62 34 65 69 29 67 97 1 72 96 57 14 95 78 0 46 89 84 62 66 87 80 81 67 50 11 65 80 61 77 38 100 13 7 97 67 5 28 82 43 40 47 49 60 19 55 73 45 30 40 65 85 42 31 80 29 66 7 44 7 38 0 22 12 98 57 94 0 26 76 24 15 2 66 55 98 6 96 92 97 8 45 82 75 35 60 1 90 1 12 64 99 2 75 5 3 32 56 94 86 75 79 6 
30 55 56 93 34 29 13 7 89 40 31 32 76 83 69 56 67 30 9 34 16 60 30 69 11 43 45 91 64 51 14 20 42 68 55 25 8 68 54 74 97 74 63 92 18 98 100 17 23 54 89 82 45 24 3 93 83 73 15 76 31 12 48 72 39 81 9 100 28 33 20 7 17 39 19 70 79 52 82 65 15 51 42 65 7 83 41 92 49 47 50 77 32 18 28 33 15 7 46 93 74 67 81 100 97 89 52 71 82 83 62 9 6 84 7 7 27 96 24 6 19 41 6 95 96 98 88 75 33 17 11 89 39 96 1 24 96 21 16 76 64 43 96 52 72 83 49 22 16 77 96 95 70 45 34 82 20 1 97 45 
76 6 1 12 20 84 75 62 32 71 85 75 94 25 96 86 37 66 9 91 99 25 99 72 26 82 14 29 68 19 91 67 87 76 40 82 19 3 8 79 44 83 80 43 23 28 1 63 9 44 41 87 100 97 0 77 60 49 13 59 22 23 81 65 22 78 2 57 20 3 40 84 71 40 22 52 75 30 19 48 33 46 26 0 46 21 47 45 50 96 27 88 34 78 56 68 58 10 38 67 74 77 39 50 73 13 33 94 88 62 16 16 16 31 34 2 38 81 29 51 18 35 38 73 0 16 90 33 71 84 34 67 9 15 45 32 80 60 89 61 63 2 27 75 76 75 87 22 92 11 48 31 17 64 41 58 15 40 89 22 
74 16 1 73 16 92 8 11 72 48 71 61 16 64 89 46 11 14 27 4 74 29 42 81 97 90 18 26 17 79 35 51 76 99 11 41 96 32 85 79 28 55 96 14 38 98 31 31 57 0 99 22 65 13 87 72 37 72 12 80 17 17 47 96 34 46 76 93 56 88 93 90 9 63 18 0 70 6 59 28 96 14 26 46 10 95 85 73 53 4 87 70 10 49 19 13 10 80 0 24 45 39 91 67 12 20 25 11 87 93 86 83 55 80 65 70 79 44 100 72 95 87 66 19 5 56 54 76 9 32 23 9 65 0 78 70 92 58 48 27 0 6 92 56 46 10 63 19 1 52 58 75 11 83 99 88 73 82 94 19 
61 36 57 88 83 44 32 65 20 62 42 49 78 29 49 57 10 74 38 52 71 74 69 57 92 13 71 28 90 81 60 43 31 10 22 8 15 2 91 96 67 12 26 27 46 48 61 77 58 30 95 15 20 8 63 56 49 72 64 30 3 43 53 42 11 74 69 98 63 11 3 37 83 19 24 93 92 92 95 61 22 66 48 25 86 3 92 6 83 38 88 33 16 4 29 95 82 85 68 71 15 10 2 54 62 46 77 19 17 76 2 47 26 39 7 11 15 26 59 19 11 12 90 24 88 2 81 5 37 60 24 2 55 94 15 72 39 11 81 3 29 60 52 41 72 63 83 20 45 42 93 10 100 64 79 9 5 78 11 26 
3 42 70 15 69 93 70 32 88 64 61 65 14 96 49 87 44 44 24 93 100 10 33 50 43 35 31 70 54 29 36 13 22 48 39 59 20 68 5 63 31 14 66 10 85 19 70 33 21 84 58 66 69 49 32 36 44 69 66 90 89 25 27 0 8 49 62 66 22 32 90 44 41 85 54 36 15 45 28 47 37 10 37 80 53 35 22 100 95 12 81 73 65 29 59 19 64 88 24 74 95 63 49 43 16 89 85 18 12 88 31 37 91 66 16 52 58 7 33 27 60 74 24 79 35 71 66 26 49 23 19 84 100 1 12 4 99 20 2 55 31 52 84 16 90 60 35 50 67 25 9 70 41 42 1 87 10 88 77 15 
41 88 46 90 53 16 79 77 49 48 28 26 10 24 6 56 93 50 16 75 43 96 64 35 76 49 64 4 76 22 67 90 25 37 54 27 60 75 49 43 89 79 29 64 7 36 99 70 45 31 87 15 30 99 2 13 66 64 87 31 16 63 62 72 67 100 13 4 53 31 14 52 50 17 82 4 41 23 97 56 70 91 85 65 58 51 45 27 20 75 7 91 14 39 77 78 64 51 22 42 41 72 97 75 31 19 25 44 70 66 93 9 2 5 27 35 9 40 20 74 3 39 54 74 97 23 72 5 3 54 8 46 97 25 67 14 28 57 80 32 8 14 100 15 5 66 92 88 73 69 6 79 25 77 63 74 97 76 16 48 
47 98 12 79 94 50 79 70 39 81 8 29 60 23 85 82 75 82 60 77 48 39 80 81 80 68 29 70 95 100 42 74 41 70 35 79 46 54 76 17 14 50 56 4 35 43 99 25 55 72 94 59 55 30 20 9 97 32 14 4 43 27 33 57 66 19 20 98 21 9 49 47 84 56 95 71 1 46 62 98 25 48 38 93 39 53 12 34 39 36 87 99 61 23 88 3 76 15 74 26 100 47 61 94 34 34 93 95 16 2 65 100 1 35 52 84 5 72 24 83 1 14 58 36 59 37 23 24 60 34 29 20 2 93 53 74 2 4 32 64 14 69 89 93 66 94 95 17 21 67 37 1 74 21 38 23 31 3 97 27 
86 68 26 90 58 30 20 21 51 12 95 17 27 57 62 28 22 19 23 1 36 4 18 27 100 90 40 36 76 90 52 46 92 15 34 30 74 71 35 3 53 60 52 98 49 39 9 8 99 24 94 94 96 13 80 65 77 13 91 79 75 38 51 100 87 10 44 24 30 28 10 45 61 68 77 36 88 50 35 97 98 52 96 13 96 91 28 16 20 87 44 43 28 88 52 4 100 38 34 17 82 41 69 45 79 28 95 81 8 23 30 79 8 6 41 23 2 1 78 75 44 66 6 5 16 97 7 84 91 45 45 35 24 21 11 80 25 12 96 36 79 90 44 20 69 52 100 87 81 67 4 20 78 18 73 91 98 51 98 20 
47 4 25 40 12 28 82 75 62 31 51 78 20 18 5 77 70 1 30 57 79 81 42 85 33 8 61 71 54 59 31 16 16 25 2 26 20 26 15 2 20 79 52 6 30 47 97 11 18 59 90 64 32 85 55 8 60 42 42 0 35 100 9 53 81 62 89 90 10 37 95 16 83 10 89 31 92 16 22 30 16 69 93 56 60 14 14 96 17 18 57 5 97 15 7 51 25 89 94 97 89 69 53 89 98 70 88 43 35 8 20 79 33 100 100 88 0 59 0 1 4 57 20 20 96 16 25 67 88 0 74 8 47 1 28 43 24 75 6 8 9 70 37 85 65 21 61 48 14 48 46 17 21 12 37 10 83 73 77 73 
36 19 4 91 86 64 60 1 29 48 97 1 39 48 32 65 56 31 94 94 19 37 68 28 52 63 5 64 98 5 27 71 69 12 95 96 28 17 22 39 21 42 98 85 85 26 15 63 38 7 99 11 72 86 15 52 60 58 85 86 37 71 91 9 100 79 91 59 29 24 22 4 15 7 79 91 97 99 18 60 43 10 90 15 30 31 98 19 4 70 81 5 40 84 78 82 29 58 97 55 18 67 46 7 99 45 73 59 79 22 10 72 7 12 66 93 2 5 41 42 84 89 84 9 21 30 73 41 31 11 22 86 47 61 14 58 81 20 12 0 80 3 56 59 6 70 58 63 85 52 34 48 45 17 49 90 52 98 22 31 
73 57 73 60 95 54 18 12 54 14 38 60 87 73 96 56 65 37 79 29 97 57 14 66 54 13 52 0 66 10 33 0 29 95 46 39 98 31 98 12 21 23 71 0 72 79 29 6 29 32 31 89 57 34 20 97 24 64 49 79 74 48 57 84 15 72 56 83 50 5 2 28 60 72 53 77 2 51 24 77 95 55 85 3 55 15 42 43 45 78 87 11 98 39 12 99 31 38 45 69 81 77 41 24 17 6 27 53 88 63 32 13 24 20 18 31 32 36 64 98 46 35 93 32 14 25 3 10 75 67 8 72 95 93 60 38 90 65 40 91 6 90 80 13 48 83 36 71 87 53 0 9 38 38 60 89 96 35 9 15 
13 9 9 67 78 60 73 49 40 18 66 80 67 35 62 15 33 13 88 36 17 25 69 11 97 42 12 17 9 56 9 39 99 96 52 56 31 87 24 41 95 9 89 90 40 5 42 42 21 21 49 38 56 49 4 72 73 35 27 34 41 32 94 42 54 86 83 91 92 73 21 19 74 30 34 77 13 37 31 46 55 1 41 69 49 8 34 65 57 36 71 55 8 55 77 88 6 65 97 3 44 50 93 54 96 37 5 95 79 45 96 83 42 21 57 65 95 44 16 66 88 69 22 4 72 33 63 47 36 49 28 70 97 8 1 98 30 79 47 78 33 62 100 80 30 10 32 77 97 77 99 68 36 25 91 16 78 92 86 46 
55 2 54 58 39 47 96 17 10 59 33 50 31 100 4 34 42 60 31 6 47 38 29 31 74 91 79 53 32 93 35 88 52 73 78 94 83 89 59 70 98 3 64 75 86 13 88 13 5 72 34 93 89 1 35 12 82 40 43 53 39 38 71 70 3 8 75 72 67 16 16 55 34 78 52 47 30 36 28 45 35 72 11 28 39 68 78 76 75 78 80 36 34 63 92 3 39 90 59 87 16 93 62 64 34 36 78 29 26 71 84 24 40 36 83 10 57 78 32 50 99 56 72 75 24 79 70 39 48 47 30 66 55 22 57 13 29 91 76 12 73 69 92 33 13 16 7 84 64 28 37 57 63 81 32 78 65 92 54 59 
65 42 12 38 32 81 15 0 46 51 71 10 16 77 29 13 12 11 74 25 88 58 42 0 55 3 40 74 72 79 73 89 26 24 19 64 79 67 31 45 98 41 66 66 31 56 99 98 51 25 86 78 55 95 82 52 75 25 60 84 87 0 62 86 23 69 62 46 33 65 61 73 0 2 59 32 96 67 47 79 19 36 5 74 22 30 12 76 65 38 53 12 82 15 83 93 30 42 12 7 95 66 75 45 1 35 16 3 92 54 16 38 20 75 96 70 3 40 22 74 89 71 95 21 73 98 65 72 35 21 72 100 86 48 8 6 90 2 50 33 69 85 62 11 43 10 3 71 56 1 12 54 39 24 13 91 52 89 86 44 
0 15 72 100 24 1 93 93 3 86 40 41 11 46 67 54 38 16 98 94 100 29 57 79 21 78 29 30 88 31 26 98 7 70 28 79 92 98 90 1 31 20 36 19 20 22 9 83 47 10 4 34 4 61 32 70 74 89 2 37 45 7 89 67 23 62 67 62 94 57 33 41 83 71 84 52 67 16 44 22 47 58 34 19 96 8 68 60 28 0 81 53 16 56 53 80 63 78 40 11 94 75 52 39 98 14 52 0 23 6 62 11 54 39 53 54 52 82 15 59 43 68 9 81 63 1 95 94 75 92 6 52 71 75 45 1 5 54 71 100 83 9 35 59 30 55 99 40 1 68 53 47 57 24 13 4 68 89 14 16 
94 45 69 89 64 52 63 24 50 48 44 15 46 85 72 28 17 3 77 87 13 80 70 14 54 37 100 37 16 89 7 29 48 3 49 62 18 14 53 72 74 29 37 25 13 44 20 28 28 0 71 68 41 82 72 2 89 10 86 79 78 62 33 33 40 87 77 82 12 55 41 79 41 54 69 27 78 7 33 67 6 76 51 23 32 100 50 3 1 58 42 21 57 83 6 6 19 27 53 6 20 55 65 78 0 9 98 49 27 96 52 77 45 43 61 98 72 65 67 37 2 0 86 28 70 71 51 63 91 14 44 28 28 71 87 61 30 96 41 83 89 50 63 17 92 29 62 54 96 31 38 86 9 53 84 55 70 11 13 96 
63 92 28 99 20 75 28 45 32 77 59 67 11 51 22 49 40 22 51 70 64 84 93 62 68 12 59 23 2 33 28 92 83 45 72 20 66 72 49 48 19 18 38 17 14 62 83 49 53 20 84 9 85 65 63 74 64 65 16 8 35 34 21 8 49 52 24 99 48 83 43 15 48 45 94 45 24 37 46 96 10 25 14 64 30 29 31 34 79 80 50 27 67 6 100 68 43 38 16 13 49 90 59 47 7 45 76 7 43 28 62 69 49 63 82 87 15 1 97 11 94 49 20 5 60 29 88 29 67 52 36 53 83 83 86 34 90 82 12 57 68 0 25 45 60 20 18 2 12 55 37 81 76 95 88 0 83 100 74 9 
1 79 70 39 89 21 78 42 100 83 74 50 11 93 57 63 59 54 84 92 40 13 92 28 6 54 1 74 16 49 34 17 88 35 85 26 86 90 61 82 82 98 84 40 55 36 54 71 70 31 61 85 20 95 50 42 44 36 76 41 59 39 42 63 65 97 94 81 21 38 1 45 10 38 64 39 42 88 50 43 70 17 41 48 8 19 69 37 79 78 27 79 30 56 8 82 17 10 45 28 95 76 37 73 32 9 26 24 53 91 97 2 57 44 73 12 60 24 31 73 97 4 5 47 2 28 4 77 14 55 2 64 8 19 75 81 7 67 49 65 70 37 73 15 30 2 49 18 41 53 89 6 51 83 35 79 33 72 58 64 
96 16 32 45 8 99 83 51 36 4 93 12 89 35 37 50 13 67 75 72 5 57 67 9 45 17 65 85 21 59 92 35 39 53 32 35 28 41 19 88 59 1 57 27 23 87 58 21 83 74 77 74 55 85 18 52 56 46 12 76 49 15 56 14 29 70 92 81 5 49 2 55 17 34 27 22 31 37 99 32 70 29 94 50 48 16 16 38 8 52 21 12 44 85 11 83 71 21 76 20 7 42 10 18 81 71 7 40 85 4 95 24 41 41 21 67 43 55 16 75 22 31 22 57 42 83 47 100 31 11 57 58 71 73 72 93 66 13 1 74 95 61 44 83 49 95 66 6 89 28 99 23 79 46 66 63 45 70 85 97 
97 9 18 18 37 57 48 86 9 49 62 100 55 9 28 97 31 23 82 98 26 33 9 21 55 73 51 85 61 82 76 67 65 41 39 25 6 71 100 37 59 54 11 51 6 89 41 100 100 81 98 85 8 94 36 56 44 16 76 28 91 63 52 86 93 52 34 40 64 24 24 66 96 55 69 75 86 55 67 21 12 12 48 47 33 47 52 57 52 79 55 76 60 94 67 48 12 1 30 43 72 34 21 79 81 87 55 95 78 50 14 44 33 70 55 47 93 76 10 95 84 50 30 38 26 3 83 46 29 100 18 2 1 42 90 83 1 46 55 73 15 66 16 88 16 100 1 94 82 74 46 37 8 86 100 56 41 97 71 5 
92 71 8 51 16 51 64 77 23 52 83 22 62 98 46 65 75 38 5 88 27 76 79 82 57 14 53 30 18 4 56 86 0 58 26 14 33 99 46 72 12 12 12 82 41 45 62 86 48 51 43 83 95 80 4 79 69 10 38 16 6 49 27 99 31 85 27 31 2 96 0 67 27 28 6 72 8 24 44 64 42 16 91 65 49 19 73 46 42 36 53 34 14 46 63 99 49 27 59 88 12 48 95 46 9 38 66 33 20 43 99 54 39 10 47 81 29 56 52 7 79 41 99 82 28 7 52 95 69 57 11 49 67 32 55 22 24 88 91 1 59 25 90 8 25 88 97 64 68 91 20 51 8 34 94 78 71 99 18 57 
33 81 43 28 5 8 82 10 19 23 84 81 23 91 67 68 30 60 44 54 91 84 67 85 88 83 80 59 1 36 38 26 10 8 71 21 89 8 11 31 51 3 57 19 62 87 80 26 23 62 68 62 90 71 58 24 73 63 80 6 21 9 96 44 39 41 92 56 61 96 48 95 51 5 8 93 98 82 27 53 8 93 38 94 2 90 21 67 78 97 94 80 40 56 26 59 43 54 55 45 35 65 30 17 18 92 49 0 4 92 32 3 17 10 13 59 81 37 37 4 55 95 20 59 10 48 77 68 82 43 29 6 17 34 59 93 95 92 35 0 91 31 16 39 48 12 74 46 64 37 43 5 74 18 31 100 35 74 0 83 
11 69 55 61 28 59 41 1 6 52 3 43 32 4 22 54 99 33 37 6 40 17 31 75 55 17 34 97 67 4 98 17 7 79 86 86 29 26 99 75 18 47 78 6 7 9 43 39 6 87 60 50 23 88 89 68 41 66 64 12 87 77 65 71 28 68 78 47 7 30 41 80 10 42 43 35 30 31 42 71 57 16 98 95 89 72 1 87 65 55 48 49 83 65 41 53 72 7 3 51 9 32 68 55 78 91 46 100 45 54 37 33 64 58 14 6 27 50 91 0 75 72 52 79 23 40 0 70 65 11 10 13 72 81 31 50 19 42 23 9 17 7 61 81 46 100 62 55 68 79 3 52 61 25 90 27 67 21 76 14 
78 85 1 39 79 13 35 37 29 31 77 10 99 62 22 53 43 43 16 31 42 65 27 61 76 43 87 82 14 20 70 89 96 33 66 22 5 45 25 10 45 31 49 1 27 91 24 17 46 96 18 76 93 63 63 83 15 92 69 7 37 70 47 18 97 28 88 9 20 45 49 92 8 0 54 60 79 44 86 8 36 90 95 81 86 8 15 7 36 20 27 4 4 76 23 81 65 69 56 32 52 41 77 86 95 35 71 50 16 13 33 84 47 77 6 86 14 11 69 84 21 11 86 96 36 76 78 20 55 37 69 100 34 89 1 70 28 33 7 24 52 94 44 99 6 90 71 32 75 11 30 69 11 20 81 12 98 67 90 12 
93 58 59 96 17 31 2 43 12 89 88 7 53 100 92 6 55 24 48 55 26 31 14 21 56 95 69 8 11 4 43 44 23 48 58 82 96 84 70 58 9 23 64 6 85 76 27 99 10 99 33 70 25 53 5 40 56 79 84 38 40 79 77 49 41 29 58 50 34 61 26 63 47 91 85 87 7 61 46 76 73 41 4 0 74 31 11 2 38 73 42 86 59 89 33 3 52 52 59 83 84 65 28 98 21 33 93 25 59 32 99 41 12 60 51 92 8 60 30 37 29 52 72 1 70 14 46 71 23 85 66 16 53 40 62 38 65 31 93 4 35 62 64 39 75 84 91 29 31 66 95 79 11 19 37 54 77 63 51 95 
10 77 38 14 95 73 33 99 76 8 54 94 52 99 98 4 99 99 71 11 85 50 86 86 61 50 73 30 19 1 20 52 57 70 3 48 39 94 5 62 0 90 53 72 69 75 91 5 67 29 9 42 71 63 44 33 60 56 0 41 37 11 70 58 99 52 23 92 89 43 65 6 73 60 15 2 61 30 75 12 97 42 86 79 48 6 79 44 34 86 42 93 61 55 83 35 21 41 39 35 95 100 18 94 40 49 22 81 54 3 12 59 3 71 10 31 69 85 69 5 70 58 55 13 80 41 42 45 14 23 35 96 45 40 47 22 15 18 9 37 80 33 86 90 2 36 1 27 23 71 32 52 78 1 33 60 36 60 23 27 
23 76 59 96 24 76 20 13 98 79 48 6 23 89 7 82 77 94 98 94 86 16 20 33 46 37 36 22 70 3 78 100 52 68 11 98 39 39 53 35 76 25 90 98 3 63 85 98 85 50 25 20 5 15 85 33 90 38 31 74 91 97 94 5 83 65 43 68 91 77 4 30 50 55 33 43 54 49 95 70 51 55 45 12 20 73 17 71 5 0 82 87 41 15 21 90 27 35 24 21 56 81 32 49 23 24 49 97 5 26 0 17 47 84 13 24 96 88 77 38 77 6 61 72 60 27 71 41 63 13 12 71 21 17 53 79 36 18 66 96 42 53 81 34 62 47 61 97 34 74 38 81 37 39 30 61 56 67 84 5 
62 29 20 61 79 68 31 51 99 76 48 19 87 25 70 98 55 17 13 81 52 54 30 46 31 22 61 54 61 82 25 56 90 23 58 55 38 98 87 88 46 20 8 15 2 85 56 90 93 88 79 47 39 92 94 39 13 81 98 14 20 17 31 47 48 85 28 5 66 87 60 35 86 23 90 53 38 72 73 60 21 52 50 77 8 9 85 37 50 44 84 78 37 61 34 4 48 27 60 59 18 24 77 8 60 1 81 52 81 41 50 62 66 13 9 87 80 47 86 49 9 82 13 43 72 59 72 99 38 57 33 27 95 100 89 80 95 97 15 82 37 30 93 3 48 80 65 62 20 0 23 17 52 61 15 91 11 81 94 70 
22 42 35 62 74 74 96 16 77 62 63 25 80 6 56 58 56 46 24 33 61 63 69 62 0 41 68 17 81 4 78 54 41 83 10 64 29 47 46 63 78 39 4 68 23 91 87 61 89 33 30 79 71 68 6 34 96 63 93 87 45 99 94 39 85 28 94 75 19 95 47 97 9 71 42 87 81 93 62 4 85 99 10 79 6 0 60 69 37 4 89 88 61 6 46 63 74 31 44 67 22 29 44 89 7 92 68 62 4 40 16 20 61 25 85 88 67 78 51 90 37 94 86 85 91 27 93 42 4 47 72 76 39 12 97 49 28 55 41 15 22 94 63 30 53 16 68 64 41 47 2 11 45 25 99 49 64 90 3 39 
100 39 54 32 76 3 14 52 63 72 20 29 81 50 72 63 32 31 99 64 19 69 36 7 27 93 98 3 75 2 68 81 69 41 27 81 63 52 80 42 71 35 9 74 99 84 66 64 42 9 62 51 56 48 57 21 58 82 80 74 99 84 45 68 6 17 84 87 19 98 56 70 91 27 97 73 26 14 28 29 30 52 49 76 30 87 24 42 21 92 10 66 17 63 1 26 58 48 82 0 2 24 80 74 45 90 89 45 18 86 23 48 90 99 31 16 78 54 16 58 25 66 52 20 76 71 84 51 21 86 12 38 23 66 79 67 43 4 8 99 13 12 75 19 0 16 58 48 57 92 66 81 83 47 12 28 42 33 27 15 
21 41 92 57 44 19 95 4 56 85 49 13 100 89 17 57 20 12 50 53 18 73 84 14 85 47 65 80 81 8 37 19 58 76 40 27 61 6 60 66 89 8 54 92 91 13 0 75 72 81 27 93 61 36 53 17 58 34 22 33 33 53 70 74 5 95 79 27 91 24 18 0 46 75 70 95 58 42 85 37 70 78 22 15 5 82 42 3 93 65 57 7 83 14 95 40 37 43 69 71 45 42 23 16 88 59 77 1 18 16 41 2 93 9 72 90 74 99 38 2 40 78 10 58 28 7 97 96 1 95 53 67 4 31 65 71 91 82 19 9 24 37 51 16 56 85 50 1 65 79 71 36 72 71 10 21 43 84 45 73 
81 68 80 85 63 52 64 80 72 17 26 56 70 46 89 89 29 8 81 42 98 46 67 59 80 60 82 53 76 60 12 15 36 37 37 4 45 73 20 54 52 30 38 12 56 57 26 25 69 80 90 97 32 49 4 99 90 91 31 52 9 16 72 25 78 0 4 43 26 85 92 94 40 77 46 61 35 79 59 64 21 81 40 93 49 11 19 43 87 18 62 52 11 27 63 9 80 75 35 13 96 28 92 40 93 5 94 89 22 32 74 78 94 49 92 20 19 74 63 7 93 68 90 18 77 73 57 81 93 28 15 48 61 20 98 19 96 19 57 88 72 53 34 0 87 43 52 16 18 46 88 54 16 41 80 40 82 79 37 26 
79 64 36 23 72 27 45 4 16 78 15 45 44 10 22 27 39 66 74 9 25 74 83 19 33 38 16 54 57 27 69 74 34 14 0 28 45 94 14 40 64 1 41 63 9 71 87 2 30 15 68 34 27 42 13 100 41 88 51 84 8 66 11 39 24 88 57 11 34 42 33 93 23 6 93 74 12 70 44 89 26 19 68 73 69 77 18 78 6 59 33 71 76 74 74 90 80 27 92 43 0 25 46 13 82 55 56 50 82 46 48 4 30 80 26 28 81 77 57 2 0 16 68 91 71 60 9 66 57 95 87 61 96 3 50 63 15 87 55 33 34 25 84 61 11 16 84 18 99 43 1 55 100 32 49 54 40 69 41 91 
20 4 39 48 13 98 90 55 32 20 75 14 22 68 7 58 66 39 57 84 65 32 6 79 0 17 49 85 78 7 62 55 77 49 32 82 98 82 90 98 28 20 95 54 81 33 90 46 2 6 65 86 53 55 15 90 9 78 66 12 59 54 18 90 83 43 44 70 84 89 100 75 26 83 44 98 8 84 9 10 51 100 57 15 94 75 73 15 47 65 45 55 87 82 31 90 12 25 61 33 68 83 99 65 100 77 32 66 91 42 78 82 15 27 3 15 66 85 35 36 53 19 87 1 79 48 56 52 98 50 26 66 51 16 100 34 22 13 21 74 1 89 58 91 35 37 81 58 19 70 22 37 55 9 41 40 67 27 2 27 
78 55 58 3 18 18 62 48 99 40 54 70 56 80 1 79 97 5 78 32 66 54 44 9 61 90 59 20 38 68 58 32 73 81 98 67 6 6 5 52 19 51 74 46 39 55 19 96 52 83 80 20 92 42 63 46 29 87 65 25 26 36 78 84 1 56 1 26 88 42 78 27 85 5 81 72 11 27 54 75 16 11 98 86 47 82 81 4 48 49 47 99 68 57 48 37 26 1 68 37 12 49 31 50 47 43 78 85 84 40 73 52 32 84 8 51 64 68 27 0 75 61 10 97 8 39 62 54 79 92 99 41 32 96 41 70 63 68 86 62 3 65 51 37 17 70 41 8 66 12 99 95 78 45 66 44 31 48 85 75 
96 77 78 87 75 83 76 73 24 66 63 38 57 81 84 57 74 70 51 83 45 27 6 65 29 60 59 82 70 32 13 38 44 11 38 98 42 2 48 19 81 95 40 45 52 36 89 78 19 52 44 64 28 63 86 12 26 8 26 34 6 42 62 41 58 71 0 26 79 30 98 82 43 5 66 38 29 44 78 27 74 3 4 17 89 88 55 31 15 60 4 14 9 5 17 68 53 32 92 14 56 75 77 67 2 92 5 87 51 58 66 49 39 33 89 77 87 99 22 7 1 56 99 29 67 51 73 68 50 2 26 15 97 68 25 7 69 65 83 50 23 5 16 87 1 5 85 89 43 65 67 78 95 82 50 48 14 88 72 73 
8 44 94 88 59 12 4 77 93 94 56 42 33 53 21 46 2 74 69 64 2 44 62 44 79 21 3 72 13 56 70 29 71 12 13 64 79 95 63 98 23 81 44 74 58 57 65 78 19 59 91 75 2 13 43 58 38 59 69 7 95 58 46 72 14 66 27 1 63 68 36 0 78 93 78 57 88 91 21 59 78 17 1 87 62 23 73 73 46 51 61 39 13 57 21 64 84 36 31 25 98 5 20 60 29 45 17 17 8 4 7 21 31 97 70 75 21 61 9 63 6 43 6 86 18 87 80 84 27 10 25 100 51 55 40 30 65 41 31 39 13 27 84 73 85 91 20 92 57 7 27 91 21 28 28 78 81 16 96 94 
49 63 92 5 98 19 81 96 29 45 15 8 55 39 40 47 15 68 31 56 98 17 3 52 37 94 66 49 55 57 23 19 93 99 43 10 11 45 14 60 64 14 23 41 67 18 48 55 17 60 36 50 98 11 22 15 26 31 64 19 28 15 87 88 41 28 27 67 63 5 10 84 17 75 19 2 64 20 57 4 93 4 86 27 92 8 8 24 15 86 18 99 19 91 100 32 78 71 69 20 53 80 37 52 8 64 59 89 11 65 26 11 93 37 23 29 50 97 74 24 3 66 29 6 11 62 82 63 13 91 29 74 62 71 59 30 23 63 55 52 79 58 50 8 36 45 78 20 67 83 68 37 62 19 75 80 96 79 66 80 
50 55 2 90 72 45 96 47 41 67 72 44 39 61 85 64 37 34 43 88 87 55 49 48 91 62 46 51 98 17 59 36 12 45 90 30 38 39 92 32 11 77 17 43 6 63 40 2 92 43 57 76 23 8 61 37 78 73 57 37 18 16 62 94 98 25 55 96 41 94 56 93 13 12 54 72 33 67 80 27 31 88 5 7 69 36 0 64 13 36 44 37 2 76 56 28 40 94 42 70 1 7 84 58 83 65 33 13 32 77 72 17 82 43 5 40 44 43 17 75 30 33 84 93 80 91 15 23 99 53 58 77 84 88 25 82 71 11 75 3 7 27 9 89 87 0 33 33 83 38 96 43 78 30 74 95 10 19 9 17 
16 45 88 68 7 90 93 35 94 65 39 62 48 92 4 60 12 56 91 37 18 82 80 45 77 4 88 33 15 2 46 67 5 21 68 16 19 8 28 20 66 37 28 1 34 1 57 96 13 84 31 28 58 74 13 55 77 4 11 59 5 50 10 14 3 93 75 97 27 70 42 28 41 34 8 11 91 0 4 35 88 46 79 18 49 15 57 21 90 36 42 70 54 66 21 21 19 37 55 19 53 25 15 18 29 35 4 76 19 37 24 4 93 76 44 20 32 92 39 89 42 99 48 12 80 37 13 30 32 59 89 46 9 40 89 18 10 0 1 4 72 86 59 87 43 71 50 95 72 64 62 75 5 93 49 19 76 4 99 20 
49 39 67 23 0 36 99 94 48 51 77 82 47 60 49 68 81 45 94 59 40 83 94 71 58 38 5 23 74 43 73 17 50 57 4 9 74 96 33 9 79 45 12 1 91 32 57 75 93 91 96 2 38 53 24 45 50 4 10 75 1 36 42 45 63 3 3 90 59 5 50 16 11 78 68 32 71 32 50 10 43 76 91 81 74 34 61 31 93 37 34 84 73 87 9 78 41 42 61 92 50 22 24 74 96 77 19 53 33 93 35 14 14 57 60 87 46 33 62 52 35 29 6 85 63 71 14 48 9 47 97 35 7 0 2 49 73 81 8 35 47 9 62 43 88 46 6 60 88 46 46 37 46 24 99 75 80 94 13 78 
7 65 74 81 16 24 86 79 75 94 96 33 63 73 46 40 52 18 42 85 12 8 97 94 17 63 44 14 3 31 36 54 85 72 26 63 67 91 50 42 18 93 33 32 50 61 69 78 21 43 4 60 55 42 21 16 95 32 44 37 83 31 96 63 45 85 60 46 73 8 50 89 22 62 83 26 28 22 13 27 1 92 60 12 87 16 45 8 11 51 21 2 85 18 28 42 94 61 100 23 29 82 18 96 33 45 2 59 70 10 28 75 1 16 53 48 8 74 26 47 70 46 15 33 53 13 40 41 37 93 47 33 79 56 22 93 63 10 21 14 63 64 99 30 59 8 50 52 73 70 58 64 49 81 55 38 94 73 32 38 
100 16 32 79 63 80 54 86 91 75 25 57 29 89 38 94 45 51 46 36 20 46 17 55 9 76 17 74 11 100 7 69 43 84 77 71 39 11 25 52 19 69 34 51 17 54 0 31 48 22 84 87 43 67 49 38 94 84 72 87 59 22 45 89 76 2 70 16 6 45 75 53 35 34 91 33 1 73 24 83 89 46 79 17 56 53 1 41 14 78 57 29 7 100 100 45 26 19 95 25 36 80 17 37 98 19 98 22 96 59 39 80 97 23 71 1 43 21 17 14 37 68 59 95 3 94 0 85 86 4 53 37 50 84 90 99 73 93 47 71 57 46 87 48 19 83 42 98 19 16 0 36 92 59 26 93 94 84 98 9 
38 38 21 97 86 11 18 82 72 68 8 8 41 25 38 11 42 45 26 27 19 39 88 8 37 52 11 3 74 79 21 56 4 34 19 20 10 86 52 1 50 57 48 76 88 4 93 24 3 52 99 62 77 20 30 74 0 3 0 10 5 11 51 12 96 9 28 94 66 32 21 20 38 70 93 86 93 13 10 17 26 47 33 46 69 29 41 31 66 47 60 13 99 61 88 41 95 90 18 79 58 38 84 97 91 17 94 77 81 37 42 54 85 55 74 62 53 0 68 77 12 6 76 48 93 74 95 100 9 59 8 4 42 58 35 45 71 56 44 76 30 60 14 56 100 69 83 68 4 82 93 55 2 57 88 55 40 18 11 81 
68 60 80 17 84 22 79 82 37 6 20 94 80 100 41 54 45 35 45 3 28 68 64 47 78 14 99 62 21 34 33 86 57 73 57 12 95 20 94 82 98 61 10 1 17 60 73 76 15 5 69 37 58 87 48 74 29 87 30 56 2 70 75 27 71 12 24 82 0 36 0 7 52 36 29 99 65 100 22 57 38 48 80 81 48 84 25 89 67 65 48 5 48 16 98 96 24 85 24 18 85 90 16 54 46 64 72 32 3 34 54 43 14 74 41 93 80 22 13 66 75 83 15 16 7 0 63 66 9 28 95 34 22 46 4 0 88 28 67 24 47 64 89 42 54 17 40 19 100 100 8 41 100 26 76 63 85 10 52 60 
97 17 17 73 78 27 80 79 89 74 35 99 12 36 4 90 100 4 27 94 8 43 60 54 15 58 8 27 22 39 78 63 61 46 45 23 38 52 51 13 94 79 66 54 18 54 66 85 47 89 62 86 95 69 78 77 13 81 4 40 69 8 5 45 19 39 59 100 87 73 57 52 85 33 27 23 63 16 100 92 16 92 81 84 58 74 34 81 47 61 72 5 34 89 77 33 68 15 75 25 52 84 74 75 80 41 42 96 96 57 50 19 91 41 71 91 82 86 86 28 40 82 100 36 100 17 50 78 96 91 87 94 91 23 26 96 48 60 57 65 58 13 63 77 32 85 4 31 54 2 59 42 75 95 98 60 85 41 6 5 
91 7 62 40 31 86 17 8 16 48 15 39 81 20 60 59 19 83 80 25 17 14 39 95 30 52 72 93 34 64 62 91 39 100 11 46 10 36 41 37 21 5 76 46 74 40 75 13 92 30 74 59 21 69 98 8 31 25 93 4 51 72 8 21 10 38 65 29 88 73 18 84 66 65 70 97 28 16 94 19 42 66 46 63 65 18 98 29 94 12 66 73 3 80 41 82 48 33 38 68 99 15 12 96 20 60 57 32 15 70 67 77 57 52 52 44 84 18 6 99 66 91 6 21 81 92 72 69 67 85 9 5 95 80 60 35 45 93 1 45 29 28 28 32 8 58 83 100 43 32 81 9 52 50 40 19 45 1 12 55 
47 74 11 26 99 95 66 83 50 88 100 2 59 38 44 75 80 46 60 11 28 86 50 23 20 24 36 92 17 83 67 35 99 73 41 10 30 88 96 19 67 11 20 92 49 31 67 59 27 34 0 54 59 27 75 97 41 5 34 24 59 57 48 56 9 31 46 2 44 72 0 36 73 96 100 8 91 22 82 94 4 19 65 79 3 26 65 19 86 57 84 83 100 87 12 39 0 18 16 35 4 55 0 23 2 49 76 62 42 2 52 49 4 99 88 65 20 52 59 95 32 10 77 83 78 94 30 44 24 42 10 98 93 58 11 5 50 92 55 20 81 92 56 10 47 60 85 7 69 80 59 89 59 23 47 71 44 5 17 75 
27 81 0 57 6 24 65 4 47 0 35 44 4 88 98 37 12 41 64 74 9 43 66 81 65 71 72 61 78 90 33 24 73 58 40 58 83 22 82 52 71 99 32 44 28 69 26 88 17 8 58 82 39 71 74 5 82 5 26 37 78 61 43 28 91 18 81 82 0 86 56 80 42 78 63 62 15 68 89 70 9 69 100 8 97 63 80 72 80 23 93 73 25 33 34 19 93 1 0 62 15 39 37 7 12 19 13 77 95 91 91 25 13 30 77 82 15 15 43 77 22 93 24 20 50 99 7 9 9 20 53 6 66 6 67 3 61 78 45 54 5 20 74 15 61 26 61 77 95 6 58 33 40 23 37 28 55 31 95 24 
54 31 92 7 99 98 62 56 73 44 76 26 2 4 34 15 53 82 53 16 59 22 97 36 7 22 40 49 86 82 59 35 87 57 12 4 48 92 73 37 38 79 64 56 64 71 22 94 79 98 15 11 55 63 26 28 34 20 85 94 10 84 78 37 14 18 62 100 52 30 36 2 24 85 55 48 73 49 11 4 46 40 58 22 66 44 6 8 66 8 83 85 6 46 53 30 69 95 21 34 26 32 25 1 98 66 98 6 78 24 13 41 31 18 13 89 73 99 6 100 97 74 86 57 38 60 47 77 41 81 100 82 30 18 2 65 16 46 47 27 48 18 59 6 10 2 21 13 4 69 63 10 16 19 22 6 9 4 42 72 
13 50 75 84 12 7 12 28 18 57 96 51 84 46 1 28 20 82 79 89 64 63 76 33 15 0 72 56 64 60 44 50 10 46 83 30 100 29 85 21 47 79 2 29 23 60 57 94 3 48 65 98 20 25 23 43 54 67 44 63 95 7 23 80 95 83 58 12 32 68 34 47 40 12 62 42 55 32 0 82 52 16 47 41 47 83 61 43 54 71 23 47 69 84 10 96 99 36 66 7 28 91 75 50 35 99 53 92 27 57 31 4 2 11 35 85 87 28 52 31 11 41 65 93 58 45 89 74 52 71 36 63 73 9 56 62 69 55 93 9 46 80 96 64 48 24 7 12 40 84 72 52 38 80 41 49 35 70 87 0 
48 48 49 90 70 98 78 21 85 1 63 99 32 9 59 32 30 53 66 13 45 96 66 0 19 59 13 95 61 75 72 94 32 22 72 6 23 14 69 48 2 95 19 71 49 53 83 79 28 42 1 93 29 11 51 48 83 46 84 45 100 63 43 32 71 21 87 9 24 71 97 3 33 79 73 37 93 100 31 71 73 97 91 17 95 23 94 9 51 29 93 74 39 90 23 71 60 2 22 69 74 81 11 66 73 9 48 6 43 16 69 40 38 40 59 26 30 53 56 0 100 28 49 71 71 75 70 5 5 93 31 44 54 81 66 80 33 22 76 89 17 3 75 73 2 1 53 79 44 24 35 32 44 32 6 78 74 91 52 65 
93 37 79 16 6 38 59 76 39 68 73 53 62 54 54 9 12 75 5 74 6 85 48 42 42 62 20 46 78 57 27 25 64 78 83 98 75 22 2 75 67 41 10 18 52 62 9 70 58 83 94 28 97 38 40 98 63 36 93 65 55 67 18 17 50 100 80 47 14 97 91 29 7 85 35 58 52 88 34 19 5 69 49 36 88 26 2 72 75 79 73 68 56 73 59 31 23 17 20 64 43 58 15 72 57 1 81 24 7 35 32 95 0 3 71 58 12 92 34 36 84 20 46 62 71 3 72 3 100 29 74 49 71 35 7 100 77 52 9 93 6 74 41 93 0 54 98 4 77 33 83 94 0 32 73 35 83 100 73 0 
20 71 5 42 74 40 82 1 30 71 65 51 72 82 3 39 61 1 11 39 31 69 40 12 82 46 25 55 8 28 40 89 42 65 36 51 58 81 65 54 78 31 4 77 74 12 47 88 48 86 67 74 57 74 22 12 81 86 82 83 49 40 54 44 78 84 12 17 56 97 100 33 51 71 76 23 1 11 97 82 99 95 67 2 23 71 19 92 13 0 21 22 26 40 85 54 78 1 37 76 20 80 52 4 75 9 7 15 8 38 42 86 71 1 92 78 38 34 3 87 74 69 38 7 92 50 3 67 87 39 34 51 47 76 52 66 89 36 3 13 1 94 26 60 86 9 34 53 79 53 2 53 47 37 25 30 94 4 80 83 
47 34 22 90 82 94 27 98 84 55 4 17 97 50 21 19 62 67 59 90 19 91 22 77 55 20 42 31 68 66 44 42 39 12 5 8 7 40 89 100 33 49 14 65 1 46 76 8 71 84 69 63 64 54 64 91 49 46 91 46 27 19 27 96 89 33 97 93 52 55 44 16 83 29 15 82 39 94 98 80 44 35 53 73 86 21 40 24 59 44 11 53 67 36 67 4 100 55 41 30 91 3 41 90 37 41 32 40 30 37 78 9 82 80 6 53 67 59 92 90 19 44 8 39 41 9 69 2 12 96 84 59 17 18 36 36 97 24 90 32 15 69 33 33 49 76 59 64 43 5 76 25 97 7 37 90 58 61 42 99 
24 33 78 85 97 63 40 83 45 80 7 72 87 94 98 16 37 93 23 22 8 67 21 62 27 30 22 83 0 46 77 82 18 41 49 12 10 74 10 52 78 27 100 14 71 5 86 3 58 28 90 91 19 41 52 32 83 72 40 93 23 21 36 23 70 78 22 78 67 91 24 0 43 25 8 88 1 4 64 29 35 100 71 77 81 60 2 52 42 16 44 100 78 98 62 85 53 48 20 90 8 17 75 96 4 99 96 27 61 58 73 60 45 46 10 66 66 30 74 42 57 21 95 31 69 37 8 55 60 61 90 79 81 30 38 50 98 20 71 30 49 10 98 80 16 62 24 96 26 10 31 24 27 64 94 62 93 100 69 4 
36 65 70 38 32 26 37 72 60 92 12 79 59 77 34 33 75 0 69 22 15 58 93 28 0 64 26 92 17 25 25 38 3 15 26 97 32 27 73 13 55 24 54 43 2 2 100 91 83 54 76 98 69 86 92 93 7 84 51 38 96 57 82 48 96 43 19 32 13 71 44 68 77 47 24 1 95 41 99 75 0 21 98 13 99 33 94 78 17 71 92 96 24 78 49 75 30 82 63 52 35 21 11 38 91 59 5 7 16 7 63 52 75 0 68 59 31 88 79 86 29 25 68 39 25 65 78 19 62 78 64 43 1 36 50 76 22 23 28 28 26 95 36 12 72 10 15 50 98 64 73 68 34 37 1 0 49 17 42 57 
93 31 33 76 80 23 54 69 42 84 0 87 83 74 88 2 19 38 28 40 12 42 60 53 98 42 59 71 1 53 71 15 24 88 19 18 36 86 89 43 77 42 87 97 5 65 61 15 75 82 88 78 62 98 54 45 53 60 90 88 60 90 26 97 49 25 15 0 24 34 10 59 12 30 73 12 21 8 84 57 73 19 59 34 29 14 90 79 88 5 35 80 6 28 59 41 27 8 38 25 20 97 65 20 80 78 44 32 38 98 41 24 55 41 100 46 59 49 17 30 21 8 42 36 8 90 30 35 75 70 77 81 94 43 87 2 77 51 51 32 41 65 13 49 36 12 90 42 39 46 75 76 93 37 45 19 15 84 69 55 
55 91 48 26 91 30 87 30 21 19 100 64 8 58 76 21 2 58 76 84 39 60 63 62 59 87 80 26 80 80 16 69 82 75 89 36 9 44 20 62 95 63 14 70 56 94 52 37 13 65 95 52 53 100 27 46 73 63 86 3 88 50 73 8 48 43 55 50 31 37 9 45 82 89 46 65 69 1 62 97 88 15 62 95 87 42 45 65 70 87 30 79 31 72 1 49 18 61 11 61 67 40 15 80 79 61 95 67 19 15 35 2 2 41 64 77 32 93 40 55 31 15 56 40 82 25 7 57 13 39 27 37 25 43 64 87 11 55 20 33 87 33 42 19 18 98 16 56 7 13 83 1 84 94 24 33 67 48 18 92 
13 0 5 46 88 29 39 42 68 19 36 48 50 98 83 51 72 13 80 42 17 84 94 78 7 46 6 99 43 1 84 15 50 25 25 94 90 51 31 99 84 75 18 69 34 50 15 51 68 19 24 38 52 50 9 99 5 91 86 0 31 34 76 37 94 41 75 34 40 46 57 57 32 49 22 82 42 20 94 60 19 15 66 6 32 55 36 56 50 38 33 83 23 5 61 33 82 98 70 34 83 68 69 81 96 24 22 76 96 28 45 9 90 29 11 14 63 66 26 73 29 76 70 88 12 37 74 42 48 71 51 87 55 21 8 100 61 63 28 18 63 14 13 87 64 36 79 93 44 21 60 41 35 42 65 77 41 92 39 18 
88 38 3 90 84 90 26 3 2 57 20 28 60 51 95 5 95 69 40 75 70 68 95 96 4 83 57 91 52 80 82 72 0 8 58 67 68 88 45 71 82 31 75 93 62 100 99 66 99 94 9 21 71 3 63 80 99 55 27 99 76 42 88 5 16 92 60 9 59 76 83 30 99 41 73 8 89 31 99 56 42 30 26 51 32 6 43 73 26 63 93 4 93 20 86 48 7 93 14 33 92 38 25 36 44 78 32 10 1 85 94 26 11 4 71 38 79 39 67 69 14 95 3 10 68 11 72 78 48 83 35 67 30 13 98 52 83 36 61 11 76 25 10 68 12 24 30 85 89 59 56 12 72 74 99 40 7 76 31 11 
0 65 5 61 95 72 35 3 31 49 46 45 16 13 37 40 99 97 29 19 44 15 74 95 3 36 53 32 31 24 0 23 66 20 26 81 67 94 31 63 17 44 60 27 67 51 74 16 78 66 62 53 82 56 100 57 1 82 52 79 52 14 30 100 84 25 98 21 86 39 38 59 10 21 39 75 98 16 63 83 37 61 18 92 82 76 14 24 67 30 29 13 7 90 78 65 18 19 18 35 18 92 26 39 89 4 3 32 49 38 23 30 50 20 61 7 13 47 79 64 70 7 49 39 57 43 8 72 45 94 29 99 17 77 52 98 34 30 60 69 41 95 85 92 82 41 4 5 30 70 12 2 4 53 48 55 38 48 30 86 
16 85 25 48 100 85 65 13 81 69 12 12 57 0 24 27 90 13 13 79 65 94 68 97 74 13 42 59 86 2 58 59 84 43 74 13 7 60 4 18 6 7 14 65 89 28 51 50 33 12 68 39 73 41 31 83 2 34 2 87 5 69 58 66 82 45 51 95 98 80 43 8 66 39 52 16 86 96 65 41 91 98 12 41 46 77 13 80 2 56 75 36 76 97 45 46 46 56 73 85 30 69 29 80 72 95 15 59 20 41 27 20 69 97 36 54 18 7 78 52 61 41 87 51 51 28 78 52 37 92 58 54 94 25 4 14 65 39 95 48 21 45 54 31 12 33 29 52 98 54 3 10 1 49 34 37 4 77 33 12 
59 70 20 89 90 20 83 17 57 31 40 65 40 28 60 24 8 36 66 72 27 52 37 85 33 5 55 5 46 74 13 94 75 70 38 34 9 94 60 30 50 19 6 27 34 7 69 5 76 38 76 71 57 7 74 68 94 4 37 87 65 74 36 13 45 18 36 39 22 53 35 43 21 9 78 58 52 92 11 100 78 32 92 59 32 74 64 89 41 23 89 81 23 45 60 36 68 2 14 64 67 5 92 91 99 21 30 90 34 95 82 13 73 46 70 66 42 63 2 72 81 53 11 71 84 11 81 33 10 49 66 16 34 59 35 30 6 31 96 86 28 27 47 51 94 21 5 72 1 11 15 0 85 39 93 49 58 94 2 98 
100 59 74 41 71 73 53 29 19 59 75 4 49 9 30 61 78 65 67 7 86 79 30 29 18 27 55 64 18 10 20 37 33 37 84 65 81 93 62 82 92 86 76 45 11 42 93 95 21 92 52 63 20 25 38 21 91 96 0 59 77 35 100 14 49 72 9 15 79 8 15 86 44 66 19 9 6 10 81 78 3 57 41 12 19 65 69 45 35 3 38 33 34 27 61 71 31 31 64 13 0 21 29 16 57 40 26 94 17 73 25 0 83 61 89 86 99 41 69 84 30 60 75 93 65 55 56 98 76 33 23 55 100 57 98 26 69 24 85 22 69 13 33 24 100 62 37 65 84 87 66 58 86 27 21 20 11 23 85 0 
4 11 21 88 40 34 61 4 11 41 73 77 22 84 95 42 66 25 48 95 45 3 82 78 41 81 26 92 14 76 16 52 54 18 12 83 35 68 80 15 28 51 73 56 89 14 76 67 73 65 94 81 61 82 60 66 5 27 62 68 70 31 38 86 96 9 57 23 8 49 26 13 41 8 5 82 96 58 48 62 6 13 30 52 76 72 67 68 13 79 51 26 74 96 2 4 35 26 57 54 72 42 60 81 71 7 26 74 30 82 26 19 14 85 38 100 27 93 25 27 85 28 64 22 25 69 48 74 85 49 21 39 13 63 82 77 97 56 12 50 1 58 15 56 62 33 73 71 85 2 8 65 98 8 13 100 64 13 94 42 
19 96 18 53 29 74 17 100 100 87 43 35 24 45 50 14 62 52 12 80 65 62 46 77 51 47 87 77 85 49 57 20 34 11 31 82 75 75 67 42 68 58 49 65 71 34 36 68 76 62 82 75 13 75 64 73 16 82 39 93 8 82 83 29 57 71 37 52 60 78 33 78 30 63 53 41 100 12 80 3 31 63 30 78 89 56 72 90 40 1 9 51 21 62 19 84 88 95 26 91 12 1 75 97 40 58 39 71 63 98 21 32 44 42 53 71 2 0 34 94 39 10 88 36 74 5 35 12 30 61 84 24 20 99 9 39 70 55 12 0 37 73 85 5 18 36 87 80 13 64 15 66 23 41 35 28 6 85 43 74 
51 65 45 42 6 7 86 34 75 30 33 83 81 73 86 85 92 13 10 71 4 3 62 17 93 1 90 58 69 12 47 45 20 39 50 80 38 74 29 50 89 42 100 79 42 71 33 24 86 18 3 45 37 17 19 22 32 35 79 59 9 27 95 91 60 70 14 97 82 90 26 99 90 84 28 91 89 61 21 42 41 80 4 11 48 18 84 55 16 35 95 72 33 50 32 65 58 62 73 98 9 9 59 98 65 67 0 83 79 74 13 22 30 42 15 15 86 35 31 3 31 46 13 62 32 22 56 22 34 74 0 5 83 65 45 78 68 8 26 75 75 15 50 53 46 33 14 75 71 44 80 99 28 21 70 54 49 12 72 38 
40 0 42 13 14 88 48 37 49 58 62 23 64 75 84 56 8 55 34 1 93 82 16 16 96 90 80 36 12 83 8 26 12 8 19 34 74 44 80 94 84 69 31 82 77 99 39 54 40 60 53 34 46 36 48 92 15 5 0 9 68 16 36 88 92 35 78 49 50 35 57 7 92 4 81 1 24 57 1 2 23 69 20 41 39 99 47 100 40 74 78 80 66 20 69 46 11 50 74 77 60 73 58 32 72 0 90 15 82 70 35 77 79 70 7 39 18 19 70 92 82 43 41 72 84 19 42 99 1 54 64 29 88 53 39 30 24 87 69 42 96 45 44 68 9 43 55 85 66 52 19 82 44 43 30 90 81 55 98 68 
70 39 13 85 5 55 2 89 70 26 46 64 41 26 4 63 1 44 19 80 17 70 82 49 18 6 14 35 38 10 11 7 34 33 61 98 45 94 16 38 97 28 66 41 85 42 26 95 96 77 35 69 67 11 15 28 83 22 36 93 77 96 54 97 39 89 52 3 72 75 98 74 45 4 53 93 66 62 8 20 80 14 27 84 29 0 99 50 87 35 41 63 34 39 49 62 36 77 61 23 75 71 94 4 0 45 87 91 63 19 3 33 85 54 56 93 91 17 9 5 61 95 94 25 83 71 81 52 25 43 99 51 99 82 93 71 3 57 21 30 34 14 9 44 100 100 11 16 60 95 43 38 3 49 66 89 20 60 2 31 
27 28 89 12 69 75 77 80 18 85 55 31 25 8 79 66 54 7 4 10 77 31 68 20 46 42 55 37 78 37 64 50 93 77 19 68 62 37 47 95 76 90 61 74 42 58 63 82 39 17 71 39 20 94 32 91 72 95 92 9 72 35 28 79 64 75 80 56 27 72 64 58 16 81 23 51 24 1 17 14 22 4 20 96 63 45 16 13 4 36 2 34 8 60 20 38 71 73 36 93 49 5 20 88 61 90 7 51 53 44 76 9 83 50 36 39 95 1 82 56 91 90 0 68 39 85 64 85 67 51 55 91 3 39 24 66 79 38 92 55 42 14 23 63 58 88 97 69 86 83 44 2 49 3 30 33 66 50 51 8 
97 14 39 71 80 60 34 82 5 53 25 60 28 6 82 35 14 25 34 96 69 52 13 67 99 71 32 27 27 35 12 44 73 37 41 17 23 90 93 26 47 13 27 41 92 89 22 82 14 16 65 58 26 39 55 34 16 50 22 14 86 50 54 51 98 3 42 84 62 61 25 2 87 12 72 31 45 61 83 1 70 34 12 62 62 15 47 41 88 43 60 76 5 88 23 22 8 15 23 40 66 44 32 89 79 40 45 43 15 86 75 65 96 42 61 26 93 65 43 19 46 74 60 28 85 55 96 25 16 19 90 86 10 6 62 45 41 74 95 44 6 76 63 31 35 44 62 71 51 30 6 34 4 4 83 66 35 35 27 94 
1 92 32 22 0 38 42 9 48 7 27 17 44 31 0 94 49 39 33 63 47 7 51 69 59 65 40 43 46 96 72 38 13 57 46 80 93 34 56 87 34 46 46 13 74 11 21 22 15 24 27 27 36 18 1 88 46 7 40 48 80 4 80 40 92 39 70 91 54 75 14 51 43 21 14 24 51 4 4 64 70 31 23 20 39 79 97 84 47 94 26 64 33 1 28 42 53 88 26 77 50 55 10 11 88 21 96 17 90 55 47 44 73 80 17 86 14 77 61 97 60 36 34 22 95 79 9 85 51 77 44 7 19 7 42 82 70 79 21 9 29 31 52 6 1 73 39 59 87 82 68 59 64 18 99 51 28 38 18 95 
86 55 44 36 50 89 61 82 32 82 9 73 37 59 17 24 45 26 61 48 2 40 30 68 27 31 71 14 0 89 97 6 93 92 23 46 25 34 6 35 71 67 48 9 89 2 50 65 6 91 67 32 95 96 82 92 43 27 26 53 49 74 58 62 96 91 48 67 58 62 22 22 1 50 4 44 45 66 29 60 82 92 16 100 85 42 35 92 54 65 67 30 73 9 54 90 74 33 64 94 70 34 57 93 50 68 98 48 57 41 56 54 39 18 97 80 100 90 90 93 68 50 58 80 58 73 67 66 96 83 44 82 3 18 25 95 62 2 3 84 64 69 54 36 15 19 100 56 57 96 85 4 74 20 77 46 99 92 31 19 
98 96 89 35 80 11 47 53 61 45 33 60 9 50 29 16 35 1 50 41 36 57 48 55 3 64 46 7 63 38 9 90 38 83 84 40 96 93 62 5 7 34 58 17 57 50 5 10 14 28 35 52 22 79 55 3 29 55 89 78 67 44 73 23 43 81 100 29 57 58 57 33 0 74 59 97 55 79 24 65 34 97 2 3 38 86 60 21 14 68 10 32 81 74 95 32 93 46 31 48 50 13 95 87 2 50 63 78 2 40 39 29 98 49 5 2 75 52 77 59 27 30 48 95 46 96 61 68 14 60 78 78 3 70 25 76 25 11 61 18 28 80 42 4 13 42 48 64 56 81 36 8 69 0 95 83 5 5 74 42 
93 39 67 70 27 56 94 73 78 5 39 78 53 61 6 45 54 29 38 75 7 96 100 23 92 82 70 41 8 62 99 96 32 84 83 62 97 30 91 87 56 85 40 73 94 2 13 83 27 4 71 59 9 57 43 64 69 59 83 47 3 87 100 12 85 51 96 53 83 6 62 46 6 97 47 11 0 38 38 97 32 48 83 45 94 28 65 100 23 65 45 3 39 83 55 27 78 73 73 16 16 4 26 11 64 75 22 78 1 86 27 85 92 93 47 93 66 34 49 90 28 45 97 4 33 70 43 40 96 82 89 7 0 35 60 48 50 2 64 50 83 10 55 71 72 49 64 44 75 8 47 43 87 55 16 9 51 78 48 63 
7 62 12 47 42 24 89 93 80 96 66 43 63 40 100 69 13 39 7 75 99 86 30 60 71 71 44 40 92 79 19 69 75 88 4 7 36 3 93 83 1 42 14 40 100 42 51 1 41 75 8 52 22 55 77 68 65 46 91 66 59 65 43 35 59 83 88 64 52 58 45 45 66 7 28 33 99 12 39 65 20 37 22 82 64 46 100 75 71 98 70 12 22 53 90 88 53 59 53 87 15 21 91 2 57 86 82 19 97 22 3 58 76 52 36 20 73 68 28 52 53 79 52 44 42 80 32 87 19 9 29 40 52 99 37 71 29 93 28 13 58 60 94 13 59 22 5 58 55 4 97 37 65 97 50 88 71 68 46 5 
18 59 5 9 34 17 39 89 0 24 22 33 98 65 10 89 62 37 29 13 72 56 65 86 62 65 95 21 54 48 95 16 77 36 30 88 59 91 85 100 1 54 41 5 73 91 90 94 25 19 47 49 58 0 31 73 9 48 10 90 73 70 63 87 72 85 60 14 78 42 71 81 40 62 46 9 23 43 56 92 27 75 42 16 19 72 17 6 54 80 13 67 77 88 5 42 22 67 72 80 3 84 89 93 9 64 94 56 74 55 97 92 69 94 62 65 16 92 19 0 52 50 60 96 72 36 81 63 1 56 20 33 89 66 46 66 91 93 80 3 74 88 33 29 0 88 66 93 63 78 24 87 66 41 28 6 75 41 66 63 
78 79 73 62 89 14 50 47 92 99 15 54 33 60 79 76 89 37 31 32 29 28 98 46 95 51 58 45 20 77 54 25 83 24 30 62 84 45 100 70 3 39 23 87 39 34 95 9 34 68 49 4 59 75 48 18 32 58 95 13 29 56 45 96 98 13 100 73 88 27 61 65 0 8 100 68 54 32 63 35 91 3 8 50 23 94 93 57 7 99 68 7 1 98 1 3 47 80 5 58 80 9 75 26 68 76 57 42 82 55 69 88 59 80 80 34 89 88 5 82 20 57 90 29 82 27 55 69 41 18 29 17 83 36 35 57 18 75 67 68 43 95 1 59 32 46 4 88 8 80 55 39 74 26 16 50 18 28 54 55 
89 96 14 30 22 65 67 20 70 24 89 100 35 13 87 21 96 24 89 92 48 23 73 24 92 29 92 23 63 3 32 12 67 96 48 72 75 35 29 65 56 24 8 21 32 30 97 98 67 71 79 45 60 50 79 54 45 24 83 81 92 66 72 78 46 47 14 93 98 30 77 80 34 66 15 8 28 91 100 58 61 88 69 78 37 58 38 31 19 67 31 68 5 92 33 67 97 2 41 50 54 58 62 90 10 19 60 2 87 66 92 3 81 44 12 50 25 9 23 6 21 61 35 87 11 96 85 35 95 41 36 59 25 71 93 72 91 55 95 68 14 41 40 21 16 37 48 86 14 8 59 51 87 6 64 48 91 80 25 40 
74 50 13 67 20 65 55 74 28 59 42 59 70 29 93 74 26 30 3 87 12 3 89 42 68 81 97 6 57 22 36 37 35 9 79 65 78 35 49 43 91 26 44 74 50 43 36 19 62 97 87 83 5 60 100 96 75 82 15 76 61 48 86 59 84 63 2 53 35 55 7 12 13 46 47 69 68 53 91 94 47 13 84 26 2 78 29 3 50 62 86 57 48 56 60 31 7 60 26 26 20 43 46 87 22 66 93 7 31 36 56 44 64 94 48 19 3 57 42 72 54 73 9 1 59 14 29 92 67 6 30 14 72 25 6 81 28 57 18 32 79 85 31 92 70 11 40 11 66 53 57 41 55 22 5 45 56 43 40 17 
58 56 55 91 43 45 5 69 15 89 30 71 32 23 98 2 36 85 57 6 38 80 79 77 25 98 33 19 99 80 68 3 15 64 78 16 55 10 22 69 48 82 94 78 69 93 25 78 22 46 57 31 16 6 53 73 90 30 29 52 76 40 93 3 99 17 45 12 78 4 54 46 66 40 63 61 2 29 97 2 81 24 23 30 82 57 42 18 50 44 6 94 34 53 65 56 24 19 29 6 93 25 3 61 20 18 37 22 81 24 80 54 21 33 78 76 87 15 24 74 20 7 29 0 68 96 80 6 27 74 94 25 74 19 32 41 33 71 54 64 0 18 66 65 6 64 31 36 9 87 65 79 82 14 3 26 30 43 29 37 
14 89 22 54 78 94 82 27 54 8 69 59 3 21 65 76 14 84 72 2 14 63 10 86 12 35 43 60 78 21 45 24 62 62 78 24 68 27 100 71 17 28 54 90 20 66 14 48 29 6 78 40 21 26 28 43 26 76 9 80 15 77 29 100 54 34 26 71 23 48 36 17 10 6 20 93 99 31 3 46 65 41 16 49 85 18 86 33 17 20 14 76 10 85 61 85 2 32 57 70 92 99 68 63 42 66 37 39 48 10 49 47 4 66 27 26 80 96 72 62 94 95 71 87 8 53 16 87 28 45 8 48 32 49 36 28 23 66 46 69 61 81 49 6 97 99 75 74 18 53 47 24 33 59 77 26 44 15 64 80 
1 58 59 5 58 79 92 74 64 86 3 92 6 84 3 66 80 51 30 5 23 44 2 48 67 90 78 47 11 42 79 59 63 62 8 42 16 87 16 14 62 1 48 78 74 21 63 34 20 35 2 32 39 3 22 67 100 47 39 49 67 18 70 92 6 23 33 9 84 83 55 19 88 60 90 97 76 42 54 93 42 53 64 54 100 73 63 69 0 13 21 95 9 82 60 58 93 78 43 18 2 55 95 57 80 9 7 93 95 38 34 60 72 50 1 65 9 85 8 17 22 91 31 62 75 53 70 13 30 36 82 41 47 52 23 30 82 61 85 81 52 75 56 94 34 72 21 10 69 89 94 48 51 80 46 10 23 25 79 16 
94 72 24 52 36 2 28 75 51 1 9 71 96 65 82 12 56 13 33 56 46 63 8 76 47 4 63 87 12 77 61 64 59 30 50 0 0 100 33 4 75 67 23 11 51 7 91 61 82 18 45 78 60 62 88 45 27 63 57 61 74 94 96 60 56 33 83 88 8 11 0 68 16 51 97 100 76 22 35 66 53 89 77 23 55 29 66 32 24 11 21 19 83 92 39 38 12 17 27 59 64 91 55 81 42 50 18 57 20 15 8 16 80 8 90 70 84 75 5 34 38 91 6 16 89 37 70 12 31 74 16 27 95 38 100 65 16 79 94 37 7 46 97 13 4 50 99 83 43 17 100 27 20 66 87 50 1 39 92 52 
28 87 62 23 86 96 75 39 74 77 55 45 33 66 88 92 43 16 22 26 95 26 91 29 78 29 47 37 59 78 5 8 81 26 90 15 5 1 57 80 9 5 95 4 59 12 76 96 35 10 67 37 24 77 32 57 63 6 95 78 80 91 81 39 36 53 60 16 74 34 60 40 32 70 64 62 83 47 69 7 86 69 37 79 0 14 37 7 85 3 96 98 98 91 90 16 23 18 61 17 46 90 64 91 83 98 44 40 77 72 45 71 80 14 52 3 19 93 18 36 20 68 23 58 82 14 4 94 66 38 71 16 21 55 4 43 84 41 18 20 49 78 87 94 69 79 19 57 44 24 54 15 8 85 38 93 15 18 39 11 
83 52 55 12 67 22 77 19 74 74 97 50 33 47 66 16 95 85 35 95 21 81 53 25 8 11 47 96 57 12 58 41 73 17 83 55 5 64 17 70 27 80 56 98 84 70 5 52 68 34 36 83 98 49 16 60 45 37 38 7 22 13 32 52 43 43 90 25 41 92 71 77 66 46 11 91 90 62 89 33 7 83 61 87 81 8 84 74 53 49 44 0 65 60 14 90 66 25 91 90 84 49 86 88 69 78 50 44 25 89 73 25 49 89 23 85 67 98 28 54 97 26 90 44 77 19 0 51 72 35 58 89 40 26 30 68 94 94 95 5 1 91 85 69 45 41 17 6 64 62 22 20 71 90 73 85 83 37 38 52 
1 90 23 35 78 67 89 89 74 64 94 6 34 41 20 36 50 50 86 38 81 58 77 82 55 38 78 18 64 41 27 31 85 20 20 73 62 17 83 72 16 38 96 97 50 16 32 25 92 83 79 54 17 61 50 6 42 56 89 47 97 86 70 76 58 87 38 43 28 28 92 75 44 73 74 46 49 10 68 15 23 43 26 79 37 66 33 50 90 75 14 30 71 45 20 70 11 39 68 15 0 85 43 24 98 74 1 26 84 17 53 68 56 49 73 84 66 48 7 27 54 80 51 93 20 89 20 0 12 1 46 68 66 60 28 69 65 68 82 12 3 72 55 78 10 56 13 78 96 88 40 47 45 74 26 14 87 86 53 47 
49 91 75 37 16 97 39 92 11 80 37 41 36 45 98 86 66 14 99 55 92 91 39 95 70 17 78 7 32 51 89 71 80 8 20 7 69 68 82 23 29 14 68 71 98 68 4 17 76 82 5 99 45 41 88 18 13 17 27 52 84 25 69 64 50 14 52 19 100 76 63 80 1 87 52 87 66 74 48 36 72 19 81 32 74 4 30 85 21 6 32 8 26 65 74 84 38 62 76 60 53 47 25 58 55 53 40 96 18 45 43 67 89 25 97 31 3 81 67 18 51 27 56 17 26 81 55 39 61 56 61 62 7 9 30 47 28 21 94 68 21 51 97 81 99 87 67 60 60 25 70 81 82 80 78 66 25 94 75 90 
6 96 83 81 10 37 6 91 2 59 33 71 90 96 60 65 46 32 5 95 18 85 89 40 88 51 78 27 55 2 18 0 93 69 51 0 0 90 33 73 61 11 1 72 78 29 37 9 48 81 21 99 10 21 14 15 51 80 7 79 55 24 34 81 45 79 41 85 43 33 10 65 98 37 78 34 32 18 61 71 43 2 52 52 3 54 25 16 24 55 91 75 28 53 28 11 58 58 74 25 62 88 70 37 1 33 42 14 75 93 35 64 25 62 9 16 32 27 36 25 96 85 34 10 2 63 3 42 87 100 60 34 21 71 47 85 22 2 98 56 58 12 81 9 21 1 77 85 77 88 16 19 91 0 19 39 33 63 35 18 
13 41 90 43 12 44 42 34 57 15 86 47 26 53 62 56 42 75 98 26 60 79 10 5 25 98 65 59 81 38 87 78 10 61 13 39 100 5 74 27 91 67 78 2 18 31 78 15 31 16 57 41 7 33 13 11 59 28 78 79 85 75 8 78 53 74 43 87 45 92 64 9 36 56 83 32 47 76 76 4 38 75 79 50 62 81 68 49 62 55 72 6 80 59 15 93 48 50 25 30 52 28 36 96 42 64 85 44 93 15 48 12 2 2 12 47 56 78 18 25 7 97 11 73 78 61 49 95 71 25 1 55 49 86 54 99 91 56 79 50 96 67 21 16 2 99 28 24 97 20 26 100 30 88 88 15 90 3 9 1 
78 28 89 15 32 98 93 79 96 44 10 69 51 41 30 100 20 43 14 35 35 81 28 56 66 66 96 50 37 6 49 35 34 85 97 61 95 37 0 13 69 20 10 94 73 35 64 52 24 43 73 27 5 17 68 47 70 25 5 88 20 79 63 24 53 40 64 54 41 7 32 14 30 91 20 1 19 19 67 91 76 67 69 69 28 76 83 37 96 77 97 44 46 43 62 64 96 35 82 62 46 89 16 28 93 53 51 93 44 8 24 8 67 10 100 83 69 23 97 2 56 94 84 19 34 64 96 49 80 61 78 7 41 43 15 61 12 45 56 62 54 60 4 45 87 93 30 26 3 11 30 69 0 99 80 68 21 46 67 5 
18 61 61 43 18 93 44 11 28 49 54 84 3 99 6 75 22 74 41 32 45 77 62 66 50 0 74 96 63 3 92 82 35 58 62 95 95 43 30 99 57 70 30 4 72 91 96 62 4 80 85 26 20 73 89 17 55 79 23 14 47 18 15 24 6 49 57 98 31 8 6 3 15 5 37 40 9 8 53 94 93 40 17 4 4 56 52 63 28 57 56 10 93 29 56 83 89 7 71 82 75 43 49 33 23 26 35 90 57 12 48 70 68 80 10 49 59 0 91 30 84 19 80 35 95 29 28 6 74 74 95 86 51 65 25 4 17 56 64 80 43 70 8 96 2 56 40 7 62 47 95 87 22 74 32 84 88 58 46 99 
6 52 77 64 0 92 7 24 66 86 48 76 89 49 42 76 98 19 24 18 61 74 30 33 86 14 80 62 82 20 81 26 97 63 66 0 90 28 22 7 48 18 4 4 34 56 9 88 69 25 93 31 11 40 98 100 48 57 73 33 27 54 74 43 36 49 46 77 66 25 64 23 90 91 0 68 30 7 49 34 79 11 8 29 60 93 18 16 44 20 50 98 15 84 59 44 92 10 89 56 43 27 84 67 20 85 64 59 69 42 31 35 27 24 89 41 45 87 9 53 94 78 25 75 58 74 67 40 78 21 20 91 55 29 100 85 16 1 50 79 58 53 21 7 5 11 8 40 39 33 62 72 72 46 42 45 96 4 29 40 
92 57 14 74 23 75 94 30 80 4 23 68 55 57 59 19 95 29 83 76 64 35 47 88 74 20 84 37 98 17 0 50 69 45 85 11 33 77 81 21 44 13 35 45 92 55 55 61 52 21 58 52 14 79 35 78 58 92 30 5 45 6 90 13 54 71 1 3 49 42 57 88 8 59 52 76 62 7 17 84 75 42 11 85 8 95 5 87 34 85 82 76 79 84 95 82 71 17 63 28 7 91 93 99 90 55 42 49 21 42 80 52 49 97 37 56 97 87 43 83 43 70 55 5 58 93 25 13 65 100 57 23 85 1 10 95 27 18 54 81 33 38 34 45 30 20 78 87 51 79 56 42 28 77 41 1 50 31 88 55 
62 75 54 71 59 18 71 57 24 95 79 50 48 80 17 61 76 98 1 39 17 96 88 84 67 45 58 92 86 83 10 73 91 58 73 93 67 12 73 4 74 5 86 18 33 33 12 85 21 46 52 15 20 16 36 38 56 65 93 63 55 70 48 43 84 100 98 9 77 8 51 31 37 25 45 6 49 98 99 73 69 35 36 52 47 32 30 31 27 27 91 3 20 37 84 45 83 38 13 90 91 86 18 52 52 56 81 18 83 82 70 78 53 52 8 41 70 51 73 12 93 48 19 80 67 73 16 46 17 22 89 81 54 42 10 39 89 74 74 46 63 59 66 99 67 79 72 43 19 15 7 1 78 32 57 69 68 94 0 34 
33 43 87 66 88 85 40 33 33 58 25 71 59 90 76 82 9 64 78 95 9 25 97 68 18 38 41 61 16 15 6 23 51 50 0 64 64 12 35 31 72 77 36 1 84 38 64 16 11 47 53 66 41 28 74 49 28 55 33 26 86 87 73 1 94 100 2 17 54 35 61 17 69 68 61 66 85 18 98 37 23 23 86 1 38 44 72 76 34 69 2 23 51 37 98 43 30 58 12 58 83 86 52 24 88 10 66 9 51 49 9 18 84 57 60 34 91 86 15 80 42 1 85 67 92 3 41 91 23 61 66 72 14 36 20 11 82 26 62 21 6 14 70 10 47 86 43 93 27 95 90 13 76 57 92 69 25 93 54 17 
45 84 72 89 23 31 14 64 38 74 52 17 42 29 79 14 28 0 74 18 7 98 31 59 53 6 8 18 37 11 98 36 1 95 17 95 90 81 13 9 71 4 49 93 91 30 14 25 51 44 70 81 84 32 33 51 31 60 84 45 53 94 72 86 63 94 11 30 36 73 19 2 61 42 51 45 59 69 83 25 36 97 96 12 53 55 78 88 8 19 11 85 83 64 18 89 25 2 85 57 1 29 28 47 12 29 80 88 40 29 46 3 67 93 3 56 79 95 35 35 77 55 58 21 82 34 52 17 71 70 3 55 95 2 63 91 67 31 68 89 73 44 24 6 74 54 35 92 90 100 43 12 78 2 33 7 50 38 22 86 
86 79 51 89 74 63 35 87 46 33 33 25 50 52 92 53 11 78 90 24 95 43 51 97 70 8 73 56 98 1 28 23 6 77 12 62 45 36 71 65 77 94 100 1 89 98 61 60 22 43 79 81 71 83 2 37 98 9 82 19 63 37 14 56 56 49 60 81 63 71 69 19 11 82 26 78 33 85 53 13 26 97 57 67 71 73 66 100 70 56 84 42 61 98 42 77 42 16 33 46 7 32 95 99 93 52 82 62 56 36 49 5 47 50 17 27 13 77 9 10 61 15 15 35 62 10 17 24 36 55 19 15 41 27 60 15 73 40 33 24 71 71 3 31 79 53 23 3 10 87 25 67 69 96 86 65 34 49 81 69 
18 46 92 13 36 9 65 99 55 90 35 54 56 89 23 60 35 17 31 76 92 91 89 57 81 28 74 18 54 59 61 13 55 86 56 27 37 18 89 17 32 0 82 5 56 97 8 66 36 19 22 7 60 99 35 91 18 83 93 98 49 90 86 68 96 95 28 81 96 81 55 87 70 42 83 25 53 83 27 62 3 74 92 92 84 53 59 69 14 74 23 37 0 9 64 19 93 49 1 32 21 11 19 72 66 9 24 71 32 30 33 57 69 92 47 34 95 45 39 78 17 19 64 48 90 2 13 78 3 88 58 65 15 86 87 15 39 31 66 24 87 7 54 30 81 33 66 50 82 16 29 20 5 81 77 50 76 10 60 61 
