20
20
93 29 92 32 77 81 20 92 75 50 94 38 80 63 20 87 16 84 88 13 
100 78 0 97 32 42 45 99 8 95 48 76 75 93 100 78 60 96 89 98 
79 10 28 87 0 79 37 20 18 95 34 13 26 78 27 30 28 72 35 54 
56 35 25 79 2 0 96 94 72 44 17 18 11 17 40 4 71 78 74 9 
75 94 28 70 33 52 42 41 67 35 24 39 74 20 41 90 7 100 48 27 
77 50 100 47 88 0 88 88 82 65 84 21 81 48 53 78 34 11 31 25 
13 89 67 60 36 21 64 51 77 15 25 15 83 62 21 25 69 59 6 26 
21 21 67 94 51 37 98 23 87 89 71 59 42 86 13 38 0 53 33 32 
67 39 24 19 18 38 47 35 65 15 93 96 36 10 55 7 9 11 92 25 
91 98 16 2 85 86 16 26 1 97 66 73 28 49 37 11 54 58 4 37 
85 93 57 30 5 57 78 45 76 17 96 59 50 84 84 12 95 85 38 85 
0 63 7 59 45 34 80 57 43 54 57 83 73 72 69 9 9 45 38 75 
40 92 38 58 6 5 70 64 82 69 67 17 7 38 88 16 55 61 98 99 
55 84 47 46 33 58 47 33 13 23 72 42 82 40 32 90 2 17 37 61 
18 44 99 47 25 71 16 74 87 49 34 34 9 85 55 56 70 87 50 99 
72 49 99 46 28 26 30 24 39 36 39 88 63 28 18 81 46 34 66 13 
25 39 46 6 63 1 57 33 62 75 23 72 66 82 73 32 96 37 45 14 
66 10 97 63 59 61 72 54 95 90 90 10 18 37 55 9 58 23 19 65 
22 19 10 15 23 31 62 89 96 38 24 73 24 10 21 93 36 88 85 16 
61 99 10 67 5 51 43 86 24 95 15 65 29 5 26 30 58 68 30 56 
