60
60
67 82 47 80 81 59 65 96 67 81 42 27 98 44 54 18 99 76 0 71 92 72 50 73 51 86 7 69 0 5 47 55 2 10 13 9 65 43 89 55 3 44 27 48 32 2 0 86 79 33 20 64 85 77 35 89 62 82 73 99 
16 45 57 58 39 57 29 34 36 10 46 32 6 17 63 79 96 4 69 92 43 22 51 26 58 51 91 27 97 65 25 95 86 35 96 67 73 78 25 0 42 3 49 25 76 51 49 25 46 56 70 13 1 51 49 33 1 86 8 86 
75 6 72 86 44 61 58 20 16 9 74 79 41 11 1 66 10 23 85 24 56 67 65 77 92 81 55 15 13 55 2 52 83 36 91 37 100 24 65 84 15 69 6 35 41 48 81 37 16 6 14 35 24 92 78 28 66 42 24 94 
86 95 83 82 29 4 30 2 55 45 56 16 44 73 79 93 94 4 77 50 96 75 96 14 41 85 8 32 83 36 12 78 27 4 39 22 98 91 51 16 63 48 37 43 88 74 42 67 80 78 2 63 94 24 79 48 12 4 63 0 
96 55 94 99 37 61 66 100 74 2 65 62 11 37 45 23 76 20 49 76 54 18 33 14 47 52 77 12 15 57 0 20 47 44 90 66 5 11 23 94 47 81 27 44 43 85 63 8 5 10 60 47 53 4 91 57 63 64 93 51 
7 92 2 23 100 25 80 75 83 37 10 40 60 4 44 2 43 21 11 32 1 59 59 12 33 11 12 29 41 80 91 3 14 59 99 83 26 67 70 74 17 100 7 43 63 11 0 73 53 89 79 10 1 1 51 69 35 92 97 80 
13 93 73 17 88 27 34 20 56 73 48 84 85 69 7 57 2 82 92 86 49 56 91 63 47 58 33 0 71 25 86 83 82 85 80 72 41 74 36 70 55 2 82 8 2 42 70 81 66 21 47 12 96 5 40 99 22 28 77 84 
88 47 64 73 27 31 71 24 82 27 42 62 28 44 35 9 79 74 89 68 51 67 58 61 53 77 79 1 17 25 55 72 10 30 28 6 36 80 82 94 26 49 90 65 78 26 42 34 95 69 49 56 47 58 24 98 62 89 76 73 
83 45 7 57 5 32 78 9 37 50 10 20 81 12 84 73 44 21 83 84 74 52 8 22 10 25 75 82 59 42 95 95 79 44 3 63 83 73 61 58 48 53 0 54 91 83 98 98 26 24 22 94 62 50 74 16 57 31 88 49 
74 50 43 63 42 26 49 58 70 23 41 7 98 43 35 80 62 15 46 90 4 6 11 83 61 29 78 28 82 94 41 49 39 38 90 32 63 71 64 56 23 76 12 72 53 53 11 93 94 20 85 35 31 86 28 93 61 85 79 76 
85 58 59 3 25 75 78 17 73 36 34 38 22 60 59 32 48 7 93 35 50 70 5 45 58 91 49 38 51 12 36 57 90 60 32 87 25 50 38 61 26 90 4 33 54 64 40 26 59 64 83 48 37 44 14 66 76 53 20 35 
37 44 2 1 30 97 76 11 82 66 21 99 31 57 99 81 25 42 27 36 50 9 30 6 15 24 0 65 18 51 48 46 3 76 57 78 45 21 99 46 87 77 34 81 73 46 46 14 29 19 100 83 24 63 77 71 50 79 34 27 
60 50 82 33 85 46 21 59 77 63 16 26 14 4 13 34 34 65 90 3 69 90 76 60 34 33 59 73 51 31 57 21 24 66 24 63 44 86 3 98 62 47 49 22 63 80 36 68 72 71 43 84 58 49 6 69 9 46 44 51 
67 42 93 57 27 79 58 69 91 48 43 88 11 3 29 65 46 13 72 44 75 45 96 27 3 72 32 9 29 63 10 87 67 59 72 51 41 95 54 24 87 70 79 57 33 52 71 48 49 42 27 36 77 65 74 27 72 43 83 93 
33 82 46 41 100 1 36 24 56 7 28 15 82 77 49 30 43 39 17 11 66 3 30 66 77 30 86 70 34 14 53 91 3 81 1 2 48 66 4 61 30 16 82 87 78 53 69 9 35 28 56 49 45 24 83 59 90 24 51 98 
25 2 32 17 83 13 43 85 92 59 30 64 27 82 45 69 27 10 76 67 0 92 32 4 10 1 0 47 68 32 24 32 19 19 85 35 4 16 6 88 13 93 41 57 66 18 50 36 74 46 91 58 21 54 95 8 90 39 57 31 
24 80 48 89 38 79 69 42 88 47 56 42 66 2 1 2 34 12 88 99 68 57 86 77 41 43 20 42 94 88 53 65 18 71 16 95 21 90 70 16 11 17 100 85 29 37 0 74 100 85 99 80 52 25 0 5 21 19 81 29 
25 88 100 58 97 91 15 67 4 6 25 77 36 85 44 66 13 9 49 65 32 73 69 99 39 30 38 52 77 33 11 97 49 95 30 38 37 7 69 67 78 67 19 34 64 84 5 43 50 96 84 9 26 62 43 60 9 4 13 10 
9 85 33 69 85 9 84 40 77 69 21 47 24 40 78 87 68 51 21 79 20 25 51 67 28 96 66 35 77 58 96 86 32 23 22 0 71 7 19 70 53 55 73 52 22 89 51 88 45 13 4 8 73 54 91 42 47 9 68 58 
57 25 5 63 71 91 3 19 28 83 46 64 64 34 72 85 41 83 56 100 19 76 5 18 82 1 96 96 7 70 76 69 68 61 88 0 97 18 59 24 62 31 81 72 70 26 17 85 16 75 42 5 58 23 36 33 69 81 37 16 
9 42 46 8 62 58 21 6 61 54 37 76 97 27 88 83 96 32 11 100 39 8 60 31 5 67 47 34 94 60 46 2 41 23 85 7 36 98 82 42 48 39 44 20 7 6 84 87 97 96 15 92 94 85 20 13 29 32 16 1 
16 47 30 88 8 66 87 68 7 26 76 26 73 77 15 77 84 0 94 79 78 10 33 69 30 95 24 70 4 51 12 8 70 82 75 47 31 58 32 35 85 53 83 36 77 15 84 99 22 10 76 3 23 37 43 25 10 30 7 11 
35 31 27 78 78 71 18 84 5 51 88 63 99 91 60 45 1 29 99 7 66 98 29 18 28 59 35 12 72 68 28 88 52 24 79 2 92 98 84 39 45 9 28 81 83 37 59 64 31 52 28 33 64 63 38 95 24 76 54 50 
44 47 10 90 16 11 62 100 90 93 91 2 58 29 4 55 43 99 4 50 89 30 94 89 19 73 1 12 63 81 4 68 36 43 28 29 94 87 90 16 18 49 28 19 11 65 12 11 14 27 13 91 31 26 64 87 49 29 65 74 
1 31 10 79 77 66 24 94 15 13 95 50 71 72 4 8 61 95 37 52 38 78 13 85 43 74 86 42 78 88 72 12 29 54 25 100 71 63 18 98 2 73 91 98 12 89 60 48 39 50 80 70 69 19 20 63 71 42 35 90 
5 13 4 28 87 64 24 25 40 75 25 74 22 38 33 35 27 69 8 96 96 38 64 5 73 22 34 82 41 83 38 6 46 57 8 87 25 90 78 12 65 71 94 100 40 99 24 56 33 88 94 54 4 46 61 92 60 33 18 8 
24 18 86 50 27 38 97 16 99 44 7 42 47 86 55 74 37 7 97 37 54 49 53 81 16 24 85 65 18 68 91 10 58 7 100 38 52 55 35 26 41 10 83 41 94 73 39 78 24 19 59 79 45 72 13 59 66 29 87 53 
22 71 40 2 58 43 63 23 18 0 93 10 95 47 51 64 74 33 47 79 59 45 57 35 74 7 25 38 28 91 90 28 12 90 71 57 47 45 18 29 90 45 40 97 63 4 87 5 100 79 68 23 94 44 33 53 46 55 15 71 
79 57 17 53 24 35 72 31 100 11 91 5 17 36 81 83 25 83 35 75 17 35 61 19 82 37 95 36 59 36 74 69 46 20 78 98 12 3 9 22 43 2 82 72 62 22 73 27 32 86 69 85 31 98 82 51 100 47 32 36 
50 32 12 39 98 14 36 66 97 8 14 13 77 96 54 50 20 67 85 54 54 48 84 45 60 20 45 64 8 52 50 78 20 37 3 75 94 33 81 19 73 75 99 8 39 82 37 55 5 50 96 89 14 37 3 90 82 14 20 97 
9 75 44 50 59 66 48 64 73 45 19 59 23 30 47 33 59 35 68 86 88 96 71 84 98 22 27 69 9 46 53 53 41 75 98 38 90 50 5 3 83 87 9 12 67 63 14 0 39 54 4 39 28 6 32 12 42 97 83 4 
48 44 48 46 41 25 45 89 56 12 33 32 1 46 48 84 52 81 30 4 17 45 14 36 20 20 22 68 40 13 45 52 22 75 53 53 5 51 62 0 14 81 92 41 94 83 95 16 69 8 33 15 2 5 91 11 37 44 48 44 
19 97 6 17 51 20 41 89 94 14 77 51 30 78 68 20 6 75 60 18 67 30 1 69 91 21 72 27 26 65 76 59 64 72 93 69 80 12 1 55 93 97 13 70 38 72 48 47 24 4 25 88 42 12 53 66 3 50 15 86 
58 1 61 16 62 2 28 12 59 99 88 59 95 32 76 87 60 2 75 94 64 89 6 50 65 83 62 90 67 32 36 53 25 21 47 6 56 2 44 6 95 47 56 99 73 90 9 16 24 55 80 92 96 53 59 24 26 74 99 26 
95 80 25 7 41 62 91 70 16 8 92 21 26 52 95 4 36 64 22 65 73 78 48 78 27 95 25 60 26 22 24 77 77 19 38 4 76 6 6 85 24 62 71 29 28 45 95 76 59 63 36 86 74 72 52 72 10 2 52 94 
62 64 1 96 43 37 67 38 81 71 71 19 11 70 87 39 12 83 81 25 74 16 57 55 48 66 73 96 7 46 39 43 1 45 61 16 64 12 90 57 7 6 76 27 78 12 95 22 34 95 53 77 87 31 16 48 30 6 15 30 
37 1 1 90 32 62 39 74 37 16 1 5 25 43 33 22 65 97 1 8 49 28 31 8 88 28 39 78 81 59 55 60 86 91 17 38 50 56 2 80 26 17 4 30 17 28 96 89 34 8 48 8 77 54 71 35 20 56 1 94 
31 27 37 85 17 29 31 73 5 9 17 48 0 53 97 2 60 49 83 69 24 66 81 78 59 75 72 93 57 33 52 48 7 96 31 74 69 66 5 100 100 6 82 54 74 18 94 32 78 3 53 73 70 70 84 48 76 63 38 72 
35 31 54 40 95 24 93 74 12 28 71 21 6 95 52 77 73 68 18 71 91 45 66 18 79 88 11 5 93 48 29 52 61 92 82 1 95 59 33 35 3 80 60 18 67 52 44 5 24 79 31 18 52 69 8 37 12 91 95 38 
86 10 74 76 63 82 29 45 18 37 50 27 47 7 81 15 16 81 39 69 79 83 86 92 58 53 16 94 73 22 30 53 9 68 37 30 2 99 73 27 50 54 79 29 68 56 17 30 83 24 32 99 29 20 7 98 5 89 81 34 
96 54 62 4 57 28 28 6 32 29 38 49 67 70 50 49 42 15 35 16 9 78 67 52 23 73 89 76 17 54 40 13 57 31 23 22 36 96 96 1 99 26 11 69 93 63 5 40 36 50 51 41 97 28 50 64 34 94 100 8 
58 75 13 52 29 86 86 1 13 88 67 68 73 47 32 32 89 83 91 55 100 47 19 70 36 46 62 55 11 70 69 40 14 84 36 58 31 38 91 21 67 61 70 51 88 69 46 18 72 99 39 54 25 98 2 17 14 69 38 39 
73 87 46 24 58 70 58 33 12 67 27 58 15 61 2 69 55 80 52 31 6 25 89 40 33 74 81 38 8 33 6 42 84 60 73 33 54 9 1 43 56 50 86 78 61 55 99 93 64 8 51 65 61 39 43 90 69 9 85 25 
76 2 88 41 58 100 62 84 63 8 90 1 12 5 23 69 87 42 43 3 56 22 43 58 77 44 66 74 10 68 14 50 41 78 53 15 28 94 28 44 45 47 23 91 15 17 63 76 95 8 15 75 72 28 17 45 48 76 93 80 
96 76 74 48 84 51 42 9 82 73 62 6 77 39 34 78 34 71 82 84 47 76 61 27 0 98 71 17 6 59 11 67 46 31 95 86 9 78 10 34 58 26 25 71 79 81 16 72 38 63 92 51 44 21 46 24 20 51 69 76 
21 45 21 57 63 34 9 16 98 53 8 7 0 24 16 33 6 3 11 23 4 6 13 48 30 92 73 96 95 97 94 45 63 68 69 87 72 9 31 4 0 40 30 87 24 71 0 51 100 86 6 94 19 13 10 69 45 81 3 65 
14 3 59 28 68 8 42 20 19 58 99 57 88 94 84 18 5 23 44 76 34 23 6 16 59 43 14 88 39 15 78 64 49 44 58 0 68 20 71 62 88 35 80 30 78 6 25 73 53 44 98 64 82 98 24 9 0 1 33 15 
12 82 45 52 33 27 71 26 9 100 14 54 35 54 5 92 3 94 66 18 83 48 28 20 62 96 47 71 22 86 32 56 49 96 3 23 0 39 60 47 14 38 83 88 42 22 33 25 91 80 97 50 57 68 58 9 36 97 100 4 
92 26 42 83 88 80 56 7 61 43 39 23 3 43 43 90 13 78 65 11 23 15 19 57 32 63 53 35 49 44 94 3 23 95 34 48 63 0 64 11 23 68 46 4 89 79 33 94 88 78 61 9 61 31 7 29 97 76 73 75 
88 55 98 100 85 58 46 44 4 75 100 76 89 22 68 84 73 13 19 3 15 49 68 67 5 45 16 59 45 14 27 32 22 19 34 16 64 29 16 36 56 56 17 62 24 61 86 44 46 7 26 37 5 58 80 49 45 81 65 14 
11 49 55 47 90 53 91 52 12 7 85 69 48 80 42 41 63 4 8 39 1 7 9 24 86 82 55 60 68 13 99 7 41 65 89 93 69 33 51 2 89 30 17 23 17 55 100 100 24 0 26 6 87 59 85 4 11 18 74 95 
21 93 83 17 58 88 44 74 87 76 95 70 19 44 89 92 45 3 79 68 44 76 40 66 17 16 16 83 18 23 42 0 62 55 23 50 67 32 47 18 26 49 58 25 45 5 42 90 75 13 54 1 0 15 35 32 8 66 67 75 
28 90 69 19 39 21 97 74 98 13 59 2 49 80 69 49 76 95 27 24 37 70 78 64 28 21 52 93 91 16 54 83 45 47 55 83 50 92 83 19 93 48 82 28 72 20 90 69 91 86 0 21 69 99 6 22 84 43 36 9 
91 69 88 46 94 1 66 97 15 63 52 29 22 95 89 74 91 50 10 45 63 27 43 99 30 76 69 55 97 28 72 50 41 65 44 44 91 9 49 27 81 42 81 6 5 41 86 50 96 100 48 66 28 37 26 41 41 44 33 44 
15 53 64 90 34 26 15 80 71 1 8 29 1 66 35 8 90 56 33 88 51 57 43 62 34 75 8 18 81 64 59 61 30 44 18 29 69 17 79 36 52 55 90 6 84 0 27 99 88 97 36 49 8 34 9 4 53 11 86 61 
74 4 25 23 23 89 12 23 19 47 4 48 55 57 23 63 54 10 72 43 21 31 68 74 32 86 88 63 21 24 59 13 65 57 56 39 21 84 70 54 23 87 37 13 94 62 77 7 26 80 67 27 1 95 32 86 29 74 61 23 
7 4 62 49 24 41 76 12 74 66 49 100 8 55 0 6 8 50 42 91 54 50 55 33 73 9 57 73 85 5 64 58 34 85 22 82 68 94 89 97 97 85 76 51 58 28 48 77 1 32 59 46 43 89 39 72 20 36 31 69 
47 49 61 96 14 6 3 63 41 80 1 81 45 1 70 79 58 57 34 97 57 75 78 55 45 50 12 96 46 28 11 81 96 79 41 37 82 46 75 39 27 62 86 62 79 4 19 9 99 6 22 44 11 42 64 41 39 27 48 90 
85 6 40 50 59 53 22 46 1 76 13 38 64 24 0 21 77 12 50 67 64 46 36 82 98 55 57 42 44 85 0 20 52 48 54 33 78 42 49 69 96 61 48 90 13 79 84 39 100 22 26 17 79 88 20 71 0 90 92 40 
74 33 29 20 9 68 29 79 48 78 77 27 24 65 21 66 56 41 95 44 11 63 15 6 21 0 90 66 38 53 35 96 22 0 26 43 56 93 50 80 30 3 70 63 29 92 64 72 28 88 70 55 60 53 59 67 13 43 62 83 
