120
120
45 1 12 66 78 75 70 35 75 21 2 98 74 48 77 93 72 5 68 4 7 86 24 53 77 71 46 91 85 0 62 77 68 63 47 37 52 54 1 30 81 61 13 2 14 86 80 58 6 3 80 89 90 31 28 57 54 83 57 21 18 93 83 61 79 30 36 22 93 44 22 81 7 87 91 88 18 56 96 0 29 15 17 75 40 98 18 55 91 83 19 39 76 41 63 23 20 24 16 56 92 82 84 99 27 53 29 49 49 47 65 6 32 68 82 28 87 17 94 64 
81 48 32 77 78 44 40 40 54 41 51 96 15 62 3 42 75 18 39 70 13 92 16 59 19 30 2 44 26 34 20 96 81 8 69 9 30 47 47 23 71 24 8 83 64 1 28 91 36 28 96 68 20 94 4 64 60 59 89 56 40 24 44 12 10 32 56 6 89 31 65 13 98 87 59 21 67 32 95 81 91 40 97 17 26 90 7 38 54 15 44 29 78 91 2 4 79 82 93 71 54 22 30 14 35 19 22 97 73 69 86 23 47 72 66 87 84 28 45 21 
0 82 6 49 29 88 16 82 95 3 19 92 11 23 20 19 24 9 73 15 20 89 33 11 60 12 68 51 34 69 14 84 33 63 2 88 44 1 29 31 60 9 35 11 62 12 6 71 3 32 13 20 70 26 6 79 32 82 84 98 44 65 64 4 72 16 61 35 46 54 32 68 27 85 47 33 18 84 63 18 6 100 10 83 98 5 31 16 40 48 61 30 64 56 56 79 30 92 51 26 89 22 88 21 58 45 52 43 11 28 44 16 56 40 56 2 34 34 88 91 
100 2 68 15 97 7 73 82 48 70 1 71 68 98 26 15 80 90 5 97 32 8 98 85 63 36 3 91 67 79 49 34 85 3 55 32 72 66 65 31 34 54 5 30 28 21 52 62 9 64 27 60 86 67 2 42 64 26 93 97 89 51 40 10 44 83 25 27 25 65 68 39 49 79 5 41 67 45 86 46 69 46 66 11 70 16 32 58 65 18 57 16 4 18 12 64 70 76 84 9 74 75 64 64 55 36 65 72 59 86 34 35 99 65 6 54 51 0 15 58 
1 70 69 32 53 88 74 58 9 44 96 53 21 9 55 22 17 58 54 57 77 37 29 76 9 44 56 8 93 43 66 29 85 75 24 35 91 54 48 26 24 7 36 7 7 54 59 50 65 31 3 68 35 11 48 44 26 31 83 82 4 32 62 68 8 29 53 57 9 29 86 87 23 45 71 11 58 2 93 78 35 29 10 1 8 9 40 60 20 1 9 26 38 45 23 76 50 62 46 53 37 67 5 4 10 37 98 76 55 9 60 89 33 89 27 98 46 94 51 81 
24 39 52 79 54 3 71 35 46 93 56 78 77 37 65 42 55 37 79 93 18 38 89 52 2 86 13 84 68 90 100 39 21 76 1 89 83 40 65 97 61 39 59 76 100 28 54 34 3 79 25 97 30 63 82 24 4 72 43 19 44 51 45 44 65 59 42 55 7 40 31 0 7 80 93 19 17 95 77 89 35 99 15 18 96 74 22 100 51 11 13 99 68 33 51 12 55 78 52 39 62 55 69 36 65 42 1 70 64 32 5 27 69 72 14 2 85 11 67 32 
40 67 57 56 84 94 77 76 48 29 48 88 91 59 71 10 95 34 51 96 36 92 65 96 53 89 18 88 32 6 41 86 0 100 25 2 100 91 29 49 90 35 29 59 74 96 60 55 12 23 97 39 46 16 6 5 70 84 40 57 54 74 92 27 45 89 89 26 75 74 5 85 44 67 62 58 36 100 91 24 11 28 65 69 58 86 24 48 57 64 88 56 56 58 67 92 57 86 29 72 57 32 28 0 71 100 61 31 23 76 59 7 100 8 18 99 0 53 58 32 
66 0 58 69 49 11 24 45 18 16 77 0 75 1 45 16 73 63 84 75 10 29 9 99 85 72 32 23 7 5 37 74 47 8 19 84 96 87 93 90 76 50 41 85 17 84 34 12 98 96 73 40 74 49 30 62 44 98 67 90 94 80 69 45 9 78 53 28 69 51 93 38 100 84 33 41 89 49 4 20 38 30 19 66 99 93 29 45 33 28 49 28 66 0 85 30 48 79 38 55 59 62 9 20 35 22 23 97 77 49 62 93 53 40 48 36 97 5 68 48 
0 41 52 18 8 65 22 16 37 71 63 75 46 50 44 19 76 31 40 11 68 90 99 44 58 42 85 44 27 35 59 2 88 58 6 12 23 11 60 53 20 57 66 59 89 40 3 61 5 23 77 77 90 44 9 63 33 19 37 18 97 35 41 76 24 54 96 52 68 42 45 70 65 19 94 97 90 69 28 16 39 62 7 19 97 61 96 30 92 23 44 23 97 74 79 99 93 77 71 21 52 95 45 52 43 93 73 12 16 29 35 35 95 34 56 34 52 19 10 3 
74 5 69 5 0 26 95 62 19 62 98 41 58 41 9 59 99 74 17 37 51 72 37 15 37 52 56 96 48 41 0 100 5 69 47 85 34 28 78 17 10 56 24 63 79 80 66 5 38 9 54 15 79 51 65 5 96 83 45 51 68 6 73 50 47 77 42 75 56 100 17 6 66 2 74 89 90 37 82 47 25 61 44 50 13 63 77 2 10 23 100 81 74 73 44 25 12 24 26 50 19 9 100 91 58 0 21 16 16 41 18 56 66 69 27 46 49 18 73 27 
31 100 44 36 34 13 21 31 10 10 25 72 68 25 11 75 1 45 86 93 18 90 61 40 0 37 11 66 82 99 71 74 94 79 95 47 48 28 36 66 98 37 53 5 98 43 80 50 12 43 57 9 14 14 97 22 57 13 1 94 37 46 10 36 5 73 91 21 4 6 79 4 18 68 83 49 39 87 6 80 71 20 39 51 91 26 89 30 29 20 13 56 26 1 15 26 76 30 78 76 27 2 45 68 19 66 23 5 94 36 33 99 67 54 53 37 60 30 81 90 
96 93 13 43 48 39 78 48 3 11 59 31 58 36 73 27 97 38 22 64 82 18 54 68 85 31 75 34 53 59 42 69 41 7 69 19 69 92 49 1 0 75 30 43 90 51 25 97 59 41 83 10 84 36 39 46 25 62 86 19 96 7 82 21 21 20 52 38 15 31 85 48 97 21 84 24 47 45 54 58 46 8 20 25 3 4 93 91 83 31 19 94 11 41 74 59 95 71 57 36 52 10 87 100 3 26 45 12 27 64 58 37 89 94 96 80 53 94 82 62 
18 6 85 64 12 4 58 47 61 64 22 19 66 85 50 28 48 10 37 47 24 67 86 72 77 40 7 87 66 95 66 32 30 60 81 81 65 89 41 48 72 8 49 93 11 75 50 53 51 84 86 10 73 97 44 17 90 28 11 16 54 12 24 44 70 31 48 84 93 56 13 10 68 44 47 95 14 73 92 88 37 45 91 90 66 21 70 93 78 15 35 3 65 38 98 69 22 9 76 66 54 79 45 97 90 52 7 1 18 43 83 82 5 4 17 35 38 24 29 27 
61 65 59 98 49 91 77 24 42 94 46 82 11 48 11 51 98 50 36 75 95 46 21 89 94 66 85 91 100 69 7 80 68 60 52 36 32 65 99 50 73 69 60 20 11 66 81 36 54 85 36 99 29 81 38 75 51 90 48 87 34 92 60 92 44 60 34 25 18 5 6 85 96 53 67 26 5 50 28 90 95 81 4 46 36 1 64 32 35 21 32 92 66 92 29 67 93 90 20 77 59 51 8 72 53 32 95 19 44 4 38 66 63 58 52 62 85 96 36 25 
20 75 59 42 67 89 51 61 41 34 62 13 85 62 54 34 57 50 82 53 84 78 16 67 78 46 4 14 73 60 13 84 73 53 93 37 51 11 21 90 98 5 100 81 43 32 55 36 48 5 62 1 59 90 4 12 70 24 59 35 59 43 42 35 27 7 38 68 92 10 34 58 97 96 25 70 65 7 9 46 5 7 96 87 55 39 55 34 24 27 93 96 65 44 38 1 73 77 16 64 17 72 78 21 71 67 74 31 23 54 38 100 31 47 74 11 99 63 71 67 
77 88 9 3 54 67 17 23 85 100 55 11 65 36 28 63 81 59 47 64 90 30 86 67 63 53 51 15 28 16 54 50 52 100 46 12 71 71 15 87 63 15 96 82 63 41 84 6 76 6 46 56 28 40 15 58 5 55 95 27 34 49 15 81 31 92 54 20 32 80 76 9 55 25 70 28 33 99 90 71 29 95 11 9 68 90 58 56 12 83 21 20 19 21 31 36 81 97 99 46 54 97 8 2 78 19 82 49 3 19 50 10 15 0 53 95 21 41 66 76 
94 37 46 16 52 1 75 78 35 31 38 70 19 9 0 34 93 84 97 98 52 27 56 100 4 65 15 95 57 6 83 46 47 69 67 0 7 80 59 33 95 71 24 98 16 30 4 50 64 5 58 95 48 75 73 73 51 87 95 26 54 15 100 76 51 58 68 87 38 72 84 94 13 56 51 94 32 44 45 82 92 79 76 27 91 10 75 46 42 62 52 31 33 32 20 39 66 26 7 36 98 57 54 27 89 41 4 44 79 76 14 64 81 81 54 53 55 87 21 15 
17 2 42 62 77 38 7 45 25 28 62 69 15 35 53 21 95 40 32 50 27 31 8 46 58 41 49 34 40 5 53 1 61 45 10 60 18 64 33 54 30 71 72 34 4 96 2 51 72 75 41 72 13 23 96 93 16 14 6 57 42 11 68 63 68 87 24 98 85 46 96 61 54 84 7 74 76 95 21 8 52 53 79 71 6 56 45 29 90 48 75 68 96 84 41 50 50 67 39 33 18 44 87 89 86 15 93 99 74 56 10 8 0 68 56 59 36 92 9 23 
69 50 2 56 37 44 85 44 64 88 65 52 51 15 9 92 13 89 69 27 88 13 53 75 2 26 4 7 39 1 48 55 100 95 8 58 80 38 9 93 61 44 46 24 79 77 57 91 37 13 79 53 29 79 50 91 21 32 5 74 53 9 94 46 54 65 62 84 13 22 62 72 61 20 27 24 65 97 30 16 10 94 93 42 30 11 26 28 49 83 11 64 96 93 29 25 82 86 49 9 87 49 37 94 11 91 22 52 45 91 19 77 29 40 31 45 49 93 70 66 
24 38 82 37 89 81 57 88 94 87 31 85 76 3 85 36 0 53 98 99 82 97 89 38 26 13 11 82 97 16 2 50 21 43 88 86 79 17 100 9 84 44 47 3 30 32 21 83 11 42 90 52 28 43 73 18 70 86 90 59 34 20 73 50 29 32 85 96 90 68 87 66 97 77 31 34 79 72 58 34 63 81 72 12 98 35 45 36 42 12 77 98 15 65 1 30 54 24 68 64 97 55 46 70 56 64 35 53 76 31 14 1 62 85 53 91 56 73 43 49 
11 67 98 83 12 85 46 11 61 8 10 28 41 66 22 77 31 19 50 52 11 19 0 63 22 11 65 95 87 17 34 71 78 62 56 40 40 17 40 24 10 28 7 47 35 69 40 24 61 53 0 26 51 20 86 84 64 4 65 100 92 41 14 11 4 60 4 45 55 61 96 44 66 83 96 25 82 40 23 28 55 60 4 72 75 67 3 44 68 48 90 52 97 72 84 21 65 61 15 46 79 20 41 52 34 76 71 74 48 42 28 82 95 76 49 100 1 92 93 62 
34 57 60 87 68 24 74 3 42 83 32 84 2 47 52 98 63 10 63 3 95 51 31 15 97 93 87 69 40 4 36 89 89 45 62 46 9 98 36 12 44 28 91 85 96 78 2 32 25 75 65 89 72 84 54 4 43 11 98 66 70 24 67 70 51 49 66 85 12 41 85 79 51 74 40 70 2 12 92 68 41 48 85 32 43 28 64 23 35 50 21 90 17 10 63 90 72 55 86 70 28 30 71 6 23 4 88 62 15 29 54 18 64 79 52 69 58 50 2 35 
57 44 49 52 58 18 46 36 49 21 57 29 79 13 69 56 3 98 58 3 12 22 80 18 96 91 48 87 33 96 86 0 42 75 52 47 29 49 89 89 18 54 59 48 51 61 72 7 32 31 18 79 61 75 44 19 93 74 26 75 58 65 23 60 7 39 65 70 55 57 74 66 27 41 33 25 12 93 90 72 79 31 82 49 22 65 0 20 73 27 89 15 99 31 2 100 15 90 26 87 57 99 59 90 91 79 28 51 23 100 10 22 93 61 1 61 20 45 70 91 
35 84 31 29 5 92 31 84 61 37 43 10 63 69 19 48 0 58 64 22 8 63 49 12 42 58 45 33 18 78 13 97 53 82 99 69 42 15 25 13 8 14 6 64 38 75 78 82 47 67 57 80 66 47 8 62 89 25 41 40 15 90 74 75 22 100 16 59 34 21 76 46 35 64 92 29 41 25 7 35 72 67 61 90 75 57 58 82 100 16 37 34 10 26 76 89 51 60 30 92 89 48 18 7 8 90 71 80 47 50 46 21 58 73 100 32 86 40 24 80 
22 11 98 25 75 52 61 18 50 38 63 98 59 66 56 16 31 5 5 94 44 45 14 69 89 88 44 24 79 95 77 90 63 98 70 93 96 89 35 86 37 12 68 6 65 25 24 97 100 97 49 70 24 58 89 59 75 9 50 29 89 12 93 86 47 0 33 49 54 43 100 74 58 12 99 65 87 46 29 31 27 2 7 5 90 96 8 69 30 68 86 62 39 23 69 44 41 39 41 95 63 62 78 96 72 24 36 21 33 13 24 43 0 14 21 31 19 2 78 28 
9 49 71 23 61 77 90 9 77 44 61 43 76 93 8 68 19 96 45 7 85 50 2 64 14 77 92 23 17 11 95 88 41 5 24 18 41 94 59 31 18 36 85 26 49 63 38 10 50 84 33 32 87 96 97 10 19 44 73 5 38 67 34 75 7 64 66 36 71 79 63 35 22 0 14 67 35 24 33 94 0 72 91 13 83 50 49 41 76 6 10 94 83 91 24 92 55 47 3 7 66 16 48 3 15 78 62 22 4 92 73 88 85 50 19 84 17 33 36 83 
68 72 63 67 59 97 18 47 13 5 7 9 90 61 49 97 35 3 99 16 63 49 10 76 10 50 22 47 51 39 75 30 68 75 77 59 63 24 48 87 30 72 77 25 50 82 67 47 78 23 88 82 89 88 96 24 36 5 24 79 22 63 96 56 3 79 79 22 77 62 46 64 94 92 68 78 16 87 30 27 47 77 3 7 9 20 10 67 100 27 82 16 4 27 85 53 55 45 14 83 57 72 17 51 91 55 2 50 85 30 66 78 24 7 83 4 83 63 1 10 
66 91 76 18 6 6 23 65 94 88 57 62 96 34 55 19 12 94 78 97 89 93 89 42 99 53 16 9 31 26 93 41 9 88 71 5 51 11 20 55 42 2 2 24 35 48 52 54 29 25 57 15 25 33 81 40 15 59 97 39 55 83 89 59 75 3 27 4 24 16 29 74 7 91 77 60 54 26 2 9 96 67 34 12 52 39 30 88 14 12 14 29 13 57 88 61 67 76 82 90 56 41 39 64 61 79 42 72 76 38 48 9 63 30 2 89 70 10 91 93 
54 68 77 64 78 17 15 72 8 69 25 62 20 4 23 95 42 74 58 79 95 22 78 57 59 80 56 88 71 93 58 57 52 87 50 98 34 27 97 97 71 8 45 20 66 39 67 44 63 86 63 54 54 55 10 57 31 92 39 8 71 64 89 31 32 6 25 81 86 86 49 43 82 21 99 19 76 4 19 88 19 4 74 6 61 73 45 1 40 56 65 90 66 1 63 20 28 16 56 85 71 89 10 99 25 100 94 14 1 42 7 11 42 83 0 7 72 18 99 38 
98 76 15 43 41 87 62 67 56 19 78 64 21 10 34 79 87 36 11 92 42 94 11 37 4 21 78 54 46 60 68 43 28 3 29 1 77 66 98 79 53 31 9 28 59 85 51 77 59 1 21 28 54 56 82 98 86 8 79 45 54 54 30 47 17 68 10 18 61 41 63 87 12 50 10 51 61 12 58 45 31 94 23 91 30 22 98 56 5 93 87 74 18 19 4 9 52 44 96 60 16 12 84 83 11 56 49 14 90 47 53 54 90 98 39 62 3 51 37 86 
53 35 20 76 97 61 23 46 54 66 14 16 92 23 50 29 23 43 70 88 55 39 89 16 58 53 13 31 31 85 5 45 62 10 1 33 61 33 53 15 40 68 99 12 19 26 71 0 73 76 66 42 6 87 17 0 7 67 80 35 68 23 8 16 96 37 39 91 24 66 96 6 21 90 10 27 78 23 52 9 59 93 1 4 44 67 42 34 13 58 59 57 78 66 89 35 25 80 35 8 91 22 7 4 99 100 89 2 40 69 29 35 63 4 48 8 97 1 72 6 
52 63 28 92 0 23 67 58 65 66 81 52 38 87 27 18 25 70 54 73 24 54 22 34 94 51 60 100 45 71 57 52 27 87 70 49 44 50 90 7 3 67 27 3 92 87 82 79 34 21 29 30 0 70 74 13 4 5 86 48 56 57 64 21 12 15 58 17 100 93 68 32 11 49 7 63 73 28 21 89 12 10 76 9 6 75 42 76 62 95 82 73 99 85 74 30 14 1 59 89 92 97 12 38 29 86 17 96 25 74 40 90 7 82 98 29 25 48 95 92 
97 33 75 11 83 39 68 72 80 17 50 35 62 52 97 49 47 97 76 40 64 75 58 88 39 21 64 93 85 45 48 4 52 57 15 68 30 37 31 98 31 69 87 62 19 54 98 85 79 34 51 47 4 20 55 37 33 50 68 82 59 62 83 35 73 88 29 61 22 4 16 14 24 16 61 52 79 10 6 80 34 98 49 17 3 42 7 9 6 85 69 45 100 62 50 84 27 95 70 55 82 72 67 25 74 86 73 36 6 65 70 21 15 60 8 31 25 55 18 10 
99 11 1 9 36 77 77 52 16 46 1 69 6 94 68 28 50 89 66 73 95 78 10 59 9 68 74 36 31 34 66 87 100 88 65 89 84 14 99 10 81 4 51 4 90 64 50 38 53 74 84 97 35 56 14 38 87 41 74 87 78 8 3 32 18 19 57 96 42 0 97 24 28 76 52 99 24 60 26 10 51 5 16 35 21 55 63 8 28 45 52 50 74 65 30 0 53 33 57 9 72 27 19 84 27 46 24 45 20 95 17 3 4 62 64 100 17 96 50 71 
0 32 93 9 47 76 34 32 20 95 50 69 25 21 84 69 14 77 77 77 35 19 65 53 61 18 54 46 45 58 72 42 72 12 54 39 68 39 82 73 22 11 4 76 11 38 98 24 15 96 94 5 53 50 67 40 17 61 6 72 9 16 4 3 14 4 10 24 36 23 65 66 46 94 53 38 23 51 67 30 82 84 76 32 15 27 29 2 54 99 98 94 16 96 25 12 93 79 43 5 23 33 96 85 59 54 20 72 80 3 79 76 47 9 98 100 35 4 73 99 
40 4 89 71 77 5 31 41 14 11 58 76 12 37 52 38 95 89 22 35 1 23 91 45 41 6 19 90 24 76 2 84 61 91 35 21 28 94 31 86 69 28 53 15 82 35 73 77 90 16 45 6 33 9 78 6 27 30 77 66 93 93 34 13 57 48 78 69 9 46 19 62 12 26 29 57 69 18 6 20 9 68 40 26 98 77 16 39 53 37 17 10 17 17 91 19 38 26 71 23 73 12 15 20 47 60 21 77 91 64 82 27 25 60 12 2 100 67 77 17 
31 93 43 35 60 34 42 97 11 39 55 55 15 9 73 82 46 65 84 73 49 23 93 4 53 77 85 48 20 59 80 13 94 56 88 74 86 96 54 11 27 92 85 81 35 89 41 32 30 82 46 46 40 20 21 50 14 80 24 92 19 96 7 93 42 63 73 15 85 52 86 80 17 94 41 16 22 99 23 74 73 65 28 82 26 79 26 5 51 90 82 71 37 100 51 10 56 42 61 100 48 9 1 86 74 23 23 6 16 60 30 98 73 21 48 54 14 58 44 60 
83 67 71 94 26 61 81 27 33 45 86 66 86 74 50 60 41 10 60 20 99 66 54 59 64 96 89 3 91 22 12 25 94 7 20 11 8 45 64 84 70 38 17 48 79 96 30 71 6 9 84 62 43 75 59 44 7 96 34 39 92 13 45 66 5 51 73 51 66 12 65 78 23 94 64 3 5 85 96 38 30 73 4 56 85 87 4 74 4 17 6 9 45 45 49 58 18 56 58 14 97 47 92 51 20 80 29 16 33 34 57 56 87 88 76 0 93 55 0 53 
2 87 30 14 81 92 22 73 61 17 19 82 54 60 94 40 39 62 48 78 58 61 72 29 12 51 28 20 84 58 77 19 79 51 83 63 38 24 90 20 39 47 59 78 29 43 74 9 53 45 40 79 10 83 33 16 35 39 63 48 55 58 33 8 11 73 18 5 95 75 88 96 80 88 91 69 15 93 46 93 2 86 7 95 82 63 51 9 2 31 95 73 62 29 4 83 68 84 7 50 22 7 100 3 30 41 90 33 39 38 70 39 4 20 47 98 86 20 0 21 
88 5 77 20 89 1 30 54 98 28 0 35 67 88 76 58 29 61 80 91 36 59 100 48 31 24 3 10 99 12 75 54 66 78 6 66 5 39 59 25 21 86 38 15 73 62 86 59 11 85 33 3 16 29 25 99 99 9 43 95 98 60 20 71 54 77 46 100 21 43 92 72 95 41 32 94 16 6 12 28 73 87 14 92 7 39 59 35 48 32 31 82 45 89 40 65 33 92 48 81 40 31 81 71 54 42 24 20 90 84 10 24 86 63 19 21 37 10 66 70 
55 24 38 54 35 70 100 57 36 14 24 21 5 27 68 84 91 51 36 22 27 87 89 30 93 32 67 78 86 34 7 31 30 30 71 16 19 49 46 78 75 77 78 12 76 44 45 0 30 73 7 73 39 39 35 54 93 72 36 51 49 40 8 61 91 56 13 2 10 16 7 0 26 29 98 3 27 17 55 98 62 60 88 79 91 81 13 35 30 82 54 12 80 30 68 4 9 69 15 17 59 36 53 14 3 78 12 88 69 56 20 79 72 80 59 69 16 45 75 4 
46 68 24 33 100 86 60 34 33 16 81 73 15 58 41 39 85 10 86 44 100 52 22 88 38 51 1 24 65 1 45 28 92 59 34 52 68 20 96 15 14 55 91 34 92 20 99 33 84 36 1 17 93 64 24 75 25 67 53 38 15 48 45 37 43 56 50 49 6 54 21 29 69 32 13 41 33 27 86 29 92 70 1 58 95 80 80 10 79 53 21 31 56 63 86 10 9 8 96 86 60 97 0 68 34 28 30 13 34 20 23 73 94 60 24 82 23 63 18 71 
30 95 19 41 25 29 31 6 38 45 77 20 76 22 32 56 21 41 54 14 64 1 51 45 87 76 20 6 93 99 89 2 25 89 35 100 45 14 72 11 41 17 46 93 82 34 74 12 38 60 92 60 79 68 79 25 58 1 43 40 55 74 1 18 68 24 42 48 18 41 79 61 23 74 0 91 63 20 98 6 66 95 90 0 97 52 19 73 57 61 82 71 40 30 75 83 18 61 69 8 31 14 87 14 49 49 45 20 4 0 23 76 56 42 62 62 24 90 95 74 
40 87 79 37 63 100 13 26 79 20 20 46 71 38 59 32 7 58 49 5 78 49 69 92 16 37 57 77 85 64 34 32 7 43 0 87 2 70 88 29 67 12 0 41 75 66 65 22 19 95 69 57 77 40 56 49 79 76 97 66 90 49 9 79 69 20 64 36 19 14 90 30 90 19 37 1 54 14 30 21 7 77 69 73 62 35 30 30 7 30 74 40 52 9 54 5 28 4 93 85 90 55 25 32 12 6 45 49 47 92 46 1 98 40 50 46 91 71 69 34 
67 43 12 49 85 54 19 92 83 8 40 54 74 34 94 6 38 82 55 68 41 19 62 100 51 27 7 56 63 34 74 5 2 31 23 37 96 55 76 29 82 65 5 49 66 22 75 86 4 5 7 100 15 61 4 39 45 27 64 98 21 28 47 37 19 18 11 1 49 87 70 34 0 16 82 42 1 35 94 73 36 29 8 97 13 68 77 86 36 3 43 57 80 81 87 2 33 11 16 77 12 6 71 42 1 10 1 68 12 84 18 4 49 21 59 23 36 48 78 82 
48 44 42 24 27 15 27 37 61 93 60 80 52 80 70 11 100 52 0 9 43 72 6 9 17 35 77 97 47 31 13 92 47 0 4 28 17 42 22 49 54 72 88 55 53 20 18 54 98 23 80 47 14 78 78 66 14 82 56 74 0 11 10 76 99 40 21 1 85 49 54 74 93 36 44 17 99 8 55 47 23 20 10 39 39 58 71 43 6 36 70 19 91 92 45 25 67 97 45 98 88 57 38 16 24 39 15 1 69 72 33 22 95 78 60 57 60 52 85 56 
94 26 40 26 87 83 29 26 69 71 30 82 25 65 35 75 9 95 77 65 45 29 61 88 48 6 13 12 6 29 77 5 67 25 91 44 15 66 43 22 60 46 31 44 4 61 8 78 95 27 88 83 81 1 63 21 30 33 14 1 29 25 99 73 100 24 17 78 13 43 10 76 14 54 50 80 28 66 83 41 68 41 9 67 43 88 33 44 27 81 25 100 78 28 0 18 0 96 19 50 23 67 74 89 95 54 19 38 95 94 73 17 81 63 45 51 72 11 10 59 
90 44 11 84 66 79 97 28 99 45 17 97 95 49 0 68 56 56 70 56 82 91 99 63 32 90 4 58 41 70 43 64 24 37 40 78 56 17 21 46 19 90 7 46 35 20 37 79 19 57 37 72 66 59 93 47 1 67 46 60 77 76 7 44 48 81 90 71 74 39 29 19 27 75 43 90 62 66 12 35 78 23 46 11 19 11 82 40 42 59 15 50 4 18 34 20 53 86 42 38 32 19 7 18 63 22 18 17 40 24 72 21 75 14 78 29 90 51 33 28 
58 50 70 94 57 27 8 28 9 71 16 26 14 49 7 76 55 95 26 30 98 84 18 86 14 64 50 50 75 84 20 99 96 24 50 58 48 96 63 89 76 7 28 5 25 43 4 51 37 23 18 11 15 30 74 51 21 25 31 59 63 75 75 58 30 27 97 100 64 21 74 70 69 17 52 5 80 94 71 14 99 93 14 67 13 82 31 33 51 85 85 99 32 6 8 54 32 72 87 66 47 96 17 53 81 11 31 5 16 61 69 80 99 27 95 21 53 50 3 56 
9 52 14 52 90 62 71 31 49 39 94 30 1 8 77 11 41 24 94 36 19 75 76 84 86 17 82 64 91 13 52 29 55 1 24 35 27 61 39 55 10 81 2 57 89 8 29 49 49 60 89 58 57 54 27 7 60 16 82 44 89 10 63 10 25 31 10 94 17 75 99 88 92 72 80 25 54 72 96 4 7 84 46 45 65 86 7 7 0 31 58 79 66 68 74 37 30 4 97 81 77 27 15 39 26 47 18 86 54 46 11 92 66 89 98 43 64 43 78 0 
88 95 13 27 21 52 60 14 75 26 83 24 96 97 36 8 59 49 81 8 72 55 74 69 45 92 29 95 57 94 14 52 48 14 29 91 58 39 97 70 58 98 6 75 19 53 33 23 95 65 32 97 75 2 4 18 100 55 47 28 24 91 48 15 27 81 62 7 95 49 9 53 60 82 72 36 6 66 33 22 40 41 39 24 54 3 88 93 90 100 29 94 90 60 85 29 62 44 11 84 91 66 69 74 46 23 52 82 30 22 17 95 98 69 37 70 72 23 36 82 
19 6 81 76 89 74 42 35 32 61 59 59 86 91 91 52 47 16 90 80 30 68 33 27 36 35 13 49 17 76 27 31 81 40 59 4 0 9 50 61 30 86 15 35 75 31 36 68 17 79 57 57 62 98 24 32 39 79 43 9 100 98 98 87 74 65 62 93 32 35 60 28 29 22 0 68 9 79 89 18 60 61 50 71 77 55 33 4 99 7 35 96 18 53 87 59 36 32 50 11 51 6 23 86 45 68 12 20 79 50 52 45 34 41 31 83 27 69 81 91 
17 56 72 33 24 64 95 48 24 61 72 15 17 72 27 32 27 75 93 11 11 41 92 62 72 62 94 9 13 39 25 85 88 53 24 30 14 60 99 30 24 17 48 96 100 10 34 44 18 24 9 3 10 97 49 99 29 97 53 44 3 58 17 7 74 98 88 2 80 23 62 86 17 93 43 8 6 18 73 8 73 16 36 29 13 98 82 69 23 65 72 51 66 5 50 56 55 78 6 11 94 46 54 50 74 12 88 74 49 53 62 60 58 78 88 68 72 66 30 9 
10 83 27 41 34 20 39 46 5 25 41 98 46 83 95 19 74 3 25 44 36 25 1 1 49 29 99 21 93 48 7 40 56 59 98 97 95 13 13 50 47 50 87 24 84 28 86 4 12 90 84 37 54 80 11 7 75 55 39 34 37 42 55 65 31 49 96 17 94 13 35 17 5 51 6 24 88 90 15 3 59 70 5 80 13 21 77 81 77 24 7 25 76 1 61 25 71 58 57 84 39 99 82 24 25 73 80 91 95 11 77 67 82 15 75 66 12 38 22 58 
59 90 5 11 19 2 35 69 100 49 85 46 93 92 20 42 67 33 87 80 44 81 89 89 24 2 95 20 66 35 23 9 97 65 98 89 81 95 83 40 15 79 100 88 39 43 44 35 92 54 76 70 100 94 71 87 63 61 12 49 53 49 94 75 16 11 88 74 66 95 89 89 38 95 59 16 12 45 88 78 87 68 21 67 95 53 25 85 63 34 99 50 40 35 85 93 37 97 68 82 25 87 25 35 49 53 88 75 12 90 31 53 48 55 57 62 69 61 8 91 
90 65 81 13 96 68 34 70 42 76 29 80 81 73 39 84 73 55 48 7 22 61 61 85 95 34 71 72 4 18 60 32 51 52 72 0 36 66 6 95 56 35 68 37 45 15 76 97 99 97 27 30 40 0 43 90 0 61 59 42 13 64 10 11 44 91 53 78 84 54 84 65 4 55 32 33 4 6 7 89 86 80 68 48 80 15 27 85 65 24 58 68 89 23 5 16 7 40 55 50 64 36 71 45 9 61 91 65 82 11 31 66 50 80 19 99 36 5 60 87 
12 90 81 88 73 64 86 95 44 89 77 14 48 39 40 79 75 15 44 64 73 73 16 73 10 70 68 78 71 67 15 64 24 49 24 40 44 63 49 79 18 60 63 65 88 61 22 20 84 84 3 92 8 86 49 9 75 67 29 50 19 48 89 40 13 69 15 59 96 17 43 74 41 73 31 98 4 16 31 7 42 48 84 81 99 58 21 71 72 71 7 34 61 57 89 7 38 82 83 71 51 42 88 70 87 41 12 39 66 40 44 24 90 85 52 97 85 1 5 50 
86 21 95 54 4 77 49 14 40 1 100 93 71 42 93 78 61 8 75 9 35 41 10 51 54 53 24 84 91 36 92 69 62 59 50 13 69 0 79 75 27 44 11 26 85 32 76 14 11 49 89 0 24 79 59 22 43 11 4 56 19 64 7 77 84 97 15 84 50 78 81 1 4 62 25 86 93 13 95 22 95 99 90 21 98 95 42 37 25 46 2 69 28 82 11 97 4 85 55 78 12 57 23 38 68 35 18 67 86 68 11 79 83 65 65 2 45 1 19 9 
72 55 44 7 62 38 32 29 25 4 31 52 19 56 71 71 28 44 21 76 66 86 68 42 94 60 74 29 44 90 28 39 68 21 74 19 30 46 3 25 17 54 2 42 57 83 22 85 70 13 79 19 64 25 38 37 52 25 73 81 19 87 20 21 79 81 89 69 3 99 83 9 49 3 28 61 21 43 4 74 64 88 71 65 51 5 99 26 51 94 44 19 43 89 53 98 88 87 34 16 31 83 38 9 27 60 87 11 66 82 2 5 73 89 41 17 19 38 58 91 
69 97 26 89 96 3 16 64 72 21 84 100 9 21 67 47 38 43 36 36 30 69 41 73 31 57 92 100 94 70 34 97 7 38 43 54 49 78 92 45 54 55 6 23 79 77 65 40 88 46 0 54 35 0 8 71 6 92 55 39 27 39 81 97 90 94 27 38 56 97 68 98 15 42 91 21 90 1 36 60 53 65 72 36 61 59 40 8 67 100 64 62 22 86 36 10 76 24 86 34 45 24 87 91 27 41 100 65 89 87 97 30 41 32 25 27 98 77 100 46 
36 87 95 35 80 29 41 17 64 21 13 21 73 87 75 68 70 35 7 46 0 41 8 27 11 25 46 50 91 69 67 79 32 73 79 42 54 86 19 56 31 73 22 56 3 65 1 0 47 9 81 49 55 10 45 90 75 79 72 63 72 94 79 36 31 92 99 85 79 83 95 77 17 57 32 67 47 17 39 54 46 82 27 23 46 80 8 85 72 7 84 5 26 90 78 42 38 97 73 13 71 84 20 84 4 92 13 97 5 17 34 78 66 82 96 75 43 90 38 22 
53 13 99 1 11 65 38 34 36 19 22 6 96 3 11 68 83 22 51 37 0 38 73 1 70 100 12 82 53 31 76 17 76 56 20 10 20 26 40 65 14 20 11 2 11 76 33 27 15 12 48 48 93 32 21 50 69 62 76 93 52 22 48 66 26 57 82 38 85 26 54 43 28 94 35 29 79 9 85 53 99 0 45 39 53 43 14 47 94 33 100 12 42 27 52 61 26 31 86 2 48 3 0 34 28 61 49 25 31 22 82 75 15 36 20 62 38 93 49 0 
14 96 41 43 37 15 4 47 31 5 16 18 90 88 97 6 99 0 50 82 24 75 61 79 63 10 80 37 12 99 86 75 77 22 70 97 71 66 31 19 1 96 97 91 45 61 94 22 55 1 56 46 29 4 4 75 83 31 27 75 43 55 61 8 25 92 78 36 18 68 92 87 3 47 71 99 63 52 40 1 97 87 5 30 29 29 46 11 39 96 35 33 68 24 81 53 73 0 4 37 78 29 48 77 36 31 6 92 35 43 0 17 2 10 53 76 74 6 40 65 
17 99 41 84 95 71 51 78 10 30 26 24 17 98 27 61 9 46 13 53 90 82 98 93 3 16 94 68 45 68 73 47 10 5 64 88 32 67 78 75 10 65 29 99 18 44 7 49 12 3 42 38 0 63 45 53 74 92 37 67 63 22 92 84 76 79 7 95 16 59 44 47 72 95 67 45 52 100 14 95 94 5 1 84 47 11 45 31 24 95 83 54 70 71 42 12 58 40 78 35 64 73 72 2 34 41 0 1 66 25 0 62 49 86 82 6 63 40 14 12 
31 79 58 48 69 32 19 74 84 71 19 80 66 46 64 88 50 65 30 86 79 94 78 88 58 17 48 31 76 68 10 35 51 15 69 13 92 33 37 75 97 53 98 9 64 85 75 100 42 7 44 46 18 92 93 17 64 79 5 25 93 99 67 7 21 21 42 27 86 27 75 3 54 94 11 96 43 40 90 3 38 12 41 78 72 18 75 20 54 60 2 54 92 48 97 66 67 21 86 54 69 34 57 26 61 54 48 55 56 83 33 86 10 74 66 7 58 40 94 41 
31 52 53 58 92 21 12 89 2 99 47 26 51 1 28 16 89 17 2 87 53 11 68 84 82 32 95 15 74 26 89 31 83 95 92 36 98 10 25 10 69 52 20 86 18 33 3 58 64 29 27 40 4 66 47 17 20 51 88 45 21 93 91 3 96 21 63 79 39 20 100 67 89 62 58 62 84 15 32 95 34 58 67 92 19 41 50 31 31 4 37 98 6 57 61 23 55 64 8 89 82 55 25 84 95 41 34 33 22 4 7 39 54 44 8 42 71 24 44 44 
14 75 23 64 1 96 88 82 23 85 53 76 56 74 43 32 22 31 43 74 49 58 51 82 32 53 53 48 38 22 6 77 4 4 42 89 96 85 86 26 78 15 22 20 6 35 41 7 54 20 7 0 92 97 15 51 51 4 72 4 44 57 68 47 80 63 95 94 4 39 38 4 34 22 90 24 25 84 11 89 18 50 89 13 74 40 34 44 56 75 95 88 9 23 41 45 30 36 63 61 0 34 83 34 49 58 37 33 71 20 68 4 72 62 36 37 29 97 100 43 
88 26 97 85 79 84 8 18 67 20 55 92 88 47 29 72 91 23 2 25 93 39 3 45 0 84 97 44 73 40 19 26 99 75 74 90 20 39 58 74 26 43 38 59 13 38 60 34 53 59 43 72 31 43 14 35 80 70 7 37 37 40 83 39 34 100 48 29 0 63 99 0 21 40 17 77 41 52 31 37 68 39 76 56 82 12 76 99 79 1 65 32 21 70 62 85 55 84 31 47 42 43 32 86 30 18 85 95 40 97 97 61 25 22 50 75 19 32 20 64 
35 70 12 97 84 41 16 63 23 14 56 12 44 51 60 88 18 77 66 10 57 27 62 5 63 5 39 49 83 69 40 34 61 57 61 70 72 2 71 93 82 100 0 49 11 89 77 86 87 42 12 52 33 74 47 0 69 53 40 75 56 54 99 18 63 59 56 94 66 17 6 33 87 99 10 89 34 80 80 85 25 32 26 3 50 92 75 71 45 49 73 42 18 0 95 20 33 51 82 46 58 87 91 71 70 30 15 37 5 87 71 11 98 1 94 99 32 12 23 3 
58 28 89 57 56 91 74 81 52 47 3 4 13 50 18 20 24 90 58 0 42 84 79 33 24 15 76 85 47 2 61 55 82 52 48 38 94 28 35 84 40 43 4 54 11 41 1 37 14 6 30 66 71 69 58 2 63 10 33 20 18 34 75 63 68 34 8 27 18 47 10 99 94 8 76 95 51 51 96 45 92 22 60 65 34 24 95 83 39 59 8 49 88 97 69 26 48 75 16 51 89 40 53 33 15 93 85 74 19 85 99 54 15 100 30 94 39 33 86 54 
75 79 20 55 76 58 95 90 67 65 51 93 77 95 27 12 93 30 0 30 72 5 24 30 99 17 63 92 49 45 68 60 26 31 44 18 0 41 42 66 71 12 100 55 87 75 97 92 30 29 80 42 57 76 21 22 99 34 90 39 87 0 53 24 46 14 88 21 25 56 4 58 74 27 6 37 66 34 25 70 79 60 7 2 5 0 50 54 93 92 3 30 40 99 18 68 71 97 33 52 82 3 14 8 98 74 0 10 13 37 32 55 23 38 36 56 16 22 76 60 
40 57 0 42 73 64 40 91 78 10 62 62 85 22 3 38 54 86 79 98 56 55 49 44 91 3 17 86 78 22 98 5 31 94 27 0 7 22 15 84 57 25 41 23 59 24 25 4 91 46 54 63 46 46 10 75 19 99 31 84 22 82 15 48 78 66 60 80 5 20 96 98 38 51 62 24 26 98 95 94 98 41 50 19 0 76 12 17 53 57 61 65 23 64 54 25 44 39 95 42 93 0 7 97 14 95 31 45 28 97 19 97 69 10 12 55 79 95 13 52 
28 1 68 89 79 4 24 41 28 52 40 22 82 87 61 63 42 93 99 90 51 25 29 90 52 17 19 23 63 97 29 57 32 93 48 54 100 0 58 30 36 4 55 23 9 54 72 16 56 19 40 67 12 32 68 22 14 38 54 97 6 62 29 18 56 21 14 60 36 62 42 10 19 70 97 55 61 64 68 81 11 68 59 18 97 62 43 2 3 19 75 71 6 63 54 33 2 45 70 83 79 78 86 86 39 29 57 48 11 3 33 47 57 98 61 1 62 37 88 2 
49 95 4 27 58 16 53 41 91 79 28 15 99 21 78 89 97 3 73 6 56 77 11 78 3 68 23 69 58 21 99 55 81 14 5 46 71 5 67 18 61 4 87 61 41 36 76 33 94 90 45 63 54 15 74 9 95 99 89 26 96 79 70 70 34 87 37 85 21 71 43 86 69 46 62 59 95 1 48 10 60 17 72 42 40 59 17 82 57 3 45 19 92 70 45 86 66 85 78 2 55 91 12 100 87 100 97 15 10 27 26 37 49 27 20 100 20 72 23 75 
58 59 90 57 35 21 23 99 81 30 96 7 19 50 29 51 26 66 56 47 94 26 69 90 78 78 50 47 92 40 96 12 3 54 80 7 83 89 28 18 52 94 44 87 11 77 49 72 98 0 7 21 75 97 26 84 94 13 87 23 16 17 35 59 76 7 12 69 34 0 16 95 98 75 40 78 7 16 20 65 61 100 46 62 89 77 99 72 46 26 31 91 8 72 32 0 82 28 77 37 11 54 8 12 88 37 92 20 77 86 64 91 49 69 44 66 12 61 5 97 
11 65 22 53 63 78 75 78 9 59 28 14 43 3 80 74 61 25 88 3 17 50 30 69 59 19 29 82 100 68 68 27 31 47 25 80 73 78 42 23 61 76 2 16 33 56 74 12 61 78 91 77 80 73 86 43 67 69 47 49 63 29 20 48 66 79 63 67 7 37 82 66 66 7 82 40 71 9 24 16 8 50 0 15 42 99 92 59 24 27 60 93 43 49 53 88 4 16 67 24 33 65 34 59 96 83 68 69 37 70 37 68 61 8 6 84 12 70 87 96 
43 86 71 44 61 88 62 25 26 15 30 88 31 12 64 75 43 73 18 26 100 76 23 64 28 90 86 15 1 39 80 52 64 8 35 36 25 32 12 87 31 43 5 25 98 23 17 53 17 51 73 93 25 45 77 58 80 4 19 22 53 9 10 9 58 82 71 20 100 49 68 75 50 89 72 71 58 66 39 1 7 41 9 19 60 14 73 98 1 79 10 15 83 22 51 93 0 96 18 4 9 64 71 85 22 73 78 25 37 74 52 30 86 44 50 17 36 42 3 33 
32 55 3 60 22 24 5 11 98 53 51 78 25 97 60 84 42 41 0 12 82 21 50 56 75 25 77 4 77 63 97 81 14 16 96 11 61 100 26 97 32 48 85 38 39 47 68 35 21 73 31 33 85 70 33 78 43 69 81 93 82 63 14 6 19 25 44 47 57 97 58 67 32 98 42 28 81 90 78 78 85 22 48 99 67 69 100 44 35 73 58 92 70 92 86 43 15 25 45 47 89 61 74 41 9 30 94 42 100 51 30 38 84 68 98 22 98 67 72 35 
80 69 12 47 60 85 12 17 90 66 50 22 32 71 30 34 12 84 89 73 70 47 86 17 78 23 0 35 66 68 7 14 51 40 5 78 25 1 98 17 58 78 89 9 75 27 23 95 83 17 4 66 57 32 54 96 26 47 3 29 28 46 36 42 18 66 20 99 28 34 54 13 48 23 5 60 66 82 47 41 35 65 83 64 99 62 56 67 29 29 5 34 85 50 99 95 54 55 11 45 84 96 58 73 90 41 2 14 78 26 41 12 77 38 23 29 71 0 74 13 
80 5 79 91 1 50 85 36 100 40 5 27 40 0 11 54 31 40 90 98 58 62 89 60 67 64 60 15 55 54 6 54 47 56 81 19 37 24 4 49 96 59 68 58 51 51 28 68 78 91 43 86 83 72 86 58 11 25 50 20 42 50 58 43 94 80 45 30 72 14 87 32 78 90 16 6 29 41 1 66 78 63 15 82 61 23 48 7 30 62 35 35 34 32 50 68 25 29 38 61 31 29 77 79 23 71 30 62 6 18 44 89 2 32 77 55 95 93 62 15 
48 88 63 76 91 68 33 85 85 58 61 4 79 23 9 0 83 87 35 72 79 93 65 50 53 4 21 79 26 87 74 58 44 13 98 19 27 65 53 21 3 49 65 6 7 28 1 94 53 70 52 26 96 67 54 23 78 63 72 25 16 30 89 83 44 71 5 93 62 18 87 41 55 38 69 56 37 22 71 18 81 77 62 65 45 75 40 85 90 59 25 83 36 7 72 93 19 74 10 75 80 69 36 38 33 33 44 57 74 99 74 23 2 28 43 12 91 74 85 88 
71 80 92 1 81 98 92 37 34 97 34 89 8 74 56 44 3 48 78 64 7 49 25 52 13 89 38 50 76 48 58 27 50 74 4 73 21 92 41 10 3 15 72 24 14 7 18 57 71 86 44 46 97 25 1 42 79 62 54 67 15 87 57 4 37 47 69 75 49 95 22 86 39 81 48 2 16 65 86 30 51 90 62 76 28 79 57 83 59 69 62 92 30 70 48 65 79 30 63 93 13 20 23 47 31 62 97 71 6 93 54 8 20 8 72 21 13 85 58 86 
67 80 29 60 86 99 21 52 38 94 34 26 82 19 13 5 24 72 53 98 41 67 70 9 29 92 20 19 49 17 44 26 54 64 5 17 52 75 66 0 21 8 5 83 55 75 15 83 27 10 26 80 3 14 3 18 70 93 24 7 79 7 53 79 60 33 99 41 90 69 38 91 68 28 13 94 80 1 62 57 82 40 20 64 8 6 42 9 14 87 98 99 52 53 60 14 67 46 91 24 4 31 63 85 13 75 57 54 65 52 25 1 22 23 30 23 2 36 1 95 
62 47 2 34 36 57 80 66 34 38 38 27 39 81 10 44 79 100 93 61 27 16 6 18 73 37 67 9 72 51 52 16 36 25 52 23 99 36 93 12 83 55 28 56 71 49 30 45 60 57 61 78 34 83 12 11 51 85 63 10 47 63 71 8 16 55 24 52 79 89 86 1 49 6 8 63 25 24 14 67 5 65 91 29 51 93 85 73 94 89 30 73 91 45 73 44 75 30 65 19 64 32 52 33 63 30 71 49 69 11 45 65 65 20 43 31 38 11 65 34 
2 90 46 92 21 55 35 60 94 100 54 31 41 96 11 64 78 73 89 99 51 85 1 84 7 89 63 69 98 66 19 16 49 11 64 45 71 97 70 77 95 49 76 14 47 94 79 63 21 23 23 29 9 46 57 85 62 8 12 71 57 60 79 100 5 7 69 51 94 41 9 39 18 18 67 27 80 68 50 29 23 60 12 78 47 59 11 23 57 31 69 40 53 55 71 22 77 75 78 39 29 12 78 48 53 49 0 64 0 96 11 33 62 45 83 4 77 61 80 40 
13 23 5 64 27 11 73 9 98 75 11 14 83 71 83 84 28 62 52 18 98 60 89 30 18 60 89 93 32 60 85 69 64 85 3 83 90 26 74 39 39 2 66 97 81 42 46 92 58 88 81 29 74 58 54 4 63 48 61 11 15 48 8 56 10 32 51 29 59 26 81 15 46 85 95 65 49 99 15 63 13 49 23 53 78 96 6 81 82 75 70 68 38 45 85 90 12 98 86 66 41 39 71 0 32 32 50 88 79 51 8 23 94 97 100 59 69 83 92 37 
24 59 83 3 36 59 8 65 71 71 68 25 18 88 4 24 88 80 74 100 62 92 91 47 40 40 73 79 15 100 25 74 95 4 60 16 30 33 38 58 22 14 14 74 6 25 46 40 98 98 84 87 40 25 61 46 43 75 72 16 61 19 53 16 62 87 70 82 10 51 49 84 97 21 76 33 84 45 58 33 70 64 100 34 15 0 94 49 19 79 44 44 40 93 44 44 80 6 57 42 53 37 98 46 58 86 81 34 58 7 76 23 70 31 22 45 23 88 74 90 
47 6 48 20 90 59 76 31 75 38 92 94 52 21 96 20 53 79 79 75 69 65 83 3 13 28 36 1 67 97 92 10 33 79 23 24 89 89 81 20 53 24 24 3 26 50 32 57 46 2 21 53 81 49 95 31 18 47 72 49 72 0 52 16 97 81 0 58 7 48 51 76 49 82 45 69 42 52 17 40 94 93 40 99 84 46 58 68 100 41 75 15 79 28 2 95 67 5 95 66 50 78 25 90 22 27 68 94 44 60 78 71 90 66 62 77 59 18 22 8 
86 14 9 68 70 88 82 96 33 18 36 81 6 84 29 68 53 18 57 24 78 66 16 100 78 55 65 22 25 97 91 14 47 98 56 84 38 8 27 97 2 52 51 49 82 100 4 27 46 66 52 50 50 49 94 99 29 37 72 81 86 12 89 77 58 66 55 5 79 71 42 89 14 54 36 29 68 35 71 87 27 30 69 3 51 34 88 80 76 67 64 59 5 48 74 94 99 70 21 49 54 54 18 69 10 75 72 82 36 31 93 84 84 44 24 90 81 82 39 30 
7 76 40 50 96 37 73 94 42 87 64 1 73 8 8 0 8 24 90 7 56 90 78 30 62 45 86 4 81 98 95 53 22 77 69 66 13 16 7 57 99 82 15 57 58 76 24 73 11 21 16 50 18 2 46 39 76 83 33 54 31 56 78 57 14 85 69 2 47 91 0 94 8 98 65 21 72 82 79 55 90 85 95 4 18 92 99 73 48 7 90 54 52 42 86 36 28 20 83 59 28 27 69 29 51 49 17 77 3 8 100 23 90 83 49 26 40 38 33 100 
85 69 57 61 17 93 46 58 85 82 44 19 27 41 79 49 66 91 48 54 54 98 44 18 74 90 4 22 19 60 32 61 88 69 0 35 65 15 79 33 32 16 65 74 86 63 51 9 83 33 1 11 69 84 2 45 29 32 89 56 9 21 30 66 20 24 58 44 84 24 11 1 58 11 66 17 6 38 3 8 85 71 83 98 89 27 27 56 50 44 37 78 47 42 94 60 33 87 61 21 77 27 53 95 27 98 45 35 22 8 73 7 8 35 99 74 63 41 14 91 
95 20 1 70 37 92 5 14 95 85 99 96 10 65 34 54 54 53 84 26 89 32 31 14 81 80 82 1 63 89 2 17 74 85 30 18 46 9 66 64 39 15 7 95 42 29 64 11 74 81 29 71 34 42 71 58 64 89 52 8 67 3 66 83 83 24 1 21 23 57 17 15 52 78 32 65 47 16 96 100 14 31 96 56 9 64 1 4 76 88 28 32 6 68 33 98 18 24 24 18 85 91 72 88 13 81 72 52 62 92 49 86 15 93 88 43 46 4 13 34 
13 82 63 57 87 73 1 54 51 92 28 0 29 37 74 68 16 33 19 85 10 18 5 7 21 57 60 26 9 11 48 81 89 32 58 62 58 50 86 6 90 25 33 92 45 1 88 18 64 46 30 24 9 96 58 91 20 59 91 65 54 40 62 6 91 16 13 20 23 74 24 49 35 73 38 31 38 49 0 46 91 81 74 31 25 86 10 93 71 9 90 59 14 78 13 68 29 47 51 16 83 8 27 7 32 37 77 66 16 90 31 58 18 88 9 39 96 32 97 6 
35 68 22 47 66 2 73 35 59 22 68 15 41 69 8 62 69 22 51 17 96 12 28 58 20 95 72 3 8 17 98 12 29 64 42 99 1 39 39 82 38 59 87 35 55 51 63 36 61 57 67 90 18 35 10 0 72 93 33 52 20 1 24 37 0 10 8 91 57 44 82 64 66 35 94 17 51 65 42 27 10 88 57 1 22 62 28 62 48 87 94 7 12 71 88 18 75 95 64 36 74 13 69 59 88 28 60 29 85 43 51 12 87 42 93 89 69 91 71 16 
91 60 94 37 39 60 6 38 95 25 89 1 26 38 73 16 52 5 68 58 25 75 64 29 50 10 38 47 15 90 90 90 62 45 74 45 20 62 84 59 9 43 19 88 95 89 6 90 64 70 26 54 78 97 40 57 89 15 62 17 4 31 97 7 54 66 72 54 15 94 21 76 51 8 75 45 77 80 97 97 28 93 6 71 34 67 51 37 60 69 97 70 17 75 10 38 23 56 24 74 22 46 74 47 36 49 73 99 78 6 57 67 53 65 0 48 89 69 8 39 
52 23 41 34 64 47 32 35 25 80 38 48 83 52 22 16 66 85 1 84 14 94 27 25 9 50 61 37 1 66 61 71 49 34 36 73 57 45 43 86 24 30 97 28 13 42 75 82 96 94 71 7 71 86 42 5 87 7 39 30 33 32 75 17 79 99 63 71 18 91 1 7 63 7 71 97 49 46 18 2 2 90 44 54 40 11 21 44 63 59 88 21 16 41 91 64 9 97 74 17 4 77 38 26 1 98 21 17 25 12 33 64 90 60 94 79 97 53 64 81 
56 64 97 40 23 30 82 90 15 80 74 8 79 0 97 90 43 55 67 1 2 96 69 93 98 40 23 16 66 33 36 43 52 45 68 54 76 29 3 45 8 8 72 39 0 80 62 17 58 5 62 42 50 14 100 38 82 61 68 69 75 65 16 0 58 90 53 51 17 19 28 96 66 11 61 54 28 60 80 68 18 0 54 84 20 72 34 80 94 46 93 14 9 12 93 79 51 40 21 4 42 48 64 17 14 0 73 1 29 90 50 0 83 50 85 59 55 73 25 9 
2 8 71 85 40 47 37 94 97 56 91 53 17 18 75 63 40 18 25 91 19 92 37 83 80 51 48 5 10 83 70 60 11 21 15 91 53 64 9 19 36 28 73 30 24 11 68 61 52 25 44 25 78 23 50 8 4 2 39 41 77 31 83 78 44 1 27 24 5 53 40 45 86 82 32 18 59 46 93 38 24 68 21 42 84 47 13 20 24 52 21 68 9 71 3 73 22 7 31 28 5 51 54 82 62 72 81 48 29 36 83 94 51 42 38 96 88 73 45 73 
54 67 27 15 5 93 15 36 35 82 31 2 89 90 27 32 87 51 21 16 93 95 82 70 27 95 38 46 80 27 23 87 98 52 51 67 3 58 16 78 4 56 30 49 46 66 89 2 67 0 91 66 5 23 27 27 58 23 55 38 41 77 94 35 30 14 69 76 4 82 94 39 0 87 18 51 38 4 5 14 65 71 22 64 61 67 84 21 86 27 51 53 65 59 84 17 16 23 23 31 47 2 27 77 14 50 61 38 65 45 22 95 9 22 64 5 40 93 98 89 
22 68 4 62 27 70 91 73 21 1 48 40 76 57 57 84 81 85 4 85 84 31 11 34 48 76 80 96 60 83 76 74 80 25 43 14 79 89 44 7 75 98 11 1 94 42 97 82 41 89 67 17 78 97 70 10 76 33 72 6 3 62 45 25 56 50 87 50 86 62 32 94 32 33 54 91 32 36 27 58 48 5 62 99 25 61 30 66 17 55 49 39 25 39 89 54 87 63 81 15 89 42 89 45 97 44 33 35 65 91 64 16 55 31 85 18 29 98 49 53 
83 2 88 6 56 60 35 97 57 70 52 51 40 1 34 57 72 55 13 32 86 56 39 69 94 30 56 90 45 96 33 25 8 4 25 45 15 63 96 34 97 77 88 19 57 24 90 96 41 9 58 34 100 62 97 16 9 84 90 9 4 16 14 54 4 11 100 4 63 5 34 59 63 1 22 13 40 9 13 73 21 88 9 69 0 90 17 5 85 87 76 4 82 20 55 24 91 20 31 73 49 3 69 54 33 69 7 29 85 6 77 80 68 76 6 66 90 69 68 64 
40 82 33 0 86 61 5 56 86 16 28 72 72 59 81 20 100 83 33 9 21 94 30 10 61 78 62 94 77 64 17 52 3 45 39 74 81 14 65 29 85 68 80 85 11 73 54 52 74 53 75 22 93 47 98 85 25 39 11 68 94 32 46 98 20 64 50 60 24 67 55 90 85 90 28 58 60 91 89 80 5 87 75 92 67 31 63 17 31 94 52 51 22 63 68 88 53 1 80 72 100 98 79 78 14 49 58 30 47 47 56 85 59 29 30 53 57 3 90 92 
78 68 17 98 93 29 44 48 42 62 83 24 45 36 83 10 56 3 95 38 51 67 58 34 7 11 98 10 94 96 81 23 37 65 8 34 40 71 26 69 21 88 57 2 88 97 16 79 86 79 26 81 91 53 61 99 58 98 42 26 42 30 59 83 93 34 36 98 31 4 72 81 95 7 66 80 51 99 100 22 28 8 47 14 16 1 14 8 79 66 58 47 93 18 65 46 26 37 91 44 14 0 28 31 62 71 30 24 31 46 49 31 98 17 55 80 77 29 16 62 
97 43 1 4 5 82 3 66 58 100 28 50 55 27 24 47 39 41 67 70 93 69 74 82 22 97 77 81 26 70 41 79 89 32 62 57 96 91 73 49 56 73 17 19 31 9 53 60 63 76 28 33 35 84 92 82 8 57 94 36 76 70 69 55 62 0 93 17 63 67 73 25 52 97 26 8 94 94 45 85 52 9 65 62 94 84 85 88 56 42 43 37 28 4 86 78 29 73 16 1 96 28 69 21 87 51 97 29 27 20 61 45 47 41 39 53 92 4 63 50 
64 65 0 55 83 63 86 8 78 89 2 83 74 54 83 91 25 10 56 61 54 76 72 59 13 61 16 44 49 3 89 44 50 27 78 75 80 70 43 12 87 92 49 73 44 62 73 78 24 89 74 74 30 73 38 66 32 12 58 25 27 51 31 90 25 70 34 84 70 43 100 94 81 50 87 48 77 38 87 55 31 46 94 93 19 18 25 45 76 37 10 59 2 19 1 45 21 68 76 8 34 6 61 47 45 75 96 75 84 20 91 85 31 81 72 73 87 91 35 64 
24 31 39 66 94 58 95 81 71 90 70 10 7 33 81 86 5 65 21 93 29 42 32 54 56 67 19 87 66 33 86 73 65 20 47 24 15 22 31 58 66 84 2 87 39 34 38 91 17 9 54 7 51 2 16 93 49 4 17 33 43 38 72 57 0 48 72 6 87 14 58 2 91 57 9 29 81 58 30 26 31 31 65 80 12 91 64 16 0 3 22 69 99 54 95 88 38 4 72 18 47 35 72 74 97 14 47 86 95 75 88 4 9 19 86 71 55 76 43 98 
34 4 9 2 40 22 65 8 97 93 27 28 17 55 65 69 55 88 4 1 20 88 5 46 26 34 39 69 39 3 52 89 81 25 75 50 41 31 59 100 22 10 61 63 81 67 25 1 53 0 27 96 39 70 91 2 84 65 44 92 14 97 13 22 22 99 6 84 1 5 21 1 94 95 88 42 2 89 35 57 89 47 84 45 74 41 30 76 36 91 1 8 48 84 31 47 92 93 27 23 30 66 0 46 5 68 51 28 12 56 67 96 88 1 61 0 13 93 56 54 
19 33 5 97 71 34 5 44 40 3 89 98 24 62 50 4 30 6 56 39 90 72 77 25 31 16 32 54 40 53 57 57 82 6 98 61 92 25 61 27 30 34 14 82 85 37 86 35 45 24 1 18 86 100 68 86 98 47 51 43 47 37 24 16 27 26 49 5 9 41 21 80 68 61 22 85 7 69 38 59 99 3 8 83 20 75 91 51 17 76 37 49 97 76 39 69 68 18 25 18 19 98 93 75 64 11 56 13 77 86 50 22 67 42 66 80 93 91 18 11 
13 20 37 53 10 96 28 11 19 8 62 55 83 65 69 47 75 58 34 4 100 44 59 13 55 61 10 71 62 47 10 98 85 14 26 11 75 78 18 27 21 17 70 82 20 2 55 71 49 50 53 20 14 7 41 93 4 79 33 7 81 98 43 78 47 58 49 29 30 30 59 22 95 86 74 81 71 99 64 10 53 61 27 62 45 3 16 11 32 91 42 18 80 18 92 7 15 87 72 86 49 62 63 51 96 95 99 30 26 72 21 28 85 78 81 59 28 45 65 30 
58 81 26 44 59 77 12 44 57 67 42 71 94 73 17 9 18 44 68 80 41 94 54 81 19 21 50 51 57 8 66 11 55 47 91 75 27 47 89 96 29 93 63 31 67 12 46 42 94 29 68 87 29 87 2 47 90 23 82 20 32 69 41 15 19 87 65 57 36 31 60 67 5 6 57 94 22 59 9 43 43 98 59 91 99 88 83 97 99 24 75 36 25 17 58 92 34 14 53 17 53 48 51 45 46 0 13 35 16 19 52 34 42 1 84 43 44 82 10 15 
31 58 19 57 73 52 93 84 48 30 2 59 43 33 57 21 8 71 59 66 83 89 55 65 25 33 72 48 92 14 100 56 11 25 70 80 57 4 84 38 32 10 94 28 63 39 41 59 75 43 53 64 38 72 62 22 2 14 55 76 94 74 52 60 1 73 66 28 8 36 33 89 56 58 49 23 72 44 4 93 41 98 44 21 37 49 41 13 58 87 22 70 76 55 26 100 74 20 48 20 95 71 24 37 48 19 70 14 60 84 10 84 34 46 77 14 62 34 37 72 
87 3 60 93 58 49 43 36 70 3 79 23 65 63 35 81 88 61 42 36 74 40 89 64 31 66 7 2 25 79 66 59 66 18 35 63 37 6 97 1 77 62 40 40 24 2 34 69 0 33 25 8 63 39 43 91 85 58 30 84 43 76 36 98 1 11 69 80 37 57 57 4 56 24 35 60 34 12 2 87 69 11 66 70 61 83 66 23 72 81 39 72 46 38 75 66 37 100 28 58 59 13 66 46 59 3 14 49 12 13 95 73 61 80 28 66 20 22 22 95 
11 7 61 78 85 41 84 26 76 66 79 36 39 34 1 9 24 11 49 53 86 86 33 22 46 66 52 98 21 30 23 63 3 10 39 52 54 30 1 89 82 11 38 100 62 87 66 72 80 93 38 14 98 63 25 6 17 21 52 58 27 2 80 29 23 62 12 22 29 71 42 50 12 51 72 97 15 36 15 10 18 69 17 29 3 44 71 70 25 43 0 15 80 79 98 1 79 96 98 49 72 87 99 7 81 32 53 74 43 92 64 76 46 34 88 27 86 53 60 37 
52 49 3 77 63 43 88 70 9 70 15 3 27 10 80 23 17 29 43 27 41 75 0 21 19 24 60 81 34 38 80 40 95 45 45 20 69 13 81 18 93 47 85 61 17 82 85 22 13 1 31 22 22 22 78 83 64 25 54 66 71 72 72 71 6 44 82 9 52 9 95 43 84 45 55 50 2 61 60 34 89 7 29 30 96 67 11 83 35 79 44 36 10 63 40 2 94 96 84 14 69 41 47 43 67 20 7 56 96 97 44 50 44 40 47 55 89 70 50 6 
63 26 45 44 48 49 13 20 26 87 60 17 57 30 86 64 93 83 45 29 86 74 18 71 1 70 4 27 36 38 77 47 35 67 83 1 32 62 73 89 86 76 9 62 94 58 61 40 12 91 41 80 47 77 92 81 18 5 5 54 58 34 53 11 49 90 56 99 4 22 61 47 38 86 64 22 60 48 81 61 54 23 3 36 32 55 81 9 7 72 95 27 54 44 96 98 74 36 98 72 27 24 0 19 35 86 2 16 69 20 26 65 64 89 4 24 25 20 74 81 
91 75 53 9 41 9 100 34 39 71 42 10 69 82 70 73 94 72 11 60 44 61 94 99 14 69 79 25 38 72 27 59 17 87 100 54 43 80 21 55 27 80 72 43 76 9 9 60 98 23 69 21 25 97 16 84 23 85 67 65 33 92 97 80 38 97 83 89 33 87 77 27 39 41 6 62 6 33 74 80 27 82 57 33 97 45 56 6 77 88 25 52 100 47 43 94 14 37 38 95 53 46 35 79 73 84 98 7 20 53 7 71 8 26 100 66 30 29 48 96 
77 88 28 58 43 16 18 10 93 6 26 22 56 82 68 91 7 62 59 9 99 69 11 32 82 62 32 26 89 57 73 92 17 81 1 11 97 20 57 71 91 9 50 19 49 40 84 44 95 38 84 76 39 94 66 63 28 95 26 88 26 72 2 68 48 36 96 38 39 76 89 45 38 14 63 18 99 21 54 29 3 60 76 1 77 6 86 2 83 64 21 55 93 72 96 92 96 46 15 88 27 99 66 78 55 72 64 1 31 48 75 41 23 57 31 97 100 5 66 42 
53 98 47 15 74 28 100 26 2 53 77 73 15 4 21 81 38 15 48 9 12 33 18 52 71 100 14 66 90 12 50 60 50 84 79 18 8 85 72 63 79 98 59 88 85 35 55 82 99 25 87 8 89 46 49 3 98 86 14 94 85 12 72 88 97 3 91 4 94 53 58 49 72 87 44 55 50 35 27 28 77 20 23 47 19 1 37 65 80 80 1 98 14 38 85 43 0 36 27 27 53 94 13 43 40 27 93 83 2 81 83 9 98 37 95 45 98 91 74 68 
22 65 6 89 31 64 93 68 28 72 94 70 48 38 99 60 90 34 52 33 32 77 48 14 29 51 35 15 16 42 33 15 26 20 45 10 14 91 22 93 45 82 84 56 3 65 41 88 6 50 83 57 2 22 64 48 52 69 39 40 61 87 42 70 43 53 87 13 43 33 25 39 26 96 1 91 0 78 19 9 21 27 91 99 67 28 100 28 55 97 17 24 86 25 52 47 63 26 12 54 40 1 9 26 85 73 99 80 40 45 18 46 25 16 89 80 58 37 86 42 
96 18 20 68 23 71 15 18 10 66 26 9 70 16 48 23 80 27 26 29 52 52 60 53 41 48 77 29 79 43 76 33 15 46 83 17 24 80 83 90 33 42 20 1 92 51 7 25 50 75 98 63 33 16 99 1 82 58 100 90 68 89 3 92 25 54 24 89 81 23 37 41 24 68 42 46 81 6 66 34 39 19 59 12 71 62 98 61 10 44 81 28 28 6 18 34 13 7 21 45 63 59 17 92 40 13 51 79 56 46 0 5 49 33 41 16 64 76 78 18 
