60
60
24 37 52 19 100 22 39 97 38 6 4 77 27 84 62 10 82 45 68 31 27 87 64 50 97 37 61 42 27 1 56 42 96 73 34 87 5 10 78 82 82 75 18 6 90 4 40 24 48 10 6 83 97 66 39 99 87 20 74 37 
66 75 29 48 15 18 70 22 32 29 66 13 63 20 73 5 78 70 29 9 77 7 98 10 99 2 73 54 92 81 3 77 81 90 43 69 82 82 59 49 89 17 14 95 100 86 53 98 97 89 94 28 66 31 33 38 52 62 39 90 
13 100 50 96 76 71 36 6 88 78 35 25 31 67 65 42 95 90 82 66 94 33 3 41 19 4 60 74 60 85 90 50 73 19 13 8 94 93 37 97 37 5 20 9 71 10 36 65 76 20 5 72 12 62 12 4 78 60 50 9 
87 16 46 6 5 16 74 48 20 72 48 54 9 8 50 86 26 42 45 72 2 36 62 2 36 51 48 89 65 84 51 28 65 40 75 37 90 77 10 68 54 69 0 19 5 73 81 71 13 36 99 64 39 69 72 91 2 1 10 4 
51 24 39 87 11 17 46 86 80 55 61 13 37 74 8 70 27 9 79 68 53 82 79 17 75 88 45 69 15 24 22 6 3 17 3 27 28 20 31 97 76 57 46 71 78 16 27 56 80 4 95 70 38 74 94 18 57 20 66 44 
48 29 74 88 78 94 61 73 43 30 89 100 62 14 58 98 60 75 1 87 89 84 17 12 12 96 78 87 35 83 44 27 95 58 39 10 46 92 26 94 64 39 37 32 5 73 40 69 54 25 19 5 2 30 90 96 49 14 74 77 
72 69 28 6 73 57 94 23 62 29 85 35 14 8 62 23 57 57 55 40 50 34 63 91 65 43 8 70 70 83 50 22 8 88 43 4 13 96 68 50 77 71 38 80 3 72 30 20 19 95 71 60 39 17 67 26 1 5 63 3 
47 32 64 10 99 23 18 89 5 87 87 91 66 12 71 42 43 40 40 22 58 53 79 58 95 32 89 53 44 31 57 83 17 53 7 55 27 85 99 95 7 99 10 12 23 89 52 44 97 100 49 75 38 24 23 6 86 79 62 31 
18 3 10 84 79 57 98 41 8 93 87 78 23 42 34 94 90 42 64 2 61 76 63 43 86 97 64 27 60 58 63 79 38 62 53 87 9 78 57 35 66 29 40 85 69 64 59 19 57 1 74 66 4 94 63 24 26 8 8 11 
29 99 86 82 43 87 54 42 9 15 93 4 17 5 39 21 39 36 55 86 38 70 14 60 87 79 73 97 97 36 84 13 86 29 19 44 75 9 60 64 50 25 47 77 59 79 64 11 22 59 48 8 36 91 9 38 62 89 79 29 
25 39 97 1 26 30 34 81 13 26 35 34 88 93 51 13 10 60 18 54 53 6 99 50 13 39 68 8 65 99 42 32 33 3 61 32 34 55 52 70 17 8 57 44 84 57 74 3 35 35 11 19 56 15 26 93 83 87 67 3 
4 26 61 83 41 34 88 78 43 12 93 32 93 75 88 65 21 3 43 32 95 57 69 19 92 60 40 89 58 63 66 85 52 99 38 92 64 87 94 57 95 87 37 3 12 16 77 21 83 38 16 46 98 18 6 16 57 74 87 43 
6 8 68 87 48 18 52 4 96 89 17 4 24 97 6 34 11 16 63 18 9 20 27 11 47 67 38 22 78 45 59 96 94 20 5 81 35 11 0 71 65 49 78 76 91 58 63 43 61 35 11 41 94 35 83 72 71 49 82 27 
94 16 69 51 47 78 82 91 76 12 79 83 58 13 10 50 4 6 53 93 20 5 80 85 53 93 93 100 24 16 69 2 9 12 26 16 6 72 68 87 3 89 0 25 3 72 66 88 1 83 57 72 51 99 50 37 98 26 88 75 
59 93 95 70 33 43 98 25 52 15 46 97 22 18 48 93 70 86 79 78 42 99 88 46 99 84 73 76 42 49 19 50 94 67 55 51 79 100 79 25 98 91 13 56 74 49 3 0 86 42 88 18 54 56 3 71 14 18 92 3 
76 52 21 14 39 69 58 82 39 94 39 79 45 80 33 98 48 34 6 3 88 28 78 97 49 39 60 57 50 25 19 38 72 0 87 60 55 3 64 52 16 79 58 63 66 53 43 39 74 21 36 64 84 41 2 48 60 21 19 12 
52 3 41 83 17 58 43 82 13 53 65 24 37 19 83 89 26 64 43 75 73 50 12 89 2 41 80 72 31 2 35 86 79 73 99 28 49 80 58 43 19 42 88 72 57 2 76 27 35 74 73 47 40 92 6 67 24 90 56 45 
61 88 91 17 97 40 55 98 94 21 47 64 86 13 33 44 7 27 4 29 90 57 46 88 41 41 85 30 94 45 96 94 44 26 84 55 67 31 30 57 16 0 25 37 31 97 4 61 58 51 83 25 84 67 60 92 86 46 95 44 
39 96 91 86 98 26 20 22 80 95 34 50 9 95 38 45 7 74 70 87 74 47 14 41 35 29 93 67 58 84 60 41 68 98 10 56 73 92 90 12 87 48 23 30 82 49 33 17 4 76 54 42 17 91 47 69 36 15 77 52 
60 13 37 96 94 51 52 93 23 39 0 1 53 46 45 17 88 10 35 68 72 75 69 10 24 87 46 25 83 89 35 79 26 91 34 53 6 53 14 0 78 32 35 53 61 51 49 74 66 14 54 92 5 20 95 41 67 72 88 50 
76 54 90 75 35 30 73 13 0 51 36 59 79 73 70 72 10 71 97 33 86 89 29 74 52 1 2 15 31 80 22 80 66 86 6 24 89 64 62 6 20 12 83 58 47 9 20 15 6 27 98 29 51 26 60 48 86 85 36 99 
17 61 68 17 37 63 27 52 67 80 40 47 76 13 39 70 32 65 90 60 55 34 26 60 23 16 72 9 95 43 94 18 43 37 93 47 5 63 25 85 64 9 46 4 51 39 99 93 97 60 14 63 85 82 22 32 46 84 20 61 
0 40 85 45 94 31 21 38 88 0 71 69 63 11 70 30 24 2 16 10 46 1 45 37 59 7 53 16 92 83 45 67 20 21 15 98 23 78 22 11 18 3 43 12 100 48 25 74 0 4 54 93 90 46 41 5 100 94 24 55 
36 67 64 46 17 10 85 19 50 74 29 87 4 26 40 10 34 8 71 85 65 47 46 53 86 21 78 98 50 12 48 90 7 97 88 66 36 7 52 99 15 78 89 60 64 65 96 65 92 61 79 82 80 72 53 22 18 57 41 19 
49 24 71 98 39 14 41 48 34 90 28 93 77 44 42 77 90 15 88 16 57 87 80 45 4 10 53 98 57 94 95 8 88 63 35 54 79 41 25 64 75 70 20 15 20 47 74 31 10 37 87 23 2 30 8 28 21 31 59 77 
44 71 9 43 23 58 29 9 21 46 78 73 100 72 59 100 12 60 26 85 65 48 31 23 57 60 62 19 90 26 56 80 97 69 99 53 93 28 8 7 44 13 33 65 2 84 10 57 40 4 38 22 1 24 38 62 70 7 65 26 
69 100 8 85 75 28 46 64 27 64 47 44 15 76 43 41 37 1 69 9 90 95 54 64 5 37 7 17 0 24 90 51 30 19 33 1 50 61 99 74 23 43 95 13 59 1 23 72 13 57 80 25 30 17 51 62 11 81 81 26 
100 10 39 35 89 90 15 66 53 61 85 91 10 69 9 57 10 77 97 90 74 76 12 54 6 32 12 91 34 82 85 97 78 31 43 76 17 70 32 96 61 4 29 1 85 53 32 54 78 52 25 56 96 54 1 63 8 55 23 83 
15 89 14 2 12 14 82 76 88 62 40 20 88 1 100 38 31 85 99 79 22 39 84 85 84 15 22 7 35 24 79 98 36 65 74 0 97 14 33 25 87 43 78 11 22 24 84 91 41 57 0 5 88 47 85 13 25 39 42 29 
27 88 60 17 6 86 1 30 22 67 28 16 98 82 24 42 74 30 7 59 100 64 25 61 19 39 100 58 84 48 23 4 95 72 45 15 100 4 20 5 54 20 50 47 53 24 28 50 3 51 90 48 23 74 38 47 7 72 57 80 
81 43 78 12 60 66 0 91 79 5 18 14 79 60 62 56 22 25 68 8 90 2 13 30 29 81 38 37 18 25 34 49 11 91 11 56 39 3 78 55 22 83 21 91 34 4 23 68 84 52 0 46 23 27 85 89 14 92 49 72 
21 61 21 66 13 39 97 70 34 90 41 54 29 33 21 36 56 32 0 30 39 83 78 50 72 80 45 71 49 5 37 75 71 14 84 18 87 81 69 95 2 30 89 99 54 28 79 76 86 68 93 52 36 63 91 57 40 14 58 26 
98 59 71 66 11 13 11 42 35 4 81 77 71 59 30 26 40 20 49 42 17 19 84 37 73 12 92 65 9 85 82 22 60 79 24 77 0 84 48 10 87 4 83 62 58 7 86 8 62 66 48 97 27 67 46 86 60 4 24 69 
14 30 6 13 33 100 36 8 56 56 12 3 76 46 77 100 70 66 16 27 72 7 92 43 68 43 95 36 67 36 66 47 96 60 93 2 67 56 87 26 98 76 14 84 18 89 27 23 96 30 10 18 99 40 74 28 13 69 36 15 
63 85 32 58 9 93 100 86 31 84 52 92 69 8 62 43 5 74 2 25 27 19 69 12 54 55 8 57 19 84 80 29 9 14 14 95 93 36 58 6 77 68 46 18 1 38 63 36 46 7 48 53 54 22 23 78 97 64 5 47 
57 75 55 99 42 46 52 2 25 91 57 50 47 17 99 29 43 52 70 73 94 69 67 43 73 31 91 21 7 97 75 25 34 39 23 18 63 43 12 5 100 44 42 5 30 66 8 36 23 57 35 61 63 75 35 8 89 86 72 30 
71 53 81 92 13 29 55 2 20 62 99 36 79 90 10 73 60 94 79 15 52 8 35 62 80 29 65 50 41 66 34 83 25 92 53 43 44 84 94 27 4 94 20 34 17 13 62 97 65 37 21 41 37 70 8 48 7 75 32 11 
64 1 38 23 31 33 45 33 31 13 64 28 79 7 34 15 36 43 71 69 24 47 36 5 33 67 29 20 10 43 26 36 4 19 74 55 75 83 23 3 22 46 8 33 42 29 68 30 0 28 77 52 36 51 71 37 88 76 75 92 
40 93 78 74 9 51 69 58 36 77 69 82 35 20 42 99 3 62 77 37 43 35 16 18 19 100 91 69 97 80 27 4 76 82 98 83 53 95 51 72 94 61 28 86 5 56 23 74 84 16 16 53 45 96 68 34 24 41 23 48 
72 51 3 20 87 33 35 2 64 56 98 100 27 89 57 51 72 10 9 8 36 5 47 55 48 95 82 18 5 10 77 90 74 56 44 69 9 14 10 13 73 47 69 15 47 84 21 22 46 35 9 86 90 43 23 93 57 63 61 19 
5 4 33 89 68 40 27 2 28 1 80 49 24 37 12 13 21 58 76 54 38 94 48 67 71 78 65 34 48 90 39 34 8 87 12 100 65 51 30 11 96 36 99 93 28 53 85 89 32 14 11 52 30 20 26 57 53 41 13 92 
24 8 63 87 64 23 9 28 14 75 60 3 97 9 35 82 95 71 29 56 60 94 29 26 28 10 14 55 51 11 35 88 39 12 38 39 15 24 42 45 93 88 62 42 93 100 94 21 64 5 74 86 85 70 90 89 1 11 100 33 
62 19 19 88 40 66 92 72 20 93 12 20 88 95 58 87 78 38 85 47 48 96 52 53 13 52 11 90 85 6 29 44 4 89 26 25 98 100 29 60 38 14 67 70 11 21 63 66 99 73 49 77 56 96 55 40 96 51 67 1 
72 24 1 98 79 19 13 37 63 16 29 62 72 69 60 83 31 29 100 83 1 66 16 5 72 56 16 39 81 63 36 62 94 72 35 52 33 60 48 67 51 71 97 11 61 13 69 58 93 89 8 12 96 62 73 54 64 67 82 36 
18 28 62 36 59 2 8 16 29 8 26 58 6 69 24 31 98 73 13 61 79 40 86 22 70 89 63 48 92 43 90 98 26 8 97 64 44 57 28 23 85 92 19 63 99 27 70 51 62 70 46 22 48 36 18 5 90 74 7 15 
46 31 36 97 95 72 70 44 45 31 20 5 8 43 12 32 30 68 40 20 84 72 6 79 45 40 54 12 44 95 72 70 10 78 62 56 67 29 77 66 24 85 82 39 36 75 75 21 41 20 54 35 21 5 82 32 62 3 55 69 
52 47 19 37 4 11 62 76 2 5 82 38 83 57 3 79 50 67 19 4 99 34 90 95 57 60 15 26 30 75 1 49 62 24 44 48 85 29 45 46 42 52 36 13 4 37 22 42 79 38 45 100 46 76 62 86 30 41 25 63 
19 88 31 2 97 74 59 94 66 88 15 44 3 69 96 34 38 65 74 59 87 14 11 3 54 73 54 60 49 16 31 14 13 20 35 27 56 86 31 45 21 1 25 94 74 68 51 14 62 86 26 39 37 66 87 55 72 69 75 57 
22 70 18 81 51 18 97 97 33 16 15 71 76 77 2 80 10 4 81 60 47 38 64 88 83 54 23 87 27 60 81 67 18 60 6 33 8 10 21 6 93 90 86 49 19 92 22 22 46 58 26 35 9 44 14 6 14 1 15 16 
22 19 52 25 36 74 94 65 24 66 19 60 27 66 6 63 7 24 67 35 65 0 32 8 93 21 8 13 45 44 24 45 6 94 36 55 30 61 65 13 66 56 0 83 66 70 100 20 94 31 1 43 97 20 11 100 77 28 67 89 
37 89 21 11 65 43 71 38 94 41 66 86 97 89 44 7 28 82 59 60 55 19 28 61 72 91 49 34 12 20 0 21 9 14 68 59 58 41 7 9 19 31 27 75 91 91 9 12 73 64 66 30 21 97 79 38 85 15 84 79 
78 18 31 71 39 84 11 10 34 43 45 35 92 47 86 22 10 26 95 53 22 91 73 82 58 1 80 30 45 63 29 95 70 96 92 73 17 53 74 33 55 89 55 74 33 16 16 27 67 46 79 9 57 60 79 29 14 49 31 91 
30 95 87 16 24 3 67 80 48 48 29 52 59 27 36 26 73 50 65 52 95 72 96 69 62 42 50 24 52 73 4 71 14 26 91 67 84 46 21 69 94 12 44 21 72 51 71 6 20 6 42 6 22 53 6 90 60 99 45 22 
29 30 47 71 41 81 49 88 26 15 97 34 58 67 25 96 18 93 32 59 17 15 30 18 50 21 64 42 98 48 6 27 41 85 80 49 2 18 38 82 77 3 86 98 11 96 77 21 13 4 64 29 62 93 42 1 76 36 92 83 
82 38 1 68 40 56 21 88 5 63 81 79 53 96 84 32 21 53 62 33 49 83 38 68 33 34 47 4 13 0 59 37 80 1 52 10 79 99 95 18 97 57 0 86 53 53 30 93 35 42 21 14 22 64 16 97 59 13 7 31 
34 14 10 61 40 53 46 18 52 98 36 55 71 97 95 69 34 93 80 82 51 77 13 23 52 64 12 88 64 3 59 48 9 32 6 77 72 76 10 11 30 5 97 65 95 61 3 39 46 68 38 31 38 74 1 43 7 27 15 37 
85 51 75 31 86 37 82 78 37 74 6 52 57 56 47 96 4 79 41 58 84 21 64 32 8 92 4 15 93 100 78 69 78 24 63 43 33 9 53 9 42 78 79 82 16 77 94 12 97 6 39 91 28 29 39 6 12 6 44 9 
60 29 81 9 18 23 51 98 81 63 47 90 43 99 10 49 30 39 45 80 82 70 90 0 40 55 94 57 31 14 61 47 68 54 11 46 33 7 6 78 90 93 97 52 9 7 35 65 76 74 45 57 44 31 81 11 40 26 43 41 
60 63 10 32 97 4 9 95 2 21 53 89 35 63 23 45 48 91 100 55 17 43 1 92 32 60 63 97 40 25 65 16 66 99 62 25 55 99 42 38 51 22 100 58 26 49 31 15 49 4 2 99 54 28 92 60 97 65 9 16 
36 63 60 77 84 64 17 100 97 20 49 78 75 25 90 35 51 70 86 28 33 44 8 47 52 49 71 60 22 66 48 17 93 90 8 44 29 16 76 53 87 58 82 13 7 96 2 91 34 66 3 83 62 88 55 65 92 19 15 75 
