50
50
49 91 8 38 94 0 91 46 87 58 51 64 12 9 45 2 8 86 73 54 41 21 52 97 78 95 83 92 98 11 51 29 72 9 17 34 87 89 14 91 69 71 7 87 6 41 88 35 47 49 
97 47 56 44 53 10 74 43 18 44 85 42 72 70 27 73 55 65 68 13 67 96 46 4 10 90 26 24 98 28 49 41 27 93 64 24 69 56 21 25 12 77 2 75 39 64 16 61 2 25 
21 17 29 72 17 98 90 3 56 53 26 22 97 81 52 24 10 81 71 82 77 22 92 62 14 96 95 94 42 38 60 55 62 11 24 53 97 48 93 9 24 50 9 32 34 95 11 3 64 74 
38 83 3 16 81 12 81 51 21 19 78 46 92 16 4 35 23 89 62 100 45 7 80 71 64 13 85 80 45 62 74 59 29 62 48 68 10 61 11 78 20 74 13 12 69 2 56 28 62 28 
94 98 42 57 13 42 49 61 42 1 37 8 89 28 66 36 85 43 60 59 31 29 62 73 38 61 89 67 54 57 98 99 37 0 35 2 7 46 26 90 78 23 89 84 56 92 22 78 98 7 
70 26 40 21 19 28 13 65 45 43 98 51 76 83 96 30 65 72 30 36 17 26 75 61 39 76 37 95 27 15 96 11 98 4 71 66 1 54 41 33 75 87 86 30 29 28 10 56 27 63 
36 11 29 30 30 66 24 65 41 30 42 82 25 68 92 0 96 44 69 93 51 63 45 12 4 47 44 10 7 82 91 8 94 41 26 61 94 81 81 78 62 95 6 87 38 78 59 52 28 19 
42 100 77 11 2 73 28 74 18 83 41 91 81 98 42 47 33 88 44 56 99 11 33 70 9 89 86 8 45 6 93 12 37 59 80 36 2 69 13 95 61 96 45 17 33 52 64 4 64 52 
10 15 87 43 12 7 21 31 58 86 36 5 12 69 67 73 58 27 14 51 80 22 31 87 48 82 50 30 35 42 6 45 38 95 48 20 3 38 10 90 98 19 6 13 73 80 35 4 76 81 
1 44 80 55 70 71 8 99 2 55 78 61 52 40 65 63 83 10 23 94 3 86 98 83 100 65 64 34 4 40 38 1 43 43 100 76 56 52 59 87 63 13 77 4 4 76 72 49 33 92 
45 29 24 29 24 22 53 34 42 85 42 84 54 1 100 14 55 49 71 19 18 60 67 90 27 41 19 10 2 80 28 98 71 59 55 13 27 44 97 74 1 9 38 8 48 88 55 12 73 80 
81 43 14 97 35 84 19 57 6 85 38 31 89 17 76 99 15 12 92 24 80 89 40 48 36 38 97 96 37 3 89 67 97 17 49 86 6 74 87 86 52 100 89 50 14 82 95 80 71 88 
41 16 26 44 40 14 68 39 42 87 43 93 62 9 69 46 13 81 53 39 64 6 88 5 35 49 38 89 15 3 23 59 1 48 58 11 59 3 68 43 34 2 55 26 33 43 27 60 47 42 
82 84 79 43 60 52 40 54 59 11 57 89 47 37 8 20 23 34 24 84 23 98 61 57 48 75 4 9 72 72 16 92 97 93 35 56 12 31 20 85 42 82 25 52 85 93 76 59 73 7 
36 34 82 3 13 72 5 93 99 88 24 45 23 74 70 0 66 85 92 59 63 0 28 18 64 91 2 47 6 43 27 83 29 65 56 3 52 1 35 26 30 93 25 75 94 81 85 47 35 13 
80 32 10 22 54 52 88 88 59 27 0 14 31 22 28 10 97 57 38 85 41 48 30 33 19 0 77 17 8 15 44 33 25 42 90 55 65 38 35 75 95 32 54 4 91 44 60 48 48 31 
52 86 40 81 54 68 78 91 75 86 85 43 77 47 85 11 61 100 77 82 60 14 99 36 71 40 1 82 9 32 18 66 86 38 37 97 12 37 95 68 24 38 74 73 99 65 48 93 12 17 
7 63 9 13 70 66 24 27 7 2 78 89 64 91 61 29 73 1 61 29 5 34 14 53 16 57 13 96 58 41 51 52 86 10 55 75 72 35 81 100 39 26 44 25 82 41 54 67 61 28 
90 70 50 90 68 80 70 41 44 26 63 93 47 38 98 25 78 61 70 74 0 5 7 48 64 35 13 94 38 79 83 57 35 55 45 36 88 0 63 100 40 17 78 72 35 47 19 4 63 6 
98 9 84 57 2 2 64 87 85 41 90 5 77 54 65 87 66 94 58 65 91 59 12 64 5 94 26 52 81 35 99 43 46 41 18 2 45 67 63 35 57 27 15 72 65 80 59 36 13 83 
95 50 32 3 94 71 11 43 31 19 45 28 34 74 57 46 0 70 1 80 70 49 14 13 34 98 27 40 58 30 48 3 3 23 17 87 44 74 20 8 77 27 98 28 86 74 78 29 17 70 
13 52 11 27 76 48 66 55 5 74 6 62 31 97 38 1 96 69 21 7 38 91 85 70 88 57 42 81 58 27 40 19 97 72 22 4 43 88 38 48 83 59 60 2 3 17 54 25 53 17 
26 47 72 12 70 99 45 89 94 99 37 13 94 32 1 75 81 49 88 87 94 39 84 3 95 14 34 75 20 28 27 81 75 77 96 96 75 84 10 67 45 60 69 58 92 74 84 40 44 3 
54 9 85 71 36 89 70 72 69 7 65 55 56 0 69 53 68 38 39 25 59 13 50 15 36 75 66 93 84 6 2 20 58 18 72 66 60 93 67 91 38 26 41 52 39 56 82 49 29 19 
45 21 91 96 54 18 89 58 38 37 63 72 49 29 97 17 5 91 91 9 72 0 24 67 3 76 49 14 63 34 14 7 79 5 94 20 61 56 84 62 61 87 22 62 99 38 93 7 60 38 
27 53 89 12 8 99 62 3 30 55 66 25 61 13 90 8 52 5 83 57 84 28 93 28 18 65 17 30 80 95 34 99 76 68 79 66 58 32 14 38 45 65 84 29 23 86 43 87 39 15 
67 54 18 9 25 63 90 21 86 94 30 87 80 62 53 10 16 84 43 18 17 54 80 98 84 16 75 92 36 17 6 40 51 88 31 78 84 69 52 48 81 5 50 95 52 93 54 58 20 63 
53 55 23 45 66 56 82 12 57 75 36 0 39 41 51 65 10 65 96 17 45 75 23 53 1 83 35 80 4 34 59 89 27 54 46 0 7 73 10 9 6 24 32 59 75 65 57 30 44 24 
14 62 19 92 20 19 31 74 14 5 5 38 19 33 32 63 70 57 56 62 75 53 74 37 24 100 69 28 50 41 77 76 20 87 41 0 27 57 86 30 87 61 74 53 25 20 43 61 61 68 
70 81 76 94 53 71 61 36 30 17 85 48 100 18 44 92 23 44 19 79 10 55 29 8 8 88 32 21 88 44 14 53 31 34 39 35 74 19 51 53 33 19 43 87 84 13 17 0 14 78 
30 7 37 44 63 55 19 84 80 14 9 67 33 16 16 36 74 41 4 95 31 42 14 66 33 35 31 96 48 93 18 53 87 91 59 67 66 82 51 89 61 20 70 6 81 55 100 71 60 58 
10 51 10 44 84 2 16 70 36 26 58 36 7 89 100 63 27 89 4 90 19 12 39 56 48 95 52 11 60 14 68 52 53 37 30 94 39 18 39 100 16 43 23 24 91 69 70 89 93 32 
89 5 22 48 68 94 79 63 48 88 41 94 95 13 75 90 48 42 58 95 24 82 97 15 0 21 42 17 27 54 94 41 64 6 37 12 24 90 28 32 86 91 24 39 80 31 34 5 9 45 
50 60 99 24 93 36 66 56 17 14 31 52 50 70 5 2 54 1 46 15 13 80 22 37 38 68 27 60 11 45 29 84 53 6 52 94 2 17 51 74 12 13 54 27 71 4 70 92 72 30 
66 28 52 45 63 27 42 13 98 92 65 9 14 16 55 25 80 60 75 3 95 73 60 54 31 40 50 83 55 91 83 13 61 19 51 90 47 54 42 45 56 0 2 77 82 92 73 4 25 32 
90 62 94 69 58 98 70 6 4 13 82 28 11 9 77 65 62 32 40 38 4 47 53 72 53 13 63 30 52 46 66 60 9 56 64 46 60 52 93 92 57 86 23 77 46 68 13 24 37 54 
16 94 49 16 19 94 100 59 23 1 82 43 91 60 62 15 1 19 39 82 58 58 57 44 19 81 50 22 42 31 30 11 25 100 56 32 88 46 33 73 78 6 75 33 69 21 13 65 61 44 
15 61 99 92 73 48 52 26 95 97 77 90 78 89 100 88 98 56 86 36 77 1 97 2 41 77 68 89 34 21 53 34 26 6 45 12 0 73 28 99 44 36 96 22 71 87 50 54 5 75 
83 33 11 83 76 68 65 38 1 71 78 2 71 82 84 51 12 9 89 79 73 12 77 75 67 44 17 32 96 23 0 35 12 96 94 67 54 2 15 66 98 0 58 44 24 66 97 15 67 35 
86 86 89 81 57 98 64 62 75 12 29 95 8 40 16 71 6 90 71 40 21 97 2 46 0 6 34 52 55 46 100 66 18 75 22 10 1 98 89 83 1 19 11 33 54 37 48 62 47 67 
14 67 19 12 41 15 61 11 56 43 38 63 66 88 47 91 68 60 21 25 8 90 38 17 36 58 54 12 89 2 74 3 82 35 84 33 31 13 80 92 4 67 70 84 36 19 17 44 97 20 
35 74 54 78 29 16 1 68 69 69 36 13 15 66 74 62 24 33 56 39 84 93 7 31 59 6 33 22 39 79 20 8 81 56 96 50 38 39 16 5 12 10 57 67 1 27 64 94 82 20 
38 21 67 66 8 1 86 98 99 82 71 99 64 39 77 4 76 83 66 67 41 48 67 88 76 26 69 71 93 17 31 68 16 38 26 4 65 52 94 17 11 9 83 80 11 20 66 68 63 37 
62 25 52 93 49 12 60 21 5 86 69 96 23 3 90 89 19 31 67 25 45 9 22 52 76 93 11 91 40 1 46 51 46 76 67 13 56 88 62 25 4 73 80 56 51 76 20 47 23 89 
59 68 85 99 49 78 19 65 95 15 43 22 56 95 36 64 34 50 62 49 7 10 37 48 44 57 20 52 36 33 98 85 6 78 79 87 83 40 74 65 50 19 4 94 78 19 86 8 10 3 
81 55 11 66 61 12 32 9 45 32 4 33 45 31 98 84 27 36 26 58 62 5 31 93 36 16 56 56 93 12 99 89 40 11 87 38 36 66 74 48 67 86 95 51 34 12 53 82 47 72 
27 22 10 51 28 7 10 36 85 67 57 37 27 88 3 53 75 83 18 41 94 34 92 0 40 83 32 53 21 84 37 94 81 87 88 99 23 80 7 52 37 44 58 59 3 81 48 21 91 29 
4 67 39 1 99 65 7 72 52 66 84 91 38 27 81 98 100 52 40 72 89 67 10 34 58 12 19 16 83 100 32 88 82 44 59 28 35 38 68 37 49 95 66 91 56 22 0 18 80 33 
3 19 20 96 36 91 57 74 36 50 12 65 82 33 27 60 6 53 76 58 48 79 36 46 7 88 9 93 34 67 59 53 93 69 63 36 44 46 53 42 55 72 0 19 39 34 87 59 93 37 
40 12 78 48 20 70 63 40 79 40 63 7 19 83 57 60 83 100 52 41 86 5 88 19 34 77 11 70 6 81 77 58 61 9 7 19 16 93 38 69 31 76 47 14 24 68 75 78 64 41 
