170
170
51 94 25 23 52 77 10 42 9 55 80 7 28 68 30 21 47 89 79 18 1 48 61 25 16 99 73 7 67 52 26 62 70 48 100 2 85 34 34 76 2 8 44 30 67 8 98 9 99 14 90 13 46 18 54 77 14 19 23 97 15 94 78 6 93 63 19 83 59 64 100 27 94 19 3 5 17 5 94 37 18 52 57 10 70 83 88 17 83 20 52 63 61 15 15 52 39 16 61 3 29 39 71 41 51 86 33 7 20 13 16 2 86 53 14 47 95 74 45 19 50 45 84 17 33 98 12 80 6 85 64 39 84 60 64 56 31 46 35 80 23 46 95 40 85 55 86 95 35 56 56 32 38 82 96 83 7 25 63 12 17 59 7 86 21 53 68 25 20 63 
81 49 84 58 24 43 43 34 56 67 90 7 72 99 95 93 73 87 60 82 40 88 64 50 42 12 19 55 76 91 12 97 52 95 17 5 28 55 87 62 75 94 27 40 1 50 48 73 44 71 60 10 35 91 22 55 89 74 41 14 49 52 49 24 84 45 72 61 60 53 52 72 90 7 76 50 12 88 46 88 13 34 97 19 58 77 87 59 76 24 14 6 57 36 31 53 5 86 95 74 9 11 32 32 59 49 32 97 47 0 6 55 31 54 98 6 22 69 59 84 29 22 61 6 50 69 75 98 66 29 84 90 3 25 33 29 14 91 58 3 1 21 31 99 69 95 74 98 59 40 76 22 65 42 62 28 71 60 81 30 25 1 89 13 61 7 33 95 7 78 
31 47 57 24 77 54 8 65 49 3 40 77 2 67 53 63 96 82 48 84 60 86 23 86 80 92 31 26 94 79 55 59 60 11 84 94 92 25 21 15 11 34 54 90 6 79 22 97 94 9 48 38 26 76 4 61 31 94 95 78 55 38 62 20 3 87 48 91 39 22 56 48 73 90 74 64 59 81 52 92 38 78 91 68 51 88 73 44 72 48 66 98 2 34 44 96 41 99 77 91 81 47 91 74 45 63 7 21 86 50 54 22 64 1 48 57 92 34 42 67 41 43 27 90 10 95 6 59 91 29 25 32 37 27 3 17 22 49 54 11 96 80 1 91 89 15 15 60 53 62 92 74 47 94 24 38 66 49 92 12 39 97 81 32 29 8 15 90 58 55 
82 90 47 87 58 68 63 73 61 39 72 78 31 66 16 13 68 74 68 87 88 78 18 47 94 49 57 92 35 16 81 7 61 32 94 48 97 15 72 29 14 40 48 55 98 24 4 18 40 66 97 18 36 97 30 2 80 89 92 33 70 97 34 65 47 55 11 28 88 89 53 30 93 44 74 68 5 37 79 16 29 85 23 3 73 18 56 92 5 29 54 15 71 72 42 76 30 75 12 34 68 33 35 61 39 98 62 8 20 24 37 3 29 96 67 56 88 69 58 66 94 21 5 44 68 63 68 73 70 51 34 69 26 69 58 24 12 52 94 87 72 27 43 93 78 44 41 33 89 43 24 52 61 7 81 98 51 54 68 14 23 90 14 34 8 67 79 78 90 62 
57 93 47 69 78 45 44 61 56 81 41 12 52 34 2 62 53 13 18 1 20 89 47 65 10 33 82 48 81 44 12 12 49 48 77 63 2 26 21 28 90 81 61 75 76 33 53 10 0 99 94 79 92 6 83 17 91 45 16 11 0 65 56 52 97 75 56 98 24 98 77 37 51 21 98 72 66 45 96 50 80 11 88 83 40 22 30 13 60 3 97 84 32 73 70 84 87 29 82 16 35 59 70 18 72 11 31 1 21 15 97 62 36 72 77 97 72 94 28 63 16 15 6 96 34 89 41 29 22 35 29 79 81 28 77 9 91 60 35 62 34 72 49 16 78 28 72 22 98 29 58 2 81 19 63 52 64 88 55 85 5 20 20 34 57 4 84 71 6 38 
20 12 68 24 77 31 34 56 1 84 64 20 86 72 86 95 8 39 45 36 56 42 6 9 53 74 76 33 41 82 74 74 71 67 72 46 46 8 39 92 43 4 34 86 22 15 100 63 93 26 82 28 50 55 19 50 32 33 43 79 5 86 59 23 69 90 100 54 51 99 59 86 48 34 79 96 15 2 27 55 95 99 86 95 4 16 24 17 55 13 70 88 41 18 18 29 1 13 4 28 52 16 23 37 84 77 86 93 91 22 3 7 48 90 68 44 76 35 75 26 91 75 71 2 86 91 34 78 52 90 37 67 65 64 17 24 42 87 47 74 85 51 0 79 19 25 27 44 46 72 28 33 99 38 64 77 70 18 98 9 66 48 48 75 65 32 10 34 24 46 
61 83 50 39 39 25 75 22 84 70 58 76 55 97 40 45 45 23 37 10 94 45 88 24 75 93 92 25 40 38 80 40 53 53 89 34 1 44 50 68 21 11 39 50 62 9 96 0 13 40 37 65 27 49 16 79 38 90 38 72 60 29 61 27 57 29 57 69 47 0 75 23 22 24 50 1 14 23 82 86 75 18 75 65 7 17 34 71 95 83 76 61 58 81 44 47 24 66 79 77 10 94 68 45 34 15 56 62 65 46 39 95 83 50 81 42 64 80 65 57 79 27 45 54 59 27 54 66 92 64 1 90 79 59 7 60 57 39 59 80 26 33 11 29 57 83 91 79 52 88 61 62 51 34 74 52 21 86 52 31 83 17 45 77 37 65 75 62 14 65 
15 78 81 54 77 16 93 39 73 18 20 61 83 64 80 74 61 59 82 36 18 67 72 46 4 9 6 90 80 41 28 92 36 55 10 47 89 54 38 44 65 32 4 36 93 38 31 44 78 83 27 7 76 92 44 12 3 74 91 73 32 50 57 22 90 9 17 93 86 41 70 94 36 93 53 43 40 27 9 99 47 32 54 74 91 91 49 45 63 70 16 51 50 49 11 90 43 54 45 70 82 28 49 58 96 85 23 96 2 97 11 77 27 77 44 57 7 21 96 18 96 98 24 40 24 0 24 69 99 29 7 91 79 4 80 73 88 40 58 30 40 61 21 48 77 73 24 57 70 64 18 61 19 100 16 39 52 12 54 83 13 73 96 99 66 32 62 81 45 97 
4 60 25 23 67 44 3 22 29 20 47 6 75 66 92 37 75 36 81 100 38 45 73 99 100 68 10 64 78 53 18 62 48 85 27 12 75 46 1 1 24 18 65 13 34 38 100 11 63 91 81 24 87 2 53 62 48 12 2 20 57 17 56 56 33 15 42 8 99 50 51 79 91 19 35 78 100 50 71 21 28 71 34 57 80 43 61 72 46 45 84 76 95 7 97 59 92 20 75 12 12 50 27 32 98 53 20 7 32 54 87 15 56 18 13 94 70 26 100 95 31 90 87 8 33 25 84 28 95 35 61 94 49 97 49 30 99 7 81 27 31 83 9 81 77 41 95 88 38 49 81 41 44 88 16 47 88 85 3 97 50 61 38 100 42 18 32 78 100 41 
54 19 14 41 13 98 33 57 31 45 42 35 97 4 43 36 32 57 92 19 82 89 90 79 57 59 84 88 68 87 18 53 62 76 17 53 67 93 7 9 14 51 90 13 14 98 77 19 4 74 88 38 76 71 24 63 100 39 86 30 21 62 7 1 19 33 19 66 30 18 42 12 47 90 17 35 58 25 30 29 33 20 11 0 61 19 68 79 55 79 82 65 100 56 14 80 23 20 75 82 47 22 7 10 2 78 97 48 29 20 59 54 76 36 24 65 85 56 43 72 70 37 18 67 17 34 63 35 2 84 83 35 69 42 35 6 60 37 63 26 9 30 12 82 30 19 26 20 82 42 39 37 9 25 80 45 52 39 55 33 5 55 70 42 53 50 88 81 80 43 
78 29 80 77 77 24 61 1 43 49 34 94 80 78 53 25 98 29 57 88 46 25 91 76 53 71 25 60 28 70 100 63 73 71 70 39 76 33 26 79 71 43 27 86 77 27 48 36 21 86 60 96 54 61 29 19 22 38 51 49 47 62 63 28 28 28 28 57 68 97 82 68 41 80 22 29 52 29 100 97 78 48 39 52 48 81 96 47 33 91 97 49 79 35 55 59 100 38 50 59 47 55 60 61 68 28 62 47 40 5 46 21 77 76 95 39 66 58 2 71 36 84 21 76 37 61 81 76 100 16 51 76 19 63 71 41 23 89 23 94 43 50 66 81 47 40 11 16 96 89 93 51 95 23 20 53 74 20 75 86 47 51 95 79 19 90 69 13 1 57 
2 48 10 85 12 0 16 14 38 50 29 93 54 83 24 37 12 8 9 78 7 41 56 10 62 97 92 58 8 67 93 74 8 1 73 53 100 100 26 86 75 45 15 92 23 85 26 20 47 23 84 50 1 46 50 6 3 12 71 79 13 53 13 50 79 60 80 70 51 6 45 0 98 95 2 72 4 52 12 17 64 24 8 70 91 97 60 62 43 47 77 8 35 13 97 58 79 49 42 1 75 36 6 91 14 1 48 8 0 2 73 69 86 49 17 43 78 24 58 85 49 58 70 6 29 62 60 72 39 47 54 80 15 22 92 43 16 86 50 89 18 59 100 26 18 68 28 95 27 83 5 96 0 61 85 72 37 40 88 88 4 43 32 17 37 61 1 30 36 73 
43 8 49 47 61 37 20 11 71 61 22 58 59 55 35 93 53 19 34 19 74 8 82 18 62 84 71 64 44 72 66 9 69 41 32 21 60 36 95 36 39 36 61 50 39 97 56 50 60 31 23 18 22 33 42 67 46 48 45 6 39 80 73 93 36 98 42 97 31 73 96 46 39 37 47 0 15 87 35 3 99 87 44 38 78 0 36 13 38 32 33 90 41 97 0 70 30 38 17 45 67 61 39 83 95 70 55 73 6 37 14 83 29 14 6 100 24 72 84 71 63 16 76 91 79 16 67 46 35 56 57 20 52 9 86 91 94 71 5 6 20 18 32 36 78 6 82 52 99 55 37 90 23 58 100 6 90 30 44 95 23 74 90 20 33 61 87 88 32 60 
45 49 4 30 14 26 95 18 29 38 48 97 38 96 52 40 82 28 10 68 29 21 89 40 57 17 65 1 64 61 39 40 73 6 8 4 16 57 15 61 42 72 34 91 2 65 61 14 73 42 58 50 5 86 38 76 84 0 43 95 99 31 40 10 3 25 79 51 48 83 1 41 22 89 57 4 21 76 9 15 54 50 28 42 68 56 35 91 26 17 18 48 37 67 86 85 16 65 98 96 91 18 62 95 41 9 51 25 49 21 59 39 58 56 8 90 13 46 24 71 99 60 56 53 21 73 42 8 25 61 10 16 27 9 15 81 71 75 67 31 17 46 4 86 71 86 2 80 45 45 44 26 94 62 89 8 41 22 1 93 76 87 36 61 63 12 49 4 78 67 
94 5 16 44 80 66 56 79 31 64 1 33 0 86 98 95 78 92 57 100 100 76 27 61 84 91 83 2 1 78 83 44 38 80 47 22 7 82 83 25 38 15 98 31 67 72 48 27 68 0 23 79 7 17 63 3 20 84 67 12 100 5 82 18 11 2 83 3 64 22 65 36 15 55 58 3 86 52 24 21 24 33 90 67 22 38 51 8 18 4 63 23 91 5 9 69 28 45 75 59 55 50 0 56 95 19 61 77 42 70 34 16 100 85 27 4 97 59 78 34 22 29 21 79 19 30 59 57 21 14 85 63 90 90 42 41 34 75 28 40 21 10 19 0 59 68 0 62 45 4 1 25 89 6 54 92 49 79 100 100 80 59 69 73 75 81 27 91 21 51 
38 30 50 24 97 86 9 19 43 74 89 57 24 64 39 20 41 62 25 90 4 98 28 16 33 9 88 46 58 62 59 31 47 5 16 83 94 24 0 7 2 41 36 51 49 55 20 42 48 66 43 99 11 86 84 89 4 6 15 21 3 19 5 78 67 55 63 33 52 33 87 52 2 80 9 39 5 74 2 75 8 7 50 95 77 80 40 51 67 27 96 66 2 50 79 37 10 66 79 99 53 52 78 19 93 37 100 99 80 25 39 30 75 51 69 5 64 46 73 59 15 82 71 22 11 95 25 68 6 40 66 42 4 43 93 67 42 37 76 70 47 93 54 60 2 83 87 48 90 77 53 70 85 47 90 3 6 21 45 8 87 97 76 75 24 44 19 96 66 98 
46 4 75 0 89 45 31 17 80 86 34 43 30 93 83 15 34 36 66 25 46 44 42 14 62 30 40 39 67 58 32 51 42 81 24 32 83 89 11 41 39 44 92 42 37 87 11 74 71 35 12 92 45 1 51 4 84 66 94 91 44 90 59 59 70 62 41 89 70 61 80 72 96 89 29 81 30 70 5 73 0 31 86 12 25 54 73 49 59 36 13 90 30 48 15 45 10 63 59 29 56 41 86 3 52 65 99 37 100 14 18 14 99 64 66 83 37 42 20 75 64 1 21 48 12 51 59 76 2 4 85 33 37 85 9 49 77 43 39 11 0 28 42 51 51 5 4 22 84 83 31 75 25 66 18 8 98 53 51 47 78 25 87 10 35 45 26 57 87 82 
40 75 18 21 52 38 32 87 45 88 74 96 14 26 66 99 49 38 30 41 11 26 72 98 37 1 27 88 80 93 54 49 32 41 52 52 22 75 83 82 75 53 41 7 94 16 64 59 66 78 99 56 9 71 23 68 33 63 39 92 69 55 50 44 38 91 14 82 61 44 14 99 53 34 48 71 77 50 43 17 98 23 12 7 26 17 75 86 83 92 72 14 14 17 12 19 17 36 78 0 94 50 89 11 18 1 46 85 56 48 72 98 74 41 45 40 78 39 46 68 62 81 40 36 79 95 91 6 14 43 51 54 90 25 71 88 90 84 77 70 98 61 10 19 25 72 81 1 38 23 55 4 43 59 95 27 56 65 96 83 21 44 83 84 3 53 15 22 45 93 
14 19 7 96 55 46 43 60 30 58 18 32 32 51 32 29 44 48 70 58 76 88 21 5 47 36 34 29 21 5 56 70 1 97 10 18 1 92 25 0 78 56 31 46 33 82 1 85 18 7 88 24 33 42 32 98 19 46 13 95 16 95 93 81 42 47 37 66 94 21 34 2 19 76 73 47 79 81 56 2 100 6 21 1 64 35 1 65 91 5 32 62 96 39 43 77 92 39 42 39 37 59 6 27 81 34 100 79 53 48 65 99 99 50 93 87 82 26 96 5 89 76 7 88 44 9 99 93 96 39 5 77 7 86 8 10 77 35 42 33 88 8 20 52 30 69 75 95 41 57 38 41 6 39 20 94 1 0 44 27 15 25 12 59 62 96 100 67 34 97 
53 68 13 0 31 41 94 81 74 11 59 57 25 25 60 59 65 17 24 91 71 7 12 67 56 45 51 80 89 38 33 70 26 44 22 74 73 47 21 62 28 83 77 18 9 68 50 92 19 18 20 99 43 71 90 65 7 14 24 89 6 75 29 57 28 88 33 97 59 26 48 24 56 64 39 96 32 13 32 5 35 15 42 88 86 23 21 62 46 68 21 17 32 13 57 83 37 92 61 90 64 8 41 95 83 21 21 86 95 79 21 96 53 14 23 40 21 48 45 93 45 22 32 91 6 100 18 100 21 56 84 17 8 64 34 70 50 26 69 71 54 89 72 99 31 36 7 8 24 79 82 64 28 9 42 36 93 69 90 51 19 56 45 51 12 80 40 29 67 43 
77 34 28 96 27 46 16 84 21 26 5 78 72 76 41 32 57 61 97 18 2 44 65 100 15 2 59 0 18 66 43 80 41 85 72 5 64 57 86 67 75 54 63 59 81 32 35 81 96 45 77 25 30 59 64 94 55 47 63 13 29 83 83 26 35 49 26 97 17 62 26 97 28 54 61 91 48 95 60 59 28 72 88 94 61 37 58 48 2 31 69 37 81 69 15 33 31 74 24 2 22 18 18 64 43 59 85 92 41 80 21 17 50 99 43 57 71 81 13 25 17 44 56 55 66 88 68 72 35 32 62 56 56 99 19 12 84 92 37 77 75 39 96 88 83 98 42 46 31 61 10 33 50 79 24 32 17 15 26 5 86 47 3 73 21 95 3 51 75 29 
93 84 37 65 7 79 40 59 37 91 27 37 87 96 51 48 53 73 3 35 68 28 50 46 2 52 71 34 39 87 100 65 84 76 11 51 84 93 59 52 88 90 99 15 34 22 62 100 71 8 97 75 90 27 4 31 1 2 76 47 23 21 3 66 50 51 93 31 78 47 69 21 31 31 86 45 86 99 84 16 55 55 20 38 71 85 15 42 13 21 62 33 91 79 56 61 93 95 27 40 28 95 1 70 93 5 68 90 68 87 49 23 18 28 40 36 86 17 80 62 26 28 13 87 29 30 24 54 61 1 60 39 84 20 14 89 36 8 43 91 24 60 73 25 8 98 70 83 64 72 19 37 43 17 59 54 52 49 83 10 67 38 93 10 98 6 86 75 31 94 
78 58 80 44 92 97 80 20 14 1 19 18 56 94 8 73 2 22 9 17 12 29 96 29 51 34 81 83 8 68 95 81 94 62 42 76 44 79 30 99 31 29 27 97 17 34 37 72 42 93 17 31 47 76 94 42 32 1 29 48 33 16 47 62 3 28 13 55 99 60 31 42 71 12 29 50 11 16 28 69 5 56 38 67 47 47 47 30 35 50 17 77 49 15 9 5 76 86 86 5 15 81 38 49 43 3 41 93 31 54 0 28 93 75 28 46 60 41 68 41 80 55 21 61 40 55 86 5 32 100 27 14 43 68 33 8 54 51 9 10 61 87 9 71 11 27 3 69 58 69 14 32 91 59 83 76 18 17 51 55 29 55 38 93 32 100 42 40 42 69 
16 14 92 51 4 76 40 67 55 87 29 23 27 90 81 53 61 58 7 50 10 6 20 82 97 14 70 18 49 19 80 67 25 31 64 92 92 40 60 2 63 6 8 46 81 1 8 55 31 78 70 45 7 50 22 87 20 55 91 48 51 39 98 63 22 42 39 97 98 41 63 8 54 38 44 47 44 96 45 85 65 24 92 11 51 11 44 54 92 10 18 80 92 5 3 72 91 10 64 82 87 89 44 73 66 85 93 75 95 26 5 65 21 36 86 22 49 67 71 61 54 62 46 26 93 68 89 1 60 2 67 60 100 43 10 70 18 96 62 2 43 89 73 28 73 14 27 4 0 72 53 45 62 34 32 45 89 38 80 71 23 11 78 56 36 74 54 54 0 42 
88 81 48 97 84 90 29 56 21 19 2 70 24 19 57 1 2 66 71 60 79 67 55 80 31 12 0 57 81 57 98 7 14 34 62 16 57 39 61 0 14 58 77 97 97 89 63 91 96 84 62 92 91 82 69 25 27 78 68 10 93 95 36 84 36 28 15 26 58 97 39 1 96 49 60 86 78 16 50 13 42 67 70 58 50 99 11 67 91 48 48 38 96 33 56 79 54 50 11 0 100 16 3 53 5 25 4 65 16 78 49 63 23 14 69 69 12 86 63 24 35 60 20 19 76 99 44 99 58 23 6 67 29 52 45 4 6 69 63 80 2 49 69 13 10 31 54 67 45 87 14 42 91 69 22 31 77 36 29 78 75 98 33 52 95 2 50 36 97 27 
49 58 1 10 64 97 4 86 14 30 33 54 22 16 97 61 12 90 90 89 64 71 10 36 97 25 69 72 42 90 10 82 82 29 11 61 98 7 76 12 26 49 33 97 90 80 51 52 54 20 37 38 60 1 32 31 51 36 21 76 27 63 84 93 71 15 7 73 69 41 90 99 10 13 76 83 95 39 39 72 17 100 44 93 54 14 79 39 90 96 81 74 68 77 45 98 34 95 32 91 2 27 78 8 89 2 43 5 91 33 44 38 15 19 64 24 67 68 18 56 3 60 17 69 61 94 29 54 35 60 74 70 39 97 44 23 91 59 47 49 4 77 26 63 98 68 52 40 55 45 63 38 77 23 93 48 13 24 42 18 4 34 25 43 82 87 77 28 67 49 
23 98 76 11 53 97 27 88 46 58 20 30 2 26 29 51 60 76 14 23 56 17 97 95 12 97 64 22 17 51 48 52 98 65 87 72 88 43 4 14 47 74 10 80 64 75 93 3 91 56 43 38 35 69 95 73 81 35 28 98 68 16 25 8 69 14 88 12 68 2 51 72 72 58 81 75 83 18 54 60 49 87 53 72 32 80 4 54 62 21 25 91 7 68 11 99 7 64 56 60 83 49 40 40 65 92 25 7 80 64 0 22 92 16 8 58 2 12 64 38 51 92 71 22 89 79 63 32 79 54 40 11 39 5 94 7 81 82 60 40 2 29 70 9 85 95 80 94 97 7 0 64 55 38 86 8 85 81 72 88 72 55 81 66 85 78 28 69 56 90 
18 13 59 92 35 85 39 31 10 34 100 61 52 15 74 71 10 6 8 52 30 42 93 92 46 7 14 6 99 50 6 41 25 76 19 29 45 32 86 3 7 3 78 87 9 26 68 89 3 57 36 34 43 50 57 10 60 30 47 14 15 27 45 52 76 66 5 55 60 48 72 12 8 65 16 35 92 88 19 94 9 4 60 91 51 38 41 31 87 16 67 5 4 56 40 4 23 26 76 82 26 98 45 66 24 67 33 34 96 57 95 32 49 44 78 66 12 48 40 40 95 38 31 27 94 70 13 19 0 33 50 51 13 42 62 17 53 90 41 32 28 36 58 10 18 76 2 92 53 4 20 15 99 91 37 58 30 86 39 39 79 1 88 100 5 17 61 22 75 88 
82 17 26 23 77 79 99 27 63 48 93 86 48 66 2 92 72 93 10 84 16 70 21 86 6 65 96 71 26 99 15 53 78 86 72 18 52 24 71 98 74 95 95 87 91 13 36 13 76 54 42 35 84 37 48 29 24 31 46 78 88 92 25 78 6 55 91 14 74 80 90 47 13 8 0 14 95 86 18 20 23 65 46 65 16 1 91 31 31 95 63 90 61 5 43 11 57 80 76 17 62 76 41 11 9 15 13 19 22 65 100 32 32 40 52 79 9 46 58 95 19 81 19 74 99 38 41 63 89 59 68 39 93 21 28 84 76 88 29 27 64 40 38 42 26 3 98 42 17 88 32 1 84 27 29 75 2 34 49 33 44 35 86 54 57 80 83 77 38 48 
56 53 84 13 43 1 85 16 77 9 25 29 0 90 4 92 80 44 1 33 48 15 30 86 5 21 29 11 40 29 64 87 31 82 97 43 32 71 98 74 92 82 60 88 89 21 28 76 40 58 81 68 90 29 1 62 13 89 73 47 99 72 11 70 74 52 63 93 11 15 18 27 84 25 34 24 72 79 26 96 43 60 55 32 74 54 66 96 62 57 48 15 95 53 83 93 93 1 20 46 35 34 54 51 22 78 57 100 8 42 10 68 63 28 40 7 60 12 42 1 31 66 16 84 40 31 88 12 95 66 47 99 83 67 36 16 67 49 99 34 11 13 48 95 100 68 26 16 84 10 69 34 1 8 98 73 93 47 18 78 95 26 29 30 12 74 24 40 26 64 
27 83 49 90 26 68 97 68 56 32 77 66 42 36 18 79 7 12 39 56 49 91 23 89 70 34 33 43 22 89 16 97 23 2 14 4 10 47 39 3 0 63 95 8 32 62 58 14 42 39 89 26 47 98 62 96 36 69 19 73 96 66 77 18 8 83 48 71 34 65 64 31 65 21 89 52 75 25 81 54 78 20 13 75 26 83 81 3 34 99 47 55 86 99 95 25 79 75 47 58 47 53 4 81 49 13 66 66 27 16 3 64 3 91 69 7 99 15 98 72 83 85 95 85 5 83 51 60 55 60 60 24 58 49 24 81 46 64 15 85 18 40 61 6 51 94 70 81 58 52 12 16 71 98 47 38 30 70 56 41 19 12 12 9 17 18 84 73 62 21 
11 96 96 50 47 97 97 65 29 59 76 42 63 97 80 44 56 53 44 85 70 26 44 91 94 69 25 92 91 13 74 65 14 80 94 68 74 86 41 7 27 0 29 80 36 30 77 34 49 39 50 27 22 46 55 80 59 5 84 97 23 95 25 71 33 83 53 29 64 46 88 29 63 22 8 45 12 69 90 16 93 14 25 57 13 92 79 71 14 73 10 97 59 19 92 1 13 12 93 77 94 63 62 76 18 3 69 83 44 97 99 85 42 93 11 68 14 36 77 8 36 67 2 1 65 55 48 20 40 43 34 3 38 82 56 90 81 58 56 97 7 55 11 45 40 64 23 31 79 98 68 68 29 16 43 70 79 2 55 82 32 36 50 44 68 62 55 51 88 52 
9 64 66 27 65 73 24 78 21 18 89 13 68 16 61 92 62 90 33 37 81 46 84 19 91 8 41 79 58 31 34 95 76 28 10 31 6 88 32 95 6 53 87 48 99 45 93 61 39 66 68 11 38 73 66 18 49 30 82 56 96 51 33 43 64 37 25 94 76 29 44 91 89 17 86 82 12 15 71 87 90 52 93 24 79 88 38 49 55 40 54 11 7 4 28 71 36 5 28 80 69 23 46 13 75 88 1 3 94 18 89 41 11 30 33 74 78 10 35 87 22 1 75 50 32 60 74 15 89 33 68 53 81 47 67 72 9 36 29 89 56 52 64 37 85 51 66 97 44 76 53 31 45 19 33 23 62 98 44 36 95 44 93 45 48 15 11 92 68 6 
75 9 33 47 28 8 34 77 79 83 12 69 45 15 13 21 57 12 95 60 61 49 85 57 90 46 41 22 47 5 22 46 46 50 3 97 9 12 68 47 86 10 69 94 29 29 34 6 33 90 7 34 38 2 43 86 31 96 10 68 85 53 24 12 52 16 43 22 60 39 46 93 84 53 31 67 63 13 65 13 57 15 21 100 73 94 100 57 99 98 78 49 82 25 99 7 4 47 36 74 10 58 63 37 48 68 47 27 77 39 22 10 58 36 96 38 81 68 24 45 39 97 17 88 64 98 62 58 43 0 73 31 73 75 55 32 99 0 94 3 63 87 12 8 22 41 11 57 41 62 44 35 74 48 74 25 61 24 10 43 49 84 49 79 94 82 38 84 1 14 
94 23 25 91 64 92 41 13 9 88 61 76 99 96 25 76 38 32 18 6 77 74 21 31 36 29 86 16 23 72 93 19 49 6 92 24 71 3 92 40 75 19 87 81 31 62 86 22 67 77 77 64 21 49 56 17 28 71 98 41 57 70 91 15 49 35 4 4 74 74 31 81 78 30 11 77 88 83 67 13 39 75 42 44 89 38 19 43 27 82 1 45 17 58 80 64 75 77 57 54 40 64 80 91 51 76 36 75 4 81 78 91 17 33 96 81 58 40 11 7 16 0 69 16 92 30 38 91 90 94 42 47 90 64 97 34 70 67 68 65 38 93 19 4 4 73 13 84 82 86 88 77 81 46 5 94 13 60 21 0 58 88 73 59 8 42 7 38 99 98 
82 74 80 60 74 47 6 39 26 5 86 4 13 83 1 9 4 99 10 55 37 5 86 62 56 93 13 51 15 38 49 18 31 19 94 82 43 82 87 46 34 6 80 20 17 79 100 48 98 85 29 35 45 3 33 30 100 79 38 33 79 28 1 30 24 66 22 71 32 26 11 25 60 15 83 20 34 58 70 80 80 54 3 44 52 68 97 62 37 24 92 92 95 15 42 92 40 10 60 89 38 12 4 39 53 3 75 19 92 17 11 17 29 28 72 37 89 25 86 17 26 82 27 5 81 74 47 55 39 43 92 30 61 81 1 54 96 6 69 10 66 24 10 6 90 93 6 91 62 3 43 14 23 84 13 13 82 26 78 96 14 38 56 14 96 15 80 11 59 6 
12 96 7 37 65 57 8 29 32 9 36 90 79 85 51 2 69 64 88 43 62 15 89 71 72 75 9 3 43 8 84 16 79 69 20 38 0 45 58 83 77 8 32 15 49 69 10 79 52 0 15 25 47 11 98 49 24 20 54 5 13 66 58 26 43 88 8 66 15 30 73 79 88 58 8 33 26 2 56 14 71 31 31 95 31 37 40 23 33 11 55 63 91 95 32 56 9 20 95 23 56 53 56 98 78 83 45 77 75 67 90 58 75 24 34 28 52 11 68 24 74 93 88 89 5 29 83 65 63 64 44 46 50 45 59 62 19 5 15 34 32 72 86 31 8 9 47 18 51 11 66 6 90 88 18 53 81 42 15 8 54 60 73 98 52 51 9 75 28 99 
8 37 2 54 97 67 82 7 70 20 64 99 31 34 7 64 84 11 56 5 19 75 91 50 14 83 8 79 81 24 55 62 96 8 15 11 2 23 50 67 20 2 14 69 24 15 3 35 72 13 60 13 90 38 14 24 57 50 64 25 24 73 69 2 19 81 26 40 53 31 46 75 18 78 94 62 48 71 95 89 85 23 21 86 20 70 98 32 37 57 4 59 12 87 9 99 20 45 39 73 33 28 90 15 64 74 32 64 63 74 96 48 94 79 50 58 4 20 47 43 68 2 67 8 89 74 57 21 96 74 40 94 73 1 64 92 99 15 54 17 68 53 12 70 38 59 55 56 62 30 19 81 44 21 52 69 85 26 10 52 5 38 26 86 99 63 23 45 3 38 
13 16 76 47 58 53 20 42 99 49 41 45 60 4 78 35 46 49 95 77 57 93 33 93 24 7 43 26 52 21 47 9 83 65 11 53 51 77 62 8 22 20 17 41 70 13 100 4 54 1 13 88 80 74 15 46 84 76 12 3 67 2 29 40 84 48 72 26 55 31 88 41 81 60 48 76 83 11 92 67 78 9 68 9 98 0 27 98 13 85 78 71 71 57 28 40 13 24 11 96 52 0 91 100 16 99 84 18 71 9 54 29 28 64 31 57 62 83 50 83 66 91 81 3 41 82 59 62 37 61 40 40 69 84 71 15 60 92 87 87 61 4 70 29 97 35 24 99 36 65 38 55 28 86 18 16 39 9 59 63 7 17 19 17 33 72 51 0 75 5 
90 82 70 48 17 43 47 28 0 0 82 5 79 26 52 25 41 16 27 95 49 35 16 46 31 88 48 93 8 42 1 66 20 81 55 80 65 71 18 64 47 92 85 35 67 29 63 11 43 34 63 57 38 49 97 22 94 25 66 2 0 0 85 21 34 47 25 11 26 92 89 28 52 69 34 4 31 72 47 18 31 36 90 67 85 47 74 65 31 92 13 56 86 58 86 10 100 0 88 90 60 79 77 12 48 48 79 55 87 53 76 70 19 0 53 82 91 32 59 83 93 20 13 84 67 17 63 94 40 53 64 75 57 37 8 8 17 49 85 89 78 83 82 27 50 71 62 38 93 71 4 23 85 55 86 94 16 91 57 11 3 99 22 61 89 76 70 87 8 2 
50 9 14 57 61 58 0 65 81 67 58 47 56 43 41 50 53 21 65 58 36 11 89 93 64 100 66 29 73 38 65 83 26 35 0 93 87 16 55 89 89 80 17 60 16 12 29 26 0 3 58 23 10 70 27 73 82 57 42 1 6 56 18 71 52 47 35 27 90 85 9 40 19 93 69 27 29 96 12 10 39 68 83 46 53 84 19 85 44 98 59 61 71 87 86 40 83 18 7 45 76 15 78 39 84 40 78 3 71 56 13 83 29 45 6 88 2 6 23 23 75 37 36 77 35 82 98 69 0 80 87 19 57 58 15 79 43 24 2 47 29 79 29 4 85 64 1 40 14 83 84 43 39 53 8 76 10 89 55 43 34 68 34 52 79 19 92 60 8 73 
63 43 35 94 31 41 46 81 53 47 87 40 93 36 64 88 26 66 12 32 83 15 16 41 79 74 59 15 53 64 73 79 69 46 58 1 59 15 25 98 63 100 59 43 23 17 41 81 79 45 8 29 48 19 31 78 28 92 31 24 54 60 12 62 84 11 88 39 88 30 34 38 32 97 50 23 48 19 44 61 78 94 47 11 29 45 71 8 88 86 6 100 43 17 23 29 75 98 95 84 28 95 22 62 78 66 50 69 7 38 53 46 4 41 6 23 28 60 63 71 36 49 40 49 41 52 48 76 11 54 1 41 53 39 77 43 78 55 30 58 47 7 81 49 52 24 15 73 6 37 2 47 85 15 97 90 92 72 75 23 97 86 78 90 5 89 19 4 72 70 
71 25 8 26 3 37 28 32 63 84 86 33 4 79 36 79 69 85 51 30 93 47 3 31 77 66 86 23 97 30 38 66 53 61 77 47 22 45 91 12 78 71 62 83 88 15 37 53 2 49 54 30 0 70 78 62 72 45 12 69 21 38 34 1 47 10 9 22 54 38 75 1 67 49 2 89 15 86 52 84 72 34 44 12 15 21 1 47 7 80 9 79 63 77 99 12 34 82 50 82 76 66 57 93 9 30 70 17 95 57 5 33 16 95 40 23 66 21 98 9 80 12 81 9 72 38 68 3 45 22 35 48 9 75 74 82 51 7 76 18 92 90 94 81 19 86 15 46 60 91 87 27 96 10 11 70 89 86 25 47 16 97 49 90 93 78 22 75 16 57 
98 12 97 6 66 97 9 87 49 44 21 15 61 48 52 89 7 0 35 84 27 52 21 30 66 12 87 56 2 16 79 68 43 78 62 84 90 71 2 73 35 0 26 57 64 35 99 90 38 98 43 66 33 68 68 35 84 12 54 75 84 71 47 10 1 81 49 94 3 89 62 50 24 16 55 50 31 48 23 95 60 21 29 16 84 5 79 11 72 41 83 38 60 29 42 79 81 11 50 72 43 53 49 52 77 13 78 19 40 80 100 90 85 66 87 27 6 70 62 41 3 8 37 42 8 46 80 46 36 91 37 74 91 73 5 61 47 99 100 57 23 31 61 6 43 58 29 63 15 26 59 54 22 30 37 90 10 61 76 42 24 82 65 72 7 51 62 71 71 62 
88 43 91 62 72 87 84 83 43 12 79 99 63 84 58 36 81 80 93 61 86 15 85 93 50 49 95 0 81 48 41 8 60 88 6 53 40 6 84 44 29 17 14 14 89 37 24 40 31 100 65 12 5 94 63 18 98 61 20 73 40 48 90 51 76 16 77 59 91 72 34 8 66 35 86 35 55 47 83 50 11 20 99 0 98 47 13 64 86 93 93 15 21 46 11 44 5 49 26 90 27 61 98 22 8 97 56 77 51 51 72 64 9 97 27 16 91 75 4 56 30 69 97 40 99 7 50 100 4 77 78 46 40 80 40 56 81 22 63 93 6 68 54 66 51 44 7 49 59 21 10 67 11 99 89 91 15 19 43 13 98 5 50 10 20 30 52 45 22 54 
1 6 23 31 71 46 54 24 67 8 15 71 54 91 32 21 89 4 0 18 97 40 100 68 49 43 12 67 76 82 22 26 83 19 38 12 23 63 51 52 29 60 56 34 42 72 4 98 78 57 44 52 97 98 95 18 43 91 38 91 95 23 1 0 59 25 52 86 15 47 14 20 61 26 83 52 36 97 66 96 38 46 37 77 75 5 92 16 52 72 2 6 41 31 16 51 72 33 31 79 62 33 49 17 59 62 60 52 41 96 37 98 8 46 52 44 90 72 24 41 84 40 26 51 81 27 1 47 58 3 76 80 3 47 37 1 9 86 71 65 69 80 75 5 49 77 98 63 79 65 88 14 78 9 48 33 31 17 82 90 38 80 99 100 62 0 81 7 48 37 
43 72 17 69 47 43 33 35 93 40 47 69 48 15 71 37 24 57 58 4 49 97 87 13 82 18 64 19 10 78 3 61 88 57 92 10 15 63 36 80 82 19 67 26 93 0 74 90 73 85 52 65 9 96 4 98 33 42 84 99 23 23 36 23 36 58 80 96 60 84 51 68 53 75 79 99 23 98 48 31 43 50 28 5 61 89 67 27 5 85 35 47 75 11 76 53 4 58 26 82 13 54 70 50 60 78 45 13 32 63 46 42 24 48 11 68 67 66 90 31 33 14 3 88 26 50 88 6 44 9 99 72 29 18 79 63 68 35 7 29 99 84 18 84 73 94 41 69 74 28 21 95 65 34 74 90 28 43 63 19 8 60 74 1 86 46 28 17 18 0 
28 40 64 25 2 63 45 88 46 55 83 7 25 48 70 57 71 63 42 40 12 96 94 14 84 54 46 86 70 10 87 79 89 70 66 94 53 15 78 38 50 72 8 9 43 88 38 11 58 90 15 26 39 49 64 9 36 76 52 63 97 9 92 80 89 19 16 73 23 75 10 98 55 84 68 93 62 50 32 80 11 34 35 72 18 28 12 24 1 29 44 60 58 70 53 88 28 44 71 78 57 15 47 19 71 82 94 55 48 35 96 63 80 27 3 27 84 95 9 58 54 80 96 98 86 48 77 88 68 85 95 67 72 28 46 88 26 70 93 90 60 3 49 76 12 86 51 60 44 70 56 83 13 23 64 14 24 99 64 89 48 75 75 81 69 47 30 56 67 33 
17 1 19 88 91 97 60 81 42 73 57 65 90 12 65 6 62 10 13 24 39 73 18 35 70 73 37 4 52 42 77 29 65 100 44 64 97 4 61 66 73 93 92 12 12 14 24 69 62 50 66 84 33 20 5 78 41 36 9 86 7 9 94 18 55 41 85 64 41 60 30 29 7 81 60 19 9 16 93 63 33 76 5 61 92 77 59 92 13 50 90 60 14 19 10 15 87 36 27 31 21 85 28 59 38 76 14 68 76 31 7 23 31 65 0 63 89 97 10 87 50 91 64 27 2 29 47 52 33 52 94 16 75 75 30 27 55 69 19 57 18 51 29 26 25 5 99 70 64 83 24 39 49 81 99 73 87 82 86 30 92 15 40 84 21 93 77 35 41 77 
30 60 3 86 91 98 7 1 65 19 46 50 63 88 80 61 18 9 43 6 75 90 76 45 100 92 6 23 97 45 95 53 17 80 19 1 20 52 79 32 20 74 1 76 40 49 40 99 19 29 37 95 46 21 34 5 100 42 45 14 74 68 91 19 74 65 95 93 3 96 90 70 8 16 82 84 46 34 71 19 56 96 9 89 18 42 35 33 73 67 49 59 58 69 35 84 88 60 15 66 0 3 4 0 0 32 84 28 98 16 21 69 64 73 98 72 3 21 88 36 77 49 100 38 8 46 75 13 23 19 14 82 53 51 30 68 48 33 68 87 92 77 52 99 92 7 45 4 3 100 7 88 90 27 25 12 82 3 12 47 36 93 59 56 20 26 42 50 79 25 
69 15 90 61 45 51 24 80 86 49 26 54 54 13 45 69 64 5 92 56 66 89 74 74 87 55 83 56 90 77 34 47 90 96 74 11 64 79 71 56 76 63 61 28 66 77 0 43 91 49 91 50 96 16 77 98 85 7 80 93 97 7 2 37 56 78 70 61 92 65 83 1 26 74 48 16 11 61 20 12 32 36 37 46 11 84 46 38 51 12 53 38 68 60 57 80 52 48 8 52 10 31 77 61 4 99 52 46 62 72 99 28 17 8 48 70 10 100 95 43 26 2 7 100 9 85 81 71 65 84 27 91 54 36 69 9 58 59 12 89 95 22 25 77 76 64 8 26 14 14 9 99 93 10 81 46 37 67 3 50 87 100 8 6 28 44 89 72 42 14 
87 80 51 88 53 53 67 73 60 29 91 21 92 66 99 22 41 74 67 100 63 12 6 72 15 51 78 48 73 21 71 37 71 35 72 35 65 46 19 62 23 98 9 3 18 0 5 33 60 49 5 43 36 40 31 82 40 53 29 62 27 30 97 88 84 76 54 48 13 37 43 43 48 100 28 7 3 43 55 29 5 66 47 40 31 46 96 28 81 87 83 55 1 78 51 42 39 80 7 31 6 77 91 53 80 74 28 31 11 19 39 86 85 52 29 61 72 91 25 91 22 3 94 40 88 77 55 89 51 76 16 67 65 64 10 34 46 43 18 56 44 57 90 13 96 86 8 73 53 84 30 75 23 26 64 25 29 93 63 22 54 96 48 81 5 75 93 60 4 61 
89 41 77 48 82 89 11 13 6 47 72 46 12 93 38 39 28 39 45 97 62 54 93 16 77 0 88 44 68 49 99 75 36 82 51 27 76 34 39 30 47 2 21 44 82 100 64 50 3 35 34 42 25 34 19 0 86 33 9 8 27 66 52 7 18 16 86 3 32 85 54 12 60 99 55 5 92 15 3 94 51 100 38 48 24 71 46 56 87 12 86 92 3 92 58 20 30 2 74 66 20 8 34 67 49 74 71 28 36 78 44 89 87 90 50 39 56 61 43 96 7 11 90 17 67 79 79 36 99 17 66 88 82 86 7 36 9 23 44 22 27 91 44 17 88 4 8 70 85 7 54 21 16 9 2 18 46 24 32 68 2 34 23 4 50 99 17 6 16 59 
1 21 84 93 53 79 24 82 30 39 70 100 39 12 98 72 15 3 16 83 29 23 86 86 34 28 38 72 38 48 74 50 0 76 38 8 17 27 98 98 43 27 94 10 92 11 15 21 9 57 0 58 0 55 10 73 35 17 38 0 23 60 53 91 46 83 61 46 75 42 62 91 45 19 35 97 96 64 21 42 1 23 70 35 10 75 29 1 97 46 15 10 81 70 44 8 55 87 31 19 0 75 17 81 21 74 39 93 54 53 62 96 67 63 2 74 51 47 68 48 6 26 10 22 50 55 46 46 41 45 85 52 44 77 61 24 50 72 58 55 18 55 24 21 93 40 4 32 19 49 6 68 96 24 100 96 56 49 96 29 42 99 14 6 21 42 61 88 5 66 
70 85 39 52 67 43 81 1 42 47 28 90 32 74 55 17 85 26 98 53 93 85 58 28 96 8 12 46 69 94 82 3 22 52 82 38 39 73 92 61 34 30 82 64 93 90 28 19 9 71 4 37 43 7 18 37 68 74 100 9 72 45 83 36 90 74 91 65 13 52 78 22 4 42 84 3 77 91 38 54 92 85 34 55 46 71 29 99 25 26 23 80 0 6 82 81 3 53 41 47 10 13 78 74 78 59 60 68 14 19 86 94 59 31 0 56 40 94 68 40 17 74 0 10 2 91 63 25 84 11 31 27 69 59 97 57 53 40 77 19 72 58 25 26 88 67 37 73 37 19 60 21 21 53 25 84 55 79 70 62 63 23 79 83 14 24 56 81 40 1 
94 96 86 50 23 58 94 6 36 14 61 91 81 2 0 53 85 93 94 32 70 27 91 63 36 92 52 98 100 25 46 81 31 45 38 95 48 98 70 53 65 33 76 27 47 42 27 65 33 15 46 1 28 49 1 5 86 82 56 29 20 39 65 5 70 37 89 86 21 43 31 43 62 29 59 11 95 89 47 50 86 82 80 45 70 77 95 95 99 29 100 73 48 62 62 10 5 72 27 56 82 67 9 97 75 46 13 1 29 77 18 9 59 89 41 49 8 43 96 0 92 77 61 54 75 33 40 21 94 60 1 2 18 82 65 95 59 36 41 51 94 80 43 1 65 28 94 60 95 20 24 5 41 76 13 99 7 47 98 37 28 48 22 15 58 99 12 54 7 48 
17 41 70 20 26 97 92 92 60 84 4 44 20 86 25 24 58 32 39 31 80 92 42 64 77 32 13 71 94 41 79 73 75 71 86 13 86 38 46 64 40 67 97 25 40 22 67 43 13 87 81 18 39 78 46 74 39 27 91 17 89 41 82 12 59 78 95 59 16 46 74 44 44 39 44 66 0 19 16 78 32 48 8 42 76 14 34 97 90 40 43 57 86 66 34 16 4 59 72 20 88 94 87 36 39 23 28 0 79 5 91 56 62 30 81 94 90 67 89 77 67 36 53 53 57 94 97 47 75 47 33 5 42 88 31 50 5 52 86 88 66 30 10 26 44 99 67 93 93 44 2 79 74 71 50 70 35 5 40 14 5 1 62 41 59 26 16 65 11 92 
69 60 99 60 50 39 2 47 19 27 39 80 70 0 3 25 74 29 13 33 55 26 7 63 38 43 65 44 35 32 41 47 42 6 68 15 33 70 52 47 42 13 63 57 31 9 10 46 82 28 65 52 65 8 32 21 85 9 39 16 59 52 75 50 74 85 53 24 26 62 44 93 34 80 96 91 68 98 53 27 38 37 49 55 13 32 68 10 59 19 91 86 34 51 28 91 11 22 6 79 92 14 100 54 62 53 2 63 77 96 22 36 51 93 58 67 96 84 12 90 19 73 77 34 64 19 37 74 14 84 36 80 99 19 81 63 93 97 14 12 100 78 54 66 64 22 0 23 76 89 17 34 82 10 13 35 7 54 89 26 24 27 11 39 44 58 51 56 35 8 
31 53 60 70 4 90 96 98 41 4 30 22 55 9 62 72 99 31 62 81 0 96 34 98 34 62 7 9 52 87 12 99 80 6 90 7 72 73 60 73 87 52 82 50 58 82 20 24 83 0 42 91 90 5 31 82 29 91 26 21 93 10 54 53 88 33 68 58 20 19 36 86 72 22 40 98 18 72 7 67 48 9 30 29 6 12 78 97 58 48 72 38 45 8 81 60 13 99 38 47 100 8 7 21 1 2 90 81 30 94 44 3 97 84 47 79 60 63 77 76 46 56 60 89 21 33 33 89 18 4 18 11 97 3 90 22 67 39 49 58 44 7 16 63 2 98 90 67 9 73 13 63 53 12 35 35 39 60 48 61 74 23 34 89 32 68 88 52 3 11 
76 79 3 77 22 21 7 26 76 45 89 88 61 12 16 87 59 81 3 85 25 17 29 6 94 56 62 55 44 77 10 99 1 3 85 95 10 90 89 46 49 12 65 38 3 38 28 56 12 12 80 21 43 32 58 57 97 38 84 19 94 75 29 31 49 68 32 39 73 37 24 91 8 55 36 11 64 40 78 54 78 46 21 80 84 43 5 58 52 37 84 87 3 84 15 54 41 77 44 44 31 63 12 19 96 77 53 31 31 31 5 42 64 99 19 54 47 15 86 74 41 70 53 97 1 95 83 17 66 10 57 39 59 44 7 58 75 94 25 14 26 3 30 26 58 64 87 44 4 45 91 44 76 16 32 76 98 85 21 36 98 14 64 88 70 10 70 36 7 64 
36 49 84 48 71 50 55 73 49 62 35 8 93 13 59 53 97 90 99 79 98 26 41 78 37 58 72 14 1 98 68 30 13 58 34 27 59 84 21 28 59 79 71 63 65 66 49 49 31 95 82 90 61 7 4 91 1 74 22 49 40 61 85 8 13 9 75 36 21 58 3 19 73 43 22 8 28 57 94 20 66 30 30 84 57 28 65 95 18 5 63 62 84 51 54 41 98 20 78 71 88 39 17 73 56 13 74 70 71 44 14 50 82 20 67 0 24 35 82 78 81 96 33 63 67 87 53 44 21 94 80 90 47 79 63 34 56 4 39 3 59 48 67 51 100 52 54 94 13 4 7 3 93 30 89 74 52 13 80 75 10 40 25 55 83 68 26 85 16 71 
66 76 87 45 23 3 8 61 63 39 69 79 40 28 73 15 40 76 79 46 32 30 72 34 94 16 62 77 41 2 11 4 60 39 59 54 61 40 97 27 91 45 8 80 54 13 63 50 9 25 58 53 86 83 25 61 6 23 59 13 8 82 88 62 5 49 63 38 93 29 38 26 17 7 39 44 16 54 75 54 93 60 25 94 48 72 97 73 91 78 66 78 90 78 65 9 14 50 32 51 23 98 14 100 26 88 23 39 9 37 80 22 72 80 85 95 94 63 86 43 15 39 87 70 27 87 24 81 94 54 77 67 91 56 61 67 35 47 46 83 21 13 53 2 86 17 61 93 2 33 88 92 38 49 56 79 13 53 87 24 46 72 39 0 62 15 12 50 14 34 
35 15 8 38 22 42 35 1 87 27 6 49 90 35 25 57 3 19 89 16 8 76 30 39 18 57 46 14 43 41 64 80 1 55 98 95 65 36 94 76 4 5 20 35 76 27 99 53 45 82 40 23 96 32 81 27 11 9 91 6 94 5 82 20 69 27 65 93 98 76 77 15 75 19 99 94 27 53 10 70 32 42 50 18 81 97 99 4 53 22 75 32 94 99 57 30 15 36 80 0 22 37 47 50 27 42 48 86 23 9 96 32 49 100 81 88 65 82 74 88 8 22 61 83 40 49 71 52 97 63 50 94 30 58 92 25 11 26 73 14 91 94 68 12 7 98 74 91 70 50 20 45 80 83 16 97 68 37 9 32 67 9 75 26 70 28 57 100 94 12 
85 90 94 98 61 70 9 12 26 18 2 2 94 14 66 81 27 10 61 42 94 99 36 93 20 61 61 30 52 18 80 91 64 47 47 88 17 88 55 51 63 83 4 52 12 82 74 60 70 99 55 32 81 99 18 33 97 0 51 12 69 8 22 93 94 89 1 22 79 75 31 56 6 62 11 66 14 78 42 72 16 64 76 85 56 12 74 49 34 85 89 61 100 64 4 86 35 6 75 83 90 32 67 71 45 38 35 86 92 93 31 57 70 29 56 67 69 57 88 84 37 64 77 77 66 76 97 87 65 25 92 35 76 18 9 12 73 82 68 50 15 66 47 9 94 10 61 40 99 13 87 57 65 60 54 90 85 50 11 24 26 77 93 18 23 24 92 42 43 30 
24 75 41 25 83 69 92 12 7 17 74 94 27 21 3 47 10 12 63 97 51 10 39 67 86 35 48 51 25 43 60 61 71 76 77 23 39 97 23 81 83 17 50 16 35 10 38 61 13 15 21 79 87 91 82 1 69 99 32 17 88 60 53 23 98 51 78 14 50 51 52 75 5 28 99 90 20 24 94 85 42 64 34 97 76 64 89 43 14 24 54 18 16 63 19 16 39 87 94 44 45 75 51 11 44 53 71 8 62 9 91 8 1 38 73 92 16 5 44 12 7 62 90 46 59 18 91 92 39 63 36 55 24 69 21 85 37 99 81 13 76 72 77 92 34 91 74 90 81 46 5 84 91 67 23 70 60 39 46 25 92 26 67 12 37 20 85 60 4 93 
25 84 35 23 85 53 0 59 43 13 92 75 41 41 45 63 9 8 8 20 7 23 90 73 5 100 17 26 14 46 71 89 84 79 71 73 15 3 32 88 65 14 36 83 19 31 92 41 80 5 30 66 58 55 91 41 83 72 34 68 56 35 49 29 90 45 65 94 16 64 24 31 34 14 55 22 15 74 22 22 100 34 90 87 30 98 22 57 85 59 73 26 73 66 22 47 97 54 11 90 38 90 51 33 47 70 20 62 61 41 58 7 78 16 22 27 1 37 15 34 36 2 65 21 15 51 10 4 28 28 6 18 0 34 44 75 18 61 75 75 80 12 17 18 0 82 36 60 34 21 26 14 90 65 2 30 15 0 41 19 52 50 93 0 14 57 37 66 74 39 
69 21 28 67 50 4 76 96 24 52 11 27 20 96 3 47 22 79 54 44 29 96 2 56 39 20 22 45 87 53 68 42 80 59 66 57 85 49 27 64 100 68 20 19 42 76 91 72 71 90 76 91 29 0 88 33 44 82 88 16 36 0 32 78 61 23 13 35 22 22 90 45 48 69 4 51 94 100 43 63 19 36 46 15 29 19 58 13 17 67 40 62 30 94 26 90 2 100 51 3 59 84 20 43 0 56 99 45 58 0 11 41 36 73 93 7 44 31 76 46 9 34 28 26 78 6 44 46 47 57 76 60 60 52 54 8 11 79 69 43 46 45 15 28 24 89 7 30 51 0 7 48 4 72 73 73 85 76 26 1 5 86 88 56 89 99 20 99 85 5 
54 85 9 51 91 89 89 15 49 77 57 23 58 38 2 51 76 17 56 27 91 97 100 83 70 79 29 51 49 35 64 84 70 26 19 13 55 39 51 34 73 8 45 56 68 16 28 68 93 35 53 29 80 0 0 22 6 41 20 60 92 33 22 2 82 70 97 92 28 30 52 3 82 45 97 43 69 1 97 72 84 30 48 98 38 66 39 91 49 11 35 76 87 100 26 10 88 80 91 84 40 64 13 36 55 88 54 69 11 19 56 4 96 62 19 18 84 54 38 27 77 46 28 2 66 63 95 3 82 93 36 92 72 77 73 30 80 32 45 98 0 77 6 73 24 80 71 67 84 78 69 31 15 38 79 4 0 1 20 28 3 8 8 24 90 55 64 24 28 37 
85 78 46 13 67 74 97 69 24 2 51 44 9 14 21 36 73 78 0 32 60 55 68 64 55 77 83 14 80 10 82 58 29 46 35 31 78 0 73 11 10 100 97 57 99 30 91 27 77 27 58 50 56 94 96 37 86 69 38 21 74 84 50 98 24 98 97 76 37 72 94 36 9 62 12 2 57 6 32 70 15 83 30 49 23 52 25 79 56 17 71 97 84 85 68 87 7 12 72 44 31 22 64 66 9 82 2 46 39 3 78 90 82 51 36 98 94 81 57 32 1 71 15 39 25 99 54 37 33 10 25 80 56 41 37 93 55 68 91 27 57 2 56 10 86 59 21 16 1 87 32 36 63 20 21 67 0 74 40 86 0 45 90 17 88 69 81 84 38 61 
12 37 70 61 12 56 97 24 95 72 89 25 80 77 81 77 19 28 45 56 38 41 90 97 96 15 30 50 9 65 45 67 98 0 21 22 38 3 48 77 17 58 82 88 60 61 40 83 70 47 94 88 49 90 40 61 63 91 55 62 81 72 44 19 87 84 62 28 89 40 86 16 7 12 78 69 38 4 4 2 89 42 57 69 41 15 9 16 12 59 34 63 85 59 88 56 93 74 37 61 3 95 22 6 14 36 78 82 45 20 97 13 97 13 87 21 83 24 96 90 48 63 0 12 95 97 17 75 99 69 100 33 43 27 62 49 6 12 14 8 82 69 19 56 18 1 53 17 80 45 42 29 58 83 36 94 32 93 96 69 65 80 99 66 80 72 35 69 0 19 
7 100 7 45 50 99 43 80 82 70 5 96 97 89 21 84 82 0 22 69 69 20 8 65 63 22 55 19 52 50 74 5 74 31 69 43 63 23 49 53 18 16 22 78 74 41 81 43 28 54 43 100 94 23 25 64 86 45 97 74 57 86 70 1 46 44 100 13 48 61 36 85 48 96 40 16 8 27 100 67 70 55 10 87 27 44 33 61 86 35 46 21 89 41 43 96 81 20 71 94 22 52 50 55 84 33 31 27 9 83 62 33 11 85 23 54 34 15 78 88 38 78 51 30 25 88 89 98 77 100 92 38 3 14 17 74 9 54 48 27 55 23 26 73 93 4 4 1 67 94 20 26 13 99 71 52 92 71 0 8 93 13 96 41 67 14 8 0 10 85 
38 43 79 60 36 32 99 3 66 31 80 13 75 26 82 48 32 63 96 93 43 94 29 75 97 57 61 56 15 83 7 68 85 33 80 26 23 27 96 33 48 26 41 70 54 25 100 50 31 100 81 32 92 12 91 82 82 55 54 0 68 18 82 32 34 57 11 12 47 39 48 91 3 73 88 46 45 60 89 53 52 63 55 15 41 46 48 40 10 93 55 5 30 36 34 5 33 23 8 69 73 8 25 48 59 37 32 69 62 81 48 50 60 68 60 55 97 36 81 87 83 87 61 75 64 36 95 18 98 61 63 0 71 38 87 65 33 45 41 45 71 50 62 74 36 8 68 55 18 40 99 31 99 89 9 99 39 95 8 20 81 95 11 21 45 88 21 4 98 15 
22 2 20 3 78 23 93 14 74 85 19 85 83 22 71 4 57 8 0 23 13 61 63 47 48 83 20 82 6 71 69 83 86 0 10 52 29 34 8 87 100 7 7 0 44 83 39 41 38 44 71 79 61 34 94 25 59 20 6 84 93 71 84 44 78 41 31 100 88 16 84 71 91 28 31 37 18 41 25 4 53 65 72 71 49 12 26 55 67 36 90 50 22 22 36 85 16 33 34 37 25 54 20 89 10 36 98 22 47 68 1 83 25 93 100 65 43 34 4 85 77 75 13 65 85 25 85 13 6 36 56 55 41 59 86 7 67 96 74 53 75 71 66 40 64 79 70 14 8 18 51 10 91 49 33 57 35 58 58 77 8 61 85 85 25 60 18 11 89 26 
91 98 10 54 0 5 37 11 18 38 10 85 49 88 92 92 51 23 36 68 51 94 4 74 96 37 42 83 31 79 25 23 27 31 37 15 85 92 71 12 7 88 11 18 52 52 20 57 46 29 36 75 66 1 63 48 83 8 10 45 62 92 97 48 96 94 100 75 5 13 99 48 86 56 85 89 28 16 8 35 40 15 91 96 13 85 34 42 46 27 86 28 50 21 12 53 11 89 57 57 0 77 4 6 85 76 100 10 55 2 23 78 48 8 32 28 38 95 95 58 47 70 29 26 43 68 94 47 4 80 71 39 95 4 52 51 22 57 63 94 63 13 95 38 1 4 28 1 56 70 6 34 2 85 8 24 81 96 16 26 31 78 17 18 22 43 67 24 99 6 
29 22 57 11 96 92 95 30 46 22 85 8 17 88 70 71 15 10 2 75 93 6 82 65 10 55 97 50 58 1 67 34 46 33 86 46 35 51 12 83 83 67 77 68 68 92 77 95 61 30 17 100 35 39 45 83 72 28 6 60 21 38 13 6 63 88 6 69 74 56 44 16 71 88 36 98 9 17 53 60 82 49 11 94 12 71 4 69 62 61 43 19 45 80 11 72 20 60 93 7 79 57 64 56 55 46 62 70 24 36 31 79 13 34 61 86 97 19 11 12 64 78 50 49 89 63 98 99 44 50 28 74 18 46 35 36 19 2 25 65 17 98 92 50 11 9 14 91 5 69 60 64 96 29 56 71 72 31 13 19 19 83 87 84 60 42 32 55 14 84 
80 85 95 97 64 17 95 14 24 98 18 32 13 17 36 6 94 65 63 20 14 85 17 61 86 18 78 96 48 47 85 24 84 54 58 79 51 70 16 95 48 13 81 2 14 59 43 96 12 21 93 82 69 58 75 14 18 46 47 92 31 16 37 12 43 47 29 72 73 65 62 29 87 63 83 12 51 94 39 19 4 71 90 10 63 17 1 38 79 35 45 74 98 2 16 89 77 27 63 89 61 76 29 78 95 14 7 49 89 1 24 83 82 31 11 1 59 14 84 23 46 51 34 83 42 21 61 26 16 63 0 72 55 10 73 69 40 78 90 4 8 96 50 78 98 33 71 21 26 55 42 47 66 40 3 0 31 13 31 97 45 23 21 15 9 17 67 28 82 91 
85 0 2 53 56 53 69 6 88 97 24 75 94 0 80 28 68 15 39 44 85 43 90 98 86 5 55 10 77 37 43 18 31 46 22 98 63 43 26 85 42 23 27 24 14 72 11 23 35 30 94 0 79 25 75 51 20 67 17 98 11 87 32 99 63 94 81 12 96 90 70 14 80 7 36 50 89 88 58 68 39 56 12 71 66 41 97 0 13 10 34 85 89 86 0 94 67 2 68 69 96 66 81 23 63 44 88 23 18 50 13 72 98 59 68 90 27 77 39 33 68 61 64 21 85 8 31 87 66 85 9 100 89 14 93 4 13 17 77 82 68 37 14 99 81 74 68 69 59 69 74 31 60 9 63 38 3 100 88 98 42 75 93 35 32 57 71 57 17 23 
8 73 78 13 0 96 90 71 5 48 67 86 54 13 14 19 98 69 46 83 63 73 86 56 10 92 14 14 67 27 67 57 81 69 75 11 11 76 32 72 97 47 73 8 74 89 40 80 5 37 75 42 24 50 46 21 39 90 14 46 38 15 20 69 94 0 85 71 16 35 85 91 59 26 98 45 4 27 67 98 57 53 77 47 79 22 11 93 95 89 23 77 13 14 7 57 15 18 64 18 90 29 61 82 6 40 32 94 81 74 21 97 7 18 17 18 12 75 2 58 67 57 65 31 46 99 93 2 60 49 85 91 90 29 71 71 70 49 15 47 25 84 39 47 5 72 54 14 84 31 64 32 61 20 79 78 65 2 4 52 64 92 90 7 86 84 43 24 18 22 
50 36 3 44 70 26 40 26 17 66 55 67 51 11 34 22 48 41 85 40 85 97 76 41 52 64 16 89 10 13 85 69 14 9 8 51 38 84 8 54 78 75 80 43 96 93 11 15 32 84 35 23 56 33 56 88 42 33 5 20 93 35 67 65 64 85 80 40 60 37 18 24 15 35 82 31 20 2 47 100 33 21 91 54 4 62 54 97 50 95 27 14 26 4 10 84 63 60 20 39 65 35 77 49 39 68 89 77 19 55 89 41 17 4 82 39 97 18 42 32 29 81 24 86 3 46 63 27 34 86 25 0 3 37 52 81 21 33 31 80 20 0 73 78 3 57 12 70 38 64 41 98 29 81 81 24 51 45 27 26 98 6 87 45 56 63 46 39 34 43 
54 7 75 8 4 50 53 79 66 47 61 44 5 33 96 63 39 80 75 65 73 93 59 4 12 22 59 25 29 58 31 62 75 42 44 75 3 52 2 87 72 68 99 59 5 3 18 86 20 55 57 72 70 73 28 88 46 22 84 90 74 54 64 62 67 83 34 16 26 28 60 80 45 49 69 40 5 84 68 12 35 9 59 93 33 99 33 93 37 39 80 90 9 73 76 58 90 53 56 17 12 9 77 33 49 79 86 41 63 57 41 5 100 92 45 11 17 97 37 5 55 62 100 84 95 79 16 49 93 43 54 9 90 23 41 98 67 34 22 60 6 30 66 8 26 48 93 60 90 63 80 16 17 41 5 21 60 75 94 60 93 17 38 71 19 96 50 13 85 44 
43 53 50 75 36 41 53 64 42 80 92 9 96 1 40 61 61 6 49 56 2 99 1 97 31 4 86 88 81 16 42 20 62 92 66 83 57 2 50 54 3 68 34 29 5 13 67 3 99 5 65 99 35 61 68 94 19 3 6 91 58 95 23 2 80 31 81 17 53 62 12 37 67 42 84 47 70 78 68 38 34 58 16 77 53 38 26 79 50 65 27 12 97 10 44 55 25 13 95 32 54 35 89 95 81 21 20 78 98 95 18 24 71 36 62 53 49 56 3 59 73 49 44 100 32 43 49 30 92 87 60 4 40 40 98 27 24 48 47 25 84 61 4 34 34 97 84 9 26 73 93 93 97 26 42 52 17 82 61 28 96 22 82 31 0 76 80 32 95 63 
5 54 42 26 54 23 85 59 97 14 72 67 26 25 2 8 39 3 20 42 86 53 75 22 29 95 21 68 2 73 81 81 5 47 48 29 3 62 34 34 35 29 30 5 59 43 13 30 87 57 51 84 79 68 50 83 52 6 42 31 84 51 51 54 57 98 55 38 20 57 62 4 6 10 25 17 90 39 85 38 53 98 54 40 94 12 24 89 92 61 47 75 84 44 97 62 6 58 8 82 54 6 47 9 28 34 8 39 2 78 2 19 61 31 16 15 5 34 12 52 57 27 88 26 4 26 23 1 32 56 62 27 0 23 16 53 62 33 30 97 60 48 70 18 36 19 15 25 50 16 29 51 2 85 99 19 7 97 32 20 15 85 78 38 1 40 95 28 53 87 
49 9 39 65 29 81 33 28 96 67 33 5 57 27 100 41 79 23 69 71 94 94 44 4 2 41 6 65 66 34 28 70 58 4 43 79 6 35 33 69 87 2 81 53 2 75 0 99 48 65 18 23 12 15 29 98 77 27 24 12 36 38 42 61 26 50 53 94 53 79 41 24 35 59 9 79 73 6 76 87 100 7 87 43 23 20 18 53 29 28 92 17 79 23 52 71 61 21 11 59 8 67 94 68 27 86 56 40 38 10 23 48 49 64 54 91 64 29 10 96 100 25 43 70 71 84 29 61 36 79 4 17 66 52 62 55 67 36 63 6 14 42 76 96 33 87 92 91 29 95 64 64 23 18 8 57 1 86 69 37 33 18 36 88 22 53 77 59 56 54 
42 21 15 72 79 20 44 77 51 32 38 76 90 80 78 12 63 21 46 7 30 0 57 64 67 39 4 80 2 39 6 35 1 58 2 82 96 11 40 64 54 36 89 95 38 73 73 66 58 14 15 98 40 39 94 90 14 47 61 29 51 69 20 5 86 45 58 58 73 49 77 76 53 45 31 72 67 38 48 93 10 57 13 64 40 27 4 56 48 78 60 11 44 2 94 18 41 60 54 50 8 90 79 35 68 26 26 84 74 86 65 23 40 13 10 71 54 6 25 65 68 83 61 95 95 68 83 31 14 12 63 83 89 33 87 61 36 89 74 55 96 96 54 84 15 36 76 71 65 18 16 1 51 85 69 70 53 73 42 39 80 83 63 40 52 89 47 46 37 76 
32 49 2 12 100 45 33 92 78 74 83 37 80 34 61 83 43 24 79 32 87 51 70 93 71 62 45 84 28 37 15 65 99 26 33 61 36 85 2 15 71 65 100 2 17 13 85 24 5 47 76 2 85 24 75 26 65 65 47 96 34 68 72 16 93 77 94 79 40 23 84 48 59 17 38 55 57 45 58 95 81 91 57 42 30 68 50 47 65 99 39 86 61 22 52 95 88 22 74 72 64 11 64 6 69 85 56 63 42 29 77 5 37 93 21 89 32 24 88 59 38 63 59 82 57 81 45 79 42 95 48 59 2 2 17 50 29 68 9 57 12 62 56 28 32 70 100 73 98 9 50 55 15 14 98 90 4 78 53 18 66 94 69 37 42 51 52 64 74 73 
95 86 96 37 50 44 83 42 10 15 53 60 92 12 98 61 84 16 44 38 0 92 33 80 24 51 0 27 92 69 21 22 76 58 13 34 51 29 74 28 16 88 14 95 92 69 46 61 89 68 59 26 10 93 89 52 63 20 40 76 63 78 55 92 65 54 87 95 82 16 94 23 38 24 11 53 42 83 53 26 19 48 68 94 79 49 55 23 30 14 46 84 74 53 7 11 4 61 34 30 90 9 3 86 1 16 91 30 59 87 72 14 100 27 6 63 60 63 85 60 55 82 8 89 94 6 57 36 4 51 9 50 3 44 25 67 51 14 58 80 9 59 54 37 23 14 52 63 97 53 14 52 51 50 3 42 11 32 25 72 80 14 75 10 36 54 64 29 24 95 
28 51 38 88 68 4 58 73 36 97 18 38 37 92 59 15 7 34 16 92 54 86 66 65 64 93 72 85 35 59 8 48 89 39 54 91 59 60 6 3 69 61 12 66 11 90 66 4 58 4 92 90 64 4 37 48 34 6 29 13 72 77 83 49 96 14 45 89 91 52 2 65 68 48 77 1 57 23 58 41 30 74 40 59 34 23 34 94 42 2 86 68 79 91 31 72 65 44 65 33 86 11 61 27 80 99 28 91 68 72 14 67 70 71 4 28 10 35 60 33 79 4 100 14 62 92 58 92 47 48 68 48 0 55 97 19 22 15 42 57 5 54 99 75 58 22 35 18 27 42 97 44 34 17 90 78 24 13 42 70 84 42 5 39 61 62 18 64 78 64 
52 2 31 56 24 76 99 42 93 32 89 8 23 40 91 31 60 26 49 96 95 15 83 65 5 72 17 17 42 48 55 59 71 79 44 68 10 82 4 48 63 48 27 26 81 22 44 20 16 92 41 25 41 74 67 19 69 11 65 73 43 21 20 45 84 92 99 45 79 28 41 64 88 39 2 42 42 75 51 92 22 47 11 10 19 48 67 99 84 72 46 100 74 29 27 34 48 65 59 12 42 3 99 23 34 49 47 47 41 19 6 95 86 13 28 40 65 20 26 32 74 8 60 12 36 100 75 56 74 10 54 42 19 89 36 23 85 70 5 28 25 30 66 93 4 100 34 30 96 100 4 24 53 66 42 72 18 42 8 99 81 10 41 57 40 30 6 54 38 31 
58 36 68 61 79 86 4 82 52 7 78 4 90 55 17 72 53 61 53 61 18 13 45 34 91 31 79 22 50 79 76 88 100 93 10 40 67 19 15 45 17 88 32 9 79 81 9 2 54 35 19 94 38 52 21 65 30 61 83 60 15 28 5 18 8 97 17 66 92 84 45 8 94 23 62 68 37 97 27 46 62 80 28 5 7 99 86 64 94 75 77 72 63 51 8 54 96 2 95 13 18 26 7 31 11 53 73 83 24 87 40 35 46 84 29 30 91 39 33 17 52 26 99 89 25 90 17 45 65 7 31 36 19 13 7 18 47 71 12 12 1 83 5 54 57 3 13 82 6 53 5 66 46 42 46 39 91 95 1 83 12 27 76 7 46 63 87 2 72 76 
97 17 18 81 15 80 81 13 89 65 84 34 84 56 38 86 82 99 77 30 64 37 41 13 13 63 23 87 87 50 97 22 38 1 91 100 1 81 75 54 94 20 41 82 99 38 44 31 87 93 21 34 11 35 19 70 60 45 91 41 22 78 44 98 47 95 54 77 75 15 76 99 11 44 100 26 21 91 14 0 27 8 74 71 80 20 53 98 93 8 46 11 81 53 70 61 85 69 81 12 58 0 19 70 31 45 53 8 2 17 43 55 99 82 39 90 27 15 89 11 29 88 60 64 59 20 100 8 92 67 44 6 76 62 94 97 28 23 44 32 20 94 12 43 84 3 12 73 24 27 24 64 96 91 87 42 86 14 18 92 97 93 25 15 46 19 57 45 95 96 
24 56 2 52 93 87 91 7 95 89 69 3 17 30 56 85 1 16 28 17 17 56 67 99 74 50 81 37 80 79 59 96 49 13 3 36 64 58 95 39 7 71 2 16 5 46 53 92 22 68 48 89 52 88 87 42 84 63 30 58 95 96 23 56 12 59 36 21 70 37 99 38 56 100 67 100 98 48 41 40 64 53 53 15 2 25 2 84 93 54 70 25 50 85 64 28 20 66 49 21 76 4 60 37 46 87 85 90 74 90 72 0 4 67 97 64 42 59 46 99 49 8 84 54 80 66 64 39 69 59 15 62 65 72 46 80 37 84 34 98 9 84 54 65 59 14 71 55 70 97 94 48 36 9 81 72 59 85 26 99 71 1 80 52 6 97 41 42 15 95 
51 97 45 45 83 21 3 8 1 67 60 56 29 32 71 64 50 15 76 11 22 29 79 8 70 30 33 68 8 79 18 100 87 92 10 55 67 57 81 38 78 47 44 12 51 1 58 50 14 40 22 79 95 96 55 12 43 49 19 32 1 99 56 74 46 7 38 32 100 58 81 24 45 0 22 50 100 19 85 41 20 50 4 68 56 91 74 47 26 98 48 88 37 76 57 85 75 39 79 40 48 24 29 66 35 56 61 46 20 12 68 30 35 92 23 36 78 6 70 63 51 63 8 0 10 24 100 15 41 57 79 51 50 14 96 28 93 80 83 85 47 2 55 55 22 46 60 15 82 20 84 86 23 56 75 83 20 82 65 96 23 38 65 67 19 21 15 57 70 68 
41 37 20 35 44 4 72 94 73 18 18 40 22 74 99 4 70 46 51 19 10 97 69 28 49 1 95 8 96 60 9 12 5 84 34 43 54 84 36 99 100 17 71 15 16 41 41 78 69 61 54 35 57 37 15 90 35 71 19 47 66 69 65 88 38 13 94 69 79 84 20 24 87 85 38 86 33 80 9 25 47 67 98 99 26 35 85 55 65 23 34 95 76 13 19 36 33 21 62 21 61 64 30 96 65 61 80 36 36 0 21 9 16 9 6 50 100 0 5 14 45 98 98 26 10 59 61 24 54 86 99 11 40 10 85 69 94 13 89 2 74 38 68 96 28 17 69 88 97 23 32 20 23 52 85 0 100 81 63 39 11 63 10 50 73 71 57 99 100 54 
22 4 3 98 95 33 28 10 21 75 52 54 50 86 37 28 51 82 95 79 94 61 18 5 76 16 2 69 41 98 63 20 2 18 87 79 62 72 55 61 63 44 13 45 5 21 81 49 91 16 22 91 11 36 25 19 9 45 48 89 29 46 69 23 46 45 75 77 49 8 17 40 79 62 79 26 42 92 12 29 82 35 90 33 2 50 89 81 31 77 30 84 96 37 87 74 78 17 42 11 82 69 64 19 100 48 82 10 86 46 1 37 12 33 23 77 67 15 6 18 22 3 17 74 53 19 97 24 66 95 96 19 30 90 35 85 71 65 93 48 65 16 68 5 9 34 63 38 59 72 57 37 8 40 42 5 54 93 97 18 29 42 93 89 97 15 71 22 69 12 
3 35 58 78 91 8 39 73 46 99 6 74 18 10 18 62 83 85 54 60 68 35 27 68 25 21 36 88 29 43 84 71 59 37 74 59 11 17 0 27 74 27 27 84 60 46 82 95 46 24 85 20 77 79 68 6 72 55 91 46 14 21 43 54 68 55 84 58 18 50 100 19 94 88 48 84 87 24 6 9 89 99 96 100 59 60 67 0 44 82 84 46 27 97 20 93 93 72 34 32 31 3 4 45 80 35 0 60 93 92 54 2 55 65 16 51 51 79 84 46 44 14 63 11 24 85 79 68 51 64 91 37 31 64 59 1 25 16 45 0 80 60 49 0 15 63 75 35 88 3 29 22 66 14 83 39 7 85 36 52 29 14 28 67 48 84 6 84 74 94 
24 80 89 83 56 97 79 42 74 45 93 50 93 28 35 95 44 80 53 5 97 73 21 10 92 47 56 83 37 96 7 36 98 65 22 92 87 64 90 99 80 31 81 54 47 67 97 5 98 5 35 3 76 86 76 100 41 40 76 58 96 98 4 62 58 65 44 65 6 79 67 48 52 34 13 64 45 51 0 2 62 56 43 15 36 16 16 93 77 26 90 41 65 94 9 81 41 15 5 37 4 22 19 68 4 81 24 84 85 73 61 26 39 86 59 40 3 72 90 28 38 38 13 18 54 34 79 16 59 63 10 53 77 74 53 14 21 46 31 77 88 53 40 42 33 59 5 43 48 38 20 5 100 59 58 23 95 14 69 9 57 90 13 69 50 37 85 36 1 14 
13 85 39 22 85 46 70 44 41 59 69 61 53 0 52 78 78 16 97 17 67 83 22 22 97 4 84 69 83 79 9 78 79 56 95 78 97 43 66 88 39 97 41 90 80 62 4 59 88 100 4 60 12 85 98 40 33 14 11 81 19 58 70 22 76 42 67 12 8 34 62 1 12 100 31 99 5 96 39 79 38 53 23 64 8 2 40 62 61 63 40 5 51 6 68 50 82 99 85 95 25 100 83 1 89 65 90 83 15 86 3 98 98 12 48 60 36 46 17 26 48 33 49 44 77 79 15 20 18 35 72 61 48 24 65 97 10 0 44 61 47 9 96 9 93 21 31 10 5 4 15 58 0 46 26 16 82 76 81 86 66 67 10 6 35 12 50 62 90 18 
81 13 91 82 93 79 17 39 74 39 30 10 35 26 7 36 35 7 78 96 52 23 37 18 8 8 72 65 78 86 50 4 83 3 16 96 11 54 92 25 71 47 45 59 72 55 51 6 16 46 86 2 12 58 32 29 59 75 4 3 88 1 76 5 47 89 51 88 89 4 18 60 79 29 4 7 55 85 17 69 58 60 88 20 47 18 67 48 44 53 11 6 48 12 68 63 68 53 74 36 65 35 38 5 52 78 38 2 10 62 49 94 80 41 72 33 59 59 43 88 63 36 44 75 89 2 6 33 74 7 5 96 70 33 54 35 72 88 72 38 24 91 54 18 91 70 29 41 37 14 46 4 11 77 31 87 45 64 50 79 92 9 26 42 88 36 52 33 89 85 
68 39 91 67 91 74 34 100 47 83 81 49 27 99 40 12 1 24 92 53 73 36 48 94 87 99 29 58 22 52 0 55 92 61 100 34 80 6 99 95 63 81 30 51 8 76 60 15 93 95 99 90 47 9 61 15 19 4 68 27 26 47 34 32 6 25 38 82 75 48 55 64 97 79 0 83 10 83 96 69 27 16 40 10 35 99 96 12 31 45 34 22 53 34 6 12 55 29 62 42 57 50 32 17 35 99 61 27 57 38 27 93 13 68 31 71 17 93 0 81 44 4 100 35 17 53 68 91 95 68 59 0 34 53 29 95 74 82 63 13 36 79 40 59 78 40 91 80 31 13 37 7 39 69 28 38 82 20 62 50 34 80 23 83 4 30 39 71 47 27 
51 91 74 31 100 72 84 80 1 6 79 6 37 51 77 39 2 83 45 29 46 85 77 4 56 26 28 66 14 59 29 94 45 96 100 55 78 61 60 80 62 9 16 32 84 71 11 50 45 25 85 65 59 67 14 43 90 64 9 56 36 84 57 45 89 30 31 79 88 36 33 85 88 94 9 5 16 20 5 23 38 20 7 24 62 86 90 97 51 26 70 38 74 85 34 59 93 4 62 97 40 45 18 61 98 86 81 72 82 70 8 46 21 38 62 0 28 71 54 9 35 17 35 4 63 4 56 97 99 12 93 87 9 98 57 48 72 5 92 8 22 45 32 52 53 11 2 70 3 31 59 17 84 82 5 33 43 99 32 58 72 55 83 76 49 73 63 53 22 74 
69 44 78 83 90 96 56 18 21 99 67 91 50 60 81 71 28 46 64 17 29 4 91 93 8 45 27 71 60 0 26 67 56 34 27 70 24 11 45 87 76 18 27 18 65 42 60 13 22 23 24 87 72 40 79 81 91 73 13 59 94 1 20 1 92 38 87 87 93 55 81 57 0 79 7 8 16 38 62 78 77 86 22 36 78 18 61 19 94 63 56 24 98 5 99 43 41 9 99 22 69 54 38 46 37 42 59 12 33 22 67 83 88 12 40 25 24 63 12 17 41 70 81 45 6 82 8 8 71 52 98 96 23 39 26 40 58 89 41 15 48 69 37 32 93 67 70 7 61 68 2 82 45 68 1 33 67 64 33 15 88 63 70 100 20 76 78 86 90 85 
24 55 49 37 42 95 49 42 37 53 3 96 8 11 74 57 64 29 69 5 25 48 56 23 83 16 51 22 12 84 99 53 45 65 80 29 5 58 1 17 9 5 65 49 27 20 36 90 2 64 83 10 42 72 12 73 6 2 7 0 0 66 69 35 44 96 70 63 2 29 84 68 33 41 90 50 19 15 73 67 28 44 55 91 93 86 67 69 92 77 5 20 88 93 67 89 14 14 20 35 64 21 47 37 18 94 28 96 15 99 76 56 13 23 100 64 72 56 20 52 48 28 20 75 65 15 85 49 26 55 48 89 41 32 0 74 48 75 77 85 8 51 3 47 18 2 22 85 26 43 4 46 100 87 75 22 14 98 7 46 91 59 12 48 66 69 55 79 52 98 
73 71 31 68 60 40 39 36 84 88 97 87 28 18 68 92 60 90 41 39 20 18 3 82 54 58 19 45 72 44 71 49 25 95 59 71 60 90 32 41 58 98 92 41 2 18 84 15 12 28 82 35 40 3 63 20 47 28 11 62 96 84 10 24 46 76 3 21 50 18 37 41 75 17 92 95 62 89 38 49 81 71 77 90 28 34 17 36 12 82 74 13 98 97 99 12 17 92 59 91 30 22 18 4 36 8 34 87 90 100 71 9 67 16 15 0 23 49 78 66 98 65 70 64 23 43 65 62 69 58 8 3 56 92 95 73 0 11 6 39 81 1 61 86 12 18 6 16 46 66 25 22 16 70 42 34 33 5 72 76 87 47 83 66 25 35 74 16 29 61 
83 38 60 9 47 30 60 91 92 88 16 72 42 81 4 18 32 35 74 13 11 49 39 88 77 76 90 2 1 77 8 91 81 75 93 76 12 23 3 8 95 99 38 0 7 89 70 83 25 79 85 71 42 34 94 27 96 2 63 46 46 57 4 78 28 50 99 52 83 14 98 40 50 59 53 5 98 58 6 64 97 61 14 36 38 58 42 82 72 25 4 8 15 74 0 53 19 49 54 40 16 11 56 19 53 52 99 72 40 50 29 3 32 54 4 43 60 47 80 28 92 80 78 83 68 96 20 94 50 26 62 24 41 91 30 75 50 38 77 7 42 11 75 71 69 36 37 51 5 64 85 95 45 14 84 14 82 78 57 25 92 4 58 39 19 73 45 42 40 3 
60 55 26 94 62 97 65 10 27 61 4 60 68 4 25 95 32 87 37 35 10 23 9 16 99 94 13 61 99 38 84 37 36 16 78 81 53 18 63 11 87 2 7 77 23 60 33 89 35 19 89 25 10 0 96 79 56 0 5 85 23 37 47 45 13 92 93 35 17 18 66 97 75 89 25 54 78 91 45 97 45 69 76 60 45 27 50 87 97 49 60 9 78 21 37 65 97 97 61 76 7 89 19 75 17 24 92 5 57 3 5 8 19 68 51 2 18 77 34 47 85 81 70 95 67 0 34 5 4 59 43 40 37 9 25 2 37 91 78 5 82 74 18 44 53 86 64 19 12 69 99 92 40 87 99 94 79 69 48 68 88 66 67 90 61 78 95 1 37 17 
61 5 82 3 32 55 66 20 82 8 30 30 21 33 95 51 95 68 53 32 52 71 67 30 41 26 5 65 44 84 41 58 20 87 58 44 88 4 4 85 67 38 19 65 73 53 39 36 95 48 12 93 96 59 50 5 51 99 34 75 67 28 12 77 72 12 79 30 73 45 54 37 31 6 72 38 25 76 96 8 84 9 66 70 73 42 7 18 95 53 39 14 39 67 53 15 85 81 47 35 13 72 37 45 64 47 30 83 45 86 35 95 56 63 98 31 0 41 32 13 19 26 53 19 28 13 96 89 88 89 76 29 82 32 16 81 97 15 4 14 5 12 18 53 86 25 8 20 53 1 83 13 21 63 37 25 42 87 91 90 9 31 70 6 28 52 88 13 76 48 
56 89 59 60 31 73 40 100 61 8 18 71 85 29 3 55 47 40 60 83 1 76 85 48 84 50 79 100 33 35 87 16 47 80 96 38 43 99 91 16 42 31 47 98 91 43 51 95 3 33 51 92 65 24 77 50 18 67 48 100 52 1 80 40 96 98 25 46 97 51 1 2 22 91 58 90 69 47 98 7 49 74 39 10 89 0 41 14 100 38 23 51 74 75 18 51 72 64 28 29 3 5 95 86 13 86 56 55 99 27 65 97 67 0 24 14 19 23 38 24 7 61 96 35 37 7 2 23 58 100 52 6 42 83 52 74 41 32 66 36 45 67 48 89 61 99 20 59 22 43 54 71 56 20 39 5 38 37 1 92 79 24 56 5 100 80 7 32 91 19 
28 15 80 79 87 82 26 25 73 47 38 97 55 50 13 41 14 89 68 60 40 57 52 45 46 9 28 1 26 39 82 29 3 89 27 95 29 33 54 48 97 82 71 22 10 87 14 58 50 33 57 44 3 98 90 92 49 16 91 54 80 66 10 1 2 21 2 35 6 48 60 85 75 80 51 64 8 41 73 14 25 28 36 28 47 39 34 59 64 25 0 20 91 19 1 13 64 77 49 59 16 85 24 93 10 7 57 48 64 35 5 21 72 67 58 71 67 77 88 95 71 58 44 88 17 36 13 95 89 45 94 71 0 81 49 11 62 22 18 32 38 77 0 50 18 84 81 24 43 89 18 75 38 1 63 34 89 70 64 50 63 27 20 39 85 49 96 17 35 16 
10 46 70 36 10 99 7 28 82 39 66 52 22 63 0 69 6 47 13 69 76 77 84 4 17 13 86 80 93 20 5 17 78 61 63 95 69 20 25 26 36 44 86 10 5 98 29 10 100 14 55 52 5 86 38 3 22 2 84 54 91 38 61 93 88 82 14 99 96 12 81 25 96 75 34 76 70 60 64 19 74 99 3 2 73 0 83 58 3 34 48 46 61 90 80 26 48 23 16 18 5 55 1 78 52 89 23 7 12 49 34 3 80 45 14 74 37 13 77 64 4 86 94 6 72 35 28 78 78 100 48 36 21 23 55 60 19 58 27 73 3 59 94 7 78 6 39 8 58 7 15 10 43 6 81 97 59 4 66 54 31 38 73 3 95 23 21 57 26 31 
16 78 51 77 11 92 68 57 100 40 9 64 31 94 7 8 32 88 80 80 94 66 32 1 41 35 17 83 45 60 1 73 16 35 31 87 31 91 20 91 32 56 63 95 61 63 67 73 36 58 67 12 44 88 52 11 1 5 70 27 13 57 43 74 46 58 36 10 17 96 94 33 10 47 31 51 47 81 73 18 26 74 9 69 28 98 84 80 53 62 40 67 86 80 33 0 64 51 25 88 95 17 88 5 40 61 47 90 26 43 77 48 95 43 42 36 31 89 16 19 91 73 35 86 2 80 69 71 39 54 69 65 55 4 75 81 42 5 65 41 18 37 74 1 81 3 91 38 3 52 93 94 96 58 36 33 41 34 9 89 58 13 46 15 13 43 16 48 62 4 
81 34 20 66 89 95 45 71 36 81 31 96 62 84 45 81 41 56 75 41 30 18 45 66 65 79 32 63 98 94 15 17 24 67 67 34 93 68 69 48 84 2 38 1 86 21 65 25 30 55 22 88 62 67 84 100 87 21 90 62 96 72 0 69 81 90 78 88 77 82 33 0 59 61 11 61 32 77 87 55 56 82 76 39 26 4 90 1 67 77 23 28 59 78 5 11 34 85 44 65 15 11 92 99 86 68 79 79 3 7 61 0 1 28 1 52 32 13 31 99 76 49 76 38 85 18 92 61 60 70 63 52 60 74 21 100 44 39 72 16 90 19 57 3 19 29 49 57 34 27 45 45 33 67 27 85 26 0 41 76 95 83 68 35 41 69 51 89 98 81 
76 77 31 98 37 8 85 44 76 22 0 27 84 98 98 89 66 79 75 26 14 16 74 18 91 42 18 34 36 96 48 41 8 19 17 37 10 28 87 19 99 18 11 47 58 42 59 73 46 33 86 58 49 67 76 99 39 10 2 19 56 93 81 26 29 93 34 79 54 65 31 69 86 80 47 98 42 7 40 6 41 37 39 89 92 37 33 89 72 50 5 35 0 63 18 79 63 79 65 16 53 57 79 41 22 40 45 95 40 71 92 21 85 87 2 43 73 41 71 16 65 34 84 53 27 53 93 8 63 59 12 74 68 24 22 48 35 23 34 66 79 39 45 62 47 46 100 17 58 26 36 7 22 81 74 77 28 64 12 55 50 94 66 19 65 24 24 26 49 87 
90 7 45 10 73 0 77 26 5 10 62 70 64 100 82 34 21 45 39 20 17 71 67 69 47 92 50 23 59 28 81 53 73 95 2 64 67 9 1 5 71 51 46 28 5 98 61 76 83 44 60 81 79 86 100 58 49 46 97 92 49 65 100 32 79 90 40 44 46 44 1 73 14 67 32 72 13 55 71 54 9 74 20 59 68 89 59 18 42 44 81 66 80 29 56 53 46 6 43 56 67 49 78 85 54 53 0 13 90 37 72 7 84 80 38 89 20 61 56 46 53 76 49 64 35 67 81 38 77 19 40 98 65 26 88 54 53 63 11 99 54 35 5 20 35 75 43 77 55 83 85 88 69 72 29 34 33 14 19 38 84 60 52 44 91 54 60 1 87 55 
68 32 29 70 80 5 76 14 16 54 51 43 83 47 74 22 35 4 16 20 83 29 73 3 28 95 28 34 37 87 86 2 66 57 2 49 39 49 30 88 88 79 14 97 71 22 29 65 52 92 2 66 55 30 7 22 42 31 35 10 1 8 91 38 67 54 83 20 55 34 1 94 61 64 90 97 59 79 78 22 20 7 4 76 89 26 75 64 14 20 58 24 71 6 76 76 97 40 25 36 72 33 48 44 0 36 21 90 26 25 17 4 94 20 86 53 78 77 42 64 64 89 33 14 96 97 88 32 35 31 17 89 85 39 44 58 39 62 52 47 7 61 25 77 66 23 58 72 59 89 27 0 50 9 29 64 47 99 1 55 75 36 64 33 52 91 8 40 24 93 
59 86 84 20 32 75 2 7 79 72 2 94 19 13 62 5 63 86 11 0 26 94 52 52 18 25 9 40 24 91 95 18 83 2 64 85 82 24 5 48 33 24 27 51 23 20 13 80 87 48 43 2 23 46 73 76 38 19 50 29 70 6 15 13 56 93 21 97 15 95 85 73 7 48 29 5 48 81 87 2 90 30 54 89 31 62 11 60 16 11 46 99 86 9 84 83 35 99 87 52 80 9 5 27 3 82 50 24 70 8 89 48 7 41 35 51 39 31 19 80 76 29 83 21 75 97 67 65 13 18 95 27 64 31 41 57 20 21 91 70 38 12 74 1 40 29 32 36 25 55 38 42 94 36 32 57 3 48 0 56 5 53 28 71 61 70 47 68 57 62 
14 33 35 53 64 34 91 99 59 20 30 23 23 9 47 44 37 21 18 20 9 40 39 6 82 39 47 86 19 74 81 77 65 7 12 91 58 80 3 88 9 63 67 61 7 63 51 34 53 1 41 75 25 89 50 99 97 34 20 78 15 94 17 99 74 37 3 22 25 65 29 59 89 31 4 65 14 72 8 54 93 94 20 67 7 22 78 29 33 57 87 95 100 96 23 96 62 14 16 52 57 65 72 53 60 25 97 21 28 70 20 92 36 83 74 75 86 38 100 42 68 18 3 23 6 0 72 70 74 38 28 40 81 4 97 43 48 81 95 4 39 91 22 29 37 57 31 75 8 58 56 30 91 88 91 95 97 81 74 72 4 24 48 89 86 5 67 35 7 67 
1 54 13 7 0 31 36 62 32 88 80 97 62 77 47 74 26 87 70 21 95 66 49 43 8 94 85 30 80 22 11 20 12 85 1 95 75 1 24 32 16 76 38 95 85 96 6 91 18 69 27 68 39 79 61 41 59 44 21 36 88 95 76 21 65 65 43 31 29 11 9 45 67 65 29 30 45 26 36 33 10 84 8 84 72 8 68 26 79 87 39 6 71 93 92 5 89 14 67 39 82 53 27 71 37 54 85 71 36 89 27 60 89 67 35 67 56 65 9 24 88 1 59 6 5 57 2 22 78 90 83 81 28 5 18 57 82 42 99 99 3 89 5 88 81 9 7 7 77 88 19 87 49 47 63 93 54 58 70 25 81 43 66 81 20 90 59 91 15 65 
55 7 82 82 26 87 97 73 100 61 42 37 43 69 48 37 46 97 80 10 64 61 41 1 78 71 3 81 15 27 76 74 47 52 99 8 38 12 65 2 52 46 19 92 60 62 86 47 76 27 69 29 52 72 70 55 62 22 26 23 17 11 5 88 23 45 98 62 93 34 19 4 50 47 13 13 65 67 35 10 46 18 59 83 96 8 61 52 53 16 57 46 37 84 1 10 21 55 66 61 31 55 34 23 87 33 61 90 94 20 36 73 11 38 31 72 48 59 3 65 35 95 57 23 60 62 88 6 49 33 67 76 16 92 100 5 92 33 73 50 62 25 77 79 72 90 26 80 100 19 77 74 90 25 64 86 15 91 73 26 15 60 50 91 39 65 15 37 6 74 
16 91 90 87 62 15 48 72 97 34 16 43 63 54 40 78 7 21 54 4 61 74 82 75 66 44 68 13 21 26 78 69 74 28 57 43 29 86 14 19 5 11 33 47 15 1 28 65 89 92 98 31 93 38 73 25 6 25 47 88 32 71 1 8 9 41 77 92 28 68 13 51 76 68 87 10 76 21 32 98 4 96 17 84 59 45 27 93 27 51 17 23 18 54 2 6 33 37 53 43 20 42 87 64 15 91 48 99 51 56 39 48 100 95 67 90 96 89 17 1 16 41 0 27 33 42 34 100 48 8 90 96 95 0 13 59 86 25 59 7 80 50 55 12 46 55 44 17 29 81 63 0 45 97 70 66 49 60 24 41 61 38 35 53 78 49 77 52 39 55 
88 89 35 39 78 75 30 63 20 46 89 71 7 68 69 68 28 49 12 38 75 90 58 94 40 18 17 64 78 8 42 72 46 62 57 5 28 8 78 60 25 2 18 42 19 51 69 7 31 87 94 99 96 37 54 73 88 25 32 77 21 37 48 73 54 41 20 20 63 20 55 28 35 19 100 21 91 75 74 68 64 78 28 24 97 71 27 88 2 25 13 48 46 39 92 100 67 47 67 97 52 28 73 10 39 36 37 6 51 36 70 91 2 82 1 7 25 2 87 87 32 57 36 14 58 18 14 5 42 94 16 72 6 97 0 84 87 34 54 62 25 83 37 79 33 77 14 29 81 26 35 99 56 76 69 31 24 88 46 24 26 87 34 92 33 92 74 25 0 92 
89 49 3 94 22 75 72 12 38 3 59 62 86 80 65 20 56 8 92 22 92 71 87 50 24 59 27 34 7 33 70 48 12 25 18 77 60 24 11 98 69 19 83 8 71 39 42 98 8 54 37 5 66 4 76 55 85 38 33 11 24 58 49 30 16 16 44 74 77 4 15 14 22 86 6 2 8 22 71 78 97 89 6 68 5 81 33 25 61 55 67 9 18 11 51 80 7 85 89 90 8 29 46 68 86 81 70 74 24 76 69 32 43 23 38 8 45 34 68 4 78 78 99 40 65 89 82 59 86 59 84 35 13 23 62 71 27 91 22 21 49 64 52 31 81 95 57 67 51 9 82 23 39 91 61 14 34 68 64 68 13 22 58 42 35 99 53 31 52 60 
98 36 43 71 60 92 59 89 22 21 36 64 97 38 93 45 86 77 20 87 90 58 2 39 63 44 58 37 56 3 44 64 89 42 6 73 35 86 46 23 8 96 74 33 15 58 9 73 97 73 6 9 20 72 76 84 37 98 80 25 12 81 41 50 6 85 4 9 67 16 22 55 42 28 87 30 86 85 84 27 78 37 7 5 95 18 0 31 32 2 14 35 66 77 44 88 8 77 42 92 57 83 92 35 35 72 7 89 43 84 5 97 27 64 59 30 5 69 25 28 60 23 95 98 81 57 14 72 82 15 96 2 74 85 1 95 5 92 54 7 25 69 83 99 83 7 60 4 12 81 63 86 85 55 50 3 69 53 19 93 8 25 16 3 55 2 82 6 11 60 
11 19 27 36 7 5 50 78 57 85 16 39 18 25 40 55 11 71 50 30 34 1 76 13 80 100 56 30 61 19 25 39 67 66 14 91 15 37 54 94 78 24 35 88 67 4 26 60 98 60 2 49 3 24 61 97 100 20 70 6 43 18 79 100 38 24 32 87 50 30 41 22 92 67 1 57 9 4 13 46 19 28 49 44 53 19 35 41 59 0 5 83 8 96 32 63 96 3 67 8 40 71 74 16 8 10 59 82 73 54 2 80 93 14 15 79 23 8 92 60 14 18 65 1 39 100 45 49 92 96 84 14 35 11 89 0 75 19 80 34 60 6 90 58 69 7 98 88 16 10 80 88 22 56 19 95 80 55 72 83 88 60 55 39 12 79 54 89 94 9 
71 69 87 72 22 52 85 7 77 0 98 26 46 3 99 16 54 32 6 28 49 100 93 17 98 42 26 44 33 71 50 6 77 22 14 75 83 57 99 74 42 52 38 58 13 59 90 100 2 75 90 52 86 99 39 53 97 82 27 88 34 63 74 78 16 90 21 68 88 88 65 97 80 74 18 45 86 53 43 13 38 42 31 21 4 23 41 26 68 37 98 35 3 49 41 22 83 2 76 54 70 4 86 14 97 26 29 81 43 42 1 92 78 87 51 11 59 46 15 50 44 94 1 71 50 13 77 41 64 65 85 67 79 54 31 70 44 80 30 70 11 6 92 27 71 70 85 13 32 96 51 85 38 24 68 31 17 42 20 65 59 68 40 19 73 60 98 30 33 71 
43 33 45 26 67 16 34 32 15 12 26 4 77 46 100 49 39 83 80 3 30 17 12 4 81 15 93 46 3 85 32 32 78 54 85 16 94 55 92 46 62 40 24 97 67 5 63 81 37 100 29 59 12 80 32 21 66 84 40 15 88 11 68 50 72 36 69 35 20 0 48 18 99 37 38 69 17 49 9 69 78 66 84 73 4 4 53 45 40 50 73 52 32 28 27 72 62 27 95 26 51 38 45 67 9 68 70 86 60 55 29 38 96 8 13 58 78 44 53 36 48 24 94 98 30 0 69 1 0 24 80 54 60 24 23 37 3 84 52 43 42 71 94 35 56 84 96 89 48 1 15 37 80 51 46 67 21 46 73 46 0 62 95 59 35 13 41 89 41 16 
100 61 61 21 9 20 68 83 39 59 39 67 35 44 43 88 24 79 22 52 77 46 14 68 17 12 73 60 35 54 40 73 79 8 58 3 36 83 43 14 26 94 56 23 80 58 40 29 54 33 90 32 25 67 26 77 2 47 10 60 72 6 83 81 2 32 78 69 25 42 18 36 51 95 13 26 7 21 22 58 37 78 56 87 92 82 12 38 55 73 53 78 9 27 74 70 22 76 67 45 7 67 77 10 76 74 41 44 86 31 45 25 41 13 13 66 31 59 72 39 50 85 4 25 34 63 7 74 80 51 93 0 38 20 77 51 29 36 84 96 0 25 95 5 40 46 80 19 17 99 94 68 97 79 62 60 41 4 15 91 29 20 13 39 27 21 28 82 69 50 
92 88 39 52 33 81 51 35 62 72 41 55 77 65 22 57 56 92 88 47 50 87 81 32 35 98 11 65 18 53 77 79 51 36 16 65 83 42 86 78 21 34 82 55 17 84 61 75 53 48 74 94 48 100 29 99 70 44 38 82 40 30 72 73 95 2 6 16 39 55 67 73 49 29 23 20 42 0 87 18 79 8 84 95 98 3 62 54 65 100 74 48 13 44 51 73 83 13 85 74 40 18 17 65 33 91 84 47 84 68 59 4 50 57 53 48 87 9 70 22 13 80 7 11 100 94 50 0 70 54 89 30 69 22 27 10 31 9 41 1 23 37 61 44 56 66 62 44 36 17 60 69 5 32 78 11 41 44 95 43 60 24 66 80 5 14 20 34 61 39 
99 63 60 34 6 5 11 37 45 40 46 27 75 62 93 50 58 58 92 100 65 64 46 47 60 71 16 89 19 9 70 11 12 97 63 95 92 60 20 85 14 65 28 95 84 0 62 91 96 75 96 2 91 14 79 70 78 58 32 48 97 60 16 38 50 5 7 54 98 29 23 10 34 71 25 67 67 1 21 29 58 95 42 77 75 47 64 64 10 91 82 1 73 70 93 12 68 30 37 83 67 87 69 3 45 68 55 100 8 7 80 63 46 60 45 16 56 54 19 98 8 17 88 1 53 61 64 35 54 61 4 44 0 92 59 84 78 40 37 44 57 82 71 73 92 93 29 87 49 71 98 74 20 19 32 76 39 50 30 41 14 43 50 2 72 50 4 87 92 10 
38 55 95 20 69 91 8 92 45 68 96 5 98 33 22 44 24 48 63 77 39 12 47 65 6 70 68 81 3 14 94 97 79 41 32 79 15 61 61 37 39 2 4 72 87 43 75 65 73 56 41 26 88 85 96 80 36 77 86 93 40 78 84 97 23 44 10 60 75 13 28 12 56 34 6 100 17 33 2 86 72 77 50 40 98 77 54 99 80 71 89 1 98 47 25 51 82 29 91 61 53 48 95 50 72 6 31 53 79 71 21 69 36 94 8 39 31 70 80 39 19 64 35 9 18 51 71 79 11 21 13 58 83 95 3 72 81 14 95 60 92 77 42 84 80 6 62 35 74 64 55 53 15 100 28 9 89 5 18 24 12 23 41 79 32 32 84 62 27 51 
14 81 67 12 0 75 99 26 30 50 85 35 39 76 11 89 32 45 73 7 28 43 48 85 83 98 43 47 45 22 44 79 4 3 88 60 81 93 14 94 44 23 58 72 14 40 10 6 53 79 56 73 13 14 11 22 93 95 65 3 35 65 65 67 40 76 0 66 89 63 32 80 60 85 8 31 45 10 10 88 34 34 94 21 8 2 29 11 61 24 3 92 63 71 3 81 40 55 81 0 84 29 94 92 18 76 55 1 38 37 53 97 24 3 80 54 82 92 82 58 77 81 65 19 79 26 53 15 31 69 0 53 86 47 15 46 63 66 36 0 46 35 72 37 27 51 94 24 100 53 72 56 79 72 17 18 15 74 91 2 62 75 50 28 0 95 67 27 89 10 
70 77 44 61 99 2 15 12 42 56 36 96 80 42 37 30 58 42 92 68 72 76 47 89 79 21 53 60 23 73 24 14 62 34 9 15 0 58 46 44 49 65 35 43 23 61 57 91 1 13 57 37 1 39 70 15 63 80 51 29 33 77 3 24 21 89 83 69 60 37 3 6 94 79 62 21 74 21 13 9 39 77 87 75 63 7 86 87 56 77 81 45 21 50 8 53 25 79 50 98 45 92 81 39 22 19 19 72 2 100 5 3 83 84 54 75 73 18 73 55 43 3 14 80 60 100 35 50 91 57 84 17 35 57 4 6 50 52 46 36 97 49 0 58 75 66 65 6 11 4 0 73 34 60 66 99 95 97 29 68 29 17 43 37 47 6 26 50 79 13 
5 27 19 76 3 74 25 55 91 66 57 19 53 8 86 40 76 66 58 20 55 66 28 30 42 61 75 38 94 0 85 93 1 47 36 70 3 14 22 44 96 48 40 97 81 90 43 4 28 39 55 5 66 8 22 96 42 67 73 25 83 99 95 67 18 84 55 20 40 75 94 96 77 83 29 77 90 30 39 50 50 35 19 3 94 47 71 47 83 50 19 54 53 32 29 93 59 86 51 39 86 95 13 94 100 5 86 35 82 6 86 95 58 12 31 12 5 27 64 65 27 52 79 47 63 57 47 80 24 93 15 89 25 88 45 46 16 96 72 86 1 16 48 100 40 92 70 48 30 43 28 89 88 75 58 17 46 86 99 91 50 97 3 3 27 76 15 70 86 42 
55 6 23 63 59 8 86 83 67 50 11 79 22 39 94 86 63 86 35 17 2 38 1 46 26 78 0 62 15 8 18 1 34 44 16 88 9 48 26 9 49 82 61 23 5 42 85 25 58 25 95 22 24 48 30 72 75 80 92 35 51 45 69 27 73 96 63 100 46 45 37 58 58 72 96 61 5 97 62 65 42 55 95 61 50 61 57 4 69 46 21 13 71 70 6 34 100 63 62 72 26 99 69 60 25 87 81 48 16 9 61 9 64 25 76 66 50 45 25 62 58 36 98 85 34 3 36 83 61 62 27 44 5 29 17 78 16 51 21 28 8 17 47 93 65 98 86 27 67 32 32 79 79 26 31 6 32 2 18 12 72 43 40 91 92 66 58 37 91 45 
18 39 91 65 45 99 46 86 46 100 30 46 64 83 83 80 27 34 41 52 30 75 1 6 63 26 69 70 23 71 19 33 23 81 67 22 65 26 29 76 75 46 5 50 11 79 45 43 82 40 100 44 72 76 16 79 79 16 48 11 20 50 95 37 62 56 13 70 76 34 52 41 92 97 5 84 89 61 7 93 25 47 11 59 64 99 17 5 93 96 77 90 62 6 42 56 11 68 27 33 6 19 72 3 86 90 26 34 17 58 7 1 3 58 11 84 99 77 92 57 44 33 26 18 96 89 97 24 50 57 18 3 89 43 28 73 5 15 60 56 41 93 51 13 12 64 54 3 45 84 53 28 73 63 89 95 90 43 17 96 19 61 27 74 74 87 23 88 17 2 
2 84 40 47 32 1 92 15 26 58 47 97 89 11 30 41 26 29 74 77 78 15 2 69 31 56 90 79 85 61 95 51 59 18 82 85 87 11 27 93 17 87 64 56 96 79 49 100 0 40 1 51 38 33 6 49 53 18 21 71 77 92 4 27 4 91 34 11 28 94 9 45 86 19 20 25 64 81 9 86 67 51 28 34 29 91 38 32 4 38 52 69 25 75 87 54 20 7 19 3 55 91 66 60 76 67 46 7 35 45 10 27 74 45 21 83 24 55 7 90 69 89 16 51 82 73 32 88 80 82 20 90 30 7 38 30 9 49 17 7 88 47 30 47 23 24 52 15 19 34 46 72 91 87 79 39 16 37 36 0 92 61 12 77 21 43 8 91 37 37 
36 100 28 9 74 56 93 57 46 55 63 83 19 45 48 74 16 47 64 8 73 56 37 82 0 31 90 95 35 44 32 25 70 84 93 79 9 81 50 55 46 6 61 66 84 70 57 21 67 90 29 38 87 70 89 87 7 83 51 72 79 24 4 48 79 21 86 92 34 58 80 99 31 88 93 16 23 1 29 31 61 59 61 0 21 78 66 59 85 8 36 24 39 10 83 76 28 22 100 60 98 90 68 32 49 89 86 64 80 73 69 23 94 85 65 33 80 45 16 3 51 0 16 86 43 52 56 53 38 14 89 26 68 57 47 60 56 29 40 96 85 93 87 85 76 76 44 73 96 82 66 82 94 86 84 71 68 60 81 46 60 2 95 77 94 77 97 67 14 37 
8 47 34 57 55 77 11 70 74 41 13 81 6 87 87 72 90 82 36 26 44 91 40 41 18 25 27 60 21 80 67 90 2 29 77 82 75 54 58 49 85 64 53 63 67 90 96 6 11 5 28 20 16 37 41 12 35 87 28 92 50 47 14 26 91 74 52 35 75 18 63 32 40 19 38 91 58 16 38 40 47 99 60 32 64 36 68 7 1 55 55 78 100 77 28 49 50 56 74 33 48 63 17 76 27 53 49 34 20 39 91 3 14 40 32 65 63 0 23 68 33 71 86 42 42 78 77 72 58 27 28 49 60 74 17 40 86 17 56 84 56 53 21 40 6 0 100 64 78 64 98 10 26 48 60 90 39 48 97 66 21 97 71 82 71 6 67 8 32 98 
51 61 80 6 48 34 54 55 63 93 74 82 67 26 72 10 93 89 3 52 76 90 3 46 45 8 39 44 31 56 32 38 12 30 100 35 12 75 64 46 95 99 41 23 54 72 79 81 61 26 82 39 30 40 69 58 9 12 25 53 89 40 75 43 77 41 2 73 33 48 13 71 94 70 62 16 73 24 79 56 35 37 5 65 79 94 53 44 24 14 78 41 44 13 58 92 15 95 35 38 75 23 93 89 85 25 13 99 49 79 38 78 57 7 24 99 2 23 45 40 54 63 43 0 64 38 13 53 40 92 49 28 29 72 66 96 68 59 12 21 94 5 54 8 6 2 91 20 29 98 34 97 58 64 39 41 47 1 18 43 89 3 18 87 77 12 3 12 24 22 
38 64 51 16 76 63 30 48 43 28 95 27 31 82 100 65 66 4 79 58 98 24 88 69 2 5 0 31 51 22 100 36 24 23 34 79 15 90 56 60 32 41 75 74 94 69 40 62 41 47 90 18 97 40 98 90 20 96 93 47 5 76 68 24 89 53 57 51 70 85 44 42 36 36 35 11 8 12 56 57 19 45 3 74 43 76 84 87 0 17 56 60 11 20 46 55 98 7 63 88 20 42 0 3 32 87 63 64 16 3 28 89 24 79 78 2 3 72 72 38 66 66 64 70 86 57 73 70 66 40 92 53 75 26 81 82 79 40 51 69 54 20 24 100 74 23 35 0 57 88 27 23 6 28 42 40 70 17 83 34 67 0 32 35 18 95 43 94 44 42 
66 44 58 55 42 18 79 84 25 17 90 85 27 63 0 52 26 94 80 38 7 0 41 30 77 10 77 76 35 17 72 23 48 26 67 5 13 6 52 81 24 38 66 10 21 42 7 40 51 93 39 49 53 56 77 45 16 53 45 100 89 17 69 27 60 31 65 11 34 71 7 44 11 89 60 68 55 32 46 23 7 40 24 4 96 70 84 1 48 86 85 79 0 27 43 69 69 4 25 28 19 55 84 10 5 6 28 6 4 69 45 45 16 12 55 24 40 54 89 20 12 2 69 5 53 44 41 11 69 85 80 52 8 43 17 2 67 98 71 65 6 0 63 24 41 50 94 56 89 33 79 71 50 85 5 66 19 43 87 0 52 14 30 0 17 49 42 77 31 75 
2 43 22 81 85 38 31 91 18 75 86 27 14 3 52 24 53 36 32 89 38 70 93 25 7 84 75 82 44 44 28 91 22 34 0 18 43 32 40 88 83 53 73 3 13 38 57 50 90 22 16 64 25 16 92 86 22 15 99 46 32 46 86 88 6 10 55 77 18 91 17 99 60 10 20 18 2 41 75 1 61 31 33 94 86 55 99 22 30 95 82 40 56 53 39 59 31 5 24 96 17 73 80 89 98 55 14 6 88 0 45 28 29 1 86 98 40 33 50 83 51 1 72 0 44 39 28 72 16 22 52 45 57 22 100 9 52 28 51 54 32 96 95 67 32 45 84 12 4 68 19 4 28 2 42 56 78 19 51 14 54 36 58 93 62 76 69 42 51 4 
90 20 19 50 79 31 33 45 98 44 37 46 43 40 92 2 54 9 82 69 62 66 69 62 96 1 94 61 86 32 29 57 91 91 100 53 29 74 38 90 17 1 88 38 38 22 17 23 49 4 73 20 40 0 6 36 70 91 84 29 95 94 29 63 34 95 98 43 97 48 37 13 15 51 60 47 76 4 42 6 46 48 24 52 13 63 61 38 61 80 40 11 9 3 69 2 62 8 89 78 69 31 22 96 6 83 83 62 14 3 28 97 19 98 29 76 81 46 58 70 11 72 90 75 82 2 21 11 98 40 67 32 7 68 27 10 26 29 80 100 81 22 54 74 77 52 55 25 71 52 59 63 4 61 49 57 1 7 88 14 55 100 75 77 72 96 98 66 3 89 
38 0 93 72 95 2 96 35 30 8 95 68 69 40 63 98 64 73 19 63 86 40 100 49 24 89 8 79 71 85 13 31 29 60 1 97 93 9 52 45 99 12 53 63 81 95 92 47 6 39 75 96 77 59 73 74 47 52 93 73 46 82 18 65 20 60 54 67 44 39 94 7 21 50 52 62 3 75 3 9 20 7 36 60 0 9 75 97 21 89 96 67 57 17 45 25 13 52 51 61 87 33 3 80 81 100 60 86 71 70 82 59 32 69 98 63 68 1 15 44 15 27 80 8 30 6 38 48 90 44 92 42 74 12 0 67 31 100 43 73 95 55 16 47 16 97 46 65 17 38 64 87 19 33 69 21 17 57 1 99 18 30 28 69 44 86 62 66 45 59 
38 77 66 27 1 32 80 32 44 10 31 4 92 5 27 97 100 80 47 52 77 38 81 58 90 60 35 97 81 78 20 90 92 72 50 46 54 38 83 57 57 4 2 57 89 88 87 25 46 4 55 52 73 100 94 89 93 17 9 53 99 51 84 96 85 19 49 48 55 100 86 36 24 23 29 19 36 23 31 10 1 35 1 38 41 26 0 21 96 73 88 75 40 28 80 21 96 0 65 83 30 53 74 92 88 7 39 55 18 21 84 22 77 10 44 42 40 76 83 17 72 55 50 56 69 56 4 100 51 81 13 97 85 65 18 8 5 86 31 79 46 7 6 84 4 79 56 39 58 66 78 14 83 65 42 46 42 72 20 96 27 27 96 27 25 93 16 22 14 24 
77 28 26 73 92 35 62 30 30 52 36 78 23 59 79 67 75 46 10 1 66 25 2 68 32 60 100 90 1 54 22 26 59 59 66 60 3 53 2 3 28 71 29 66 29 40 54 33 81 46 4 29 74 1 51 81 54 48 55 58 48 79 36 32 17 23 87 48 15 0 92 43 61 72 74 44 27 30 85 64 71 53 38 47 59 74 60 88 76 82 14 62 23 0 91 45 52 10 64 67 67 76 25 43 58 5 16 30 82 17 22 74 56 99 78 57 16 6 88 49 63 54 97 75 30 42 77 1 66 94 20 77 72 43 49 68 32 85 74 97 73 57 7 70 71 49 44 56 68 55 55 85 67 0 5 56 12 65 98 3 53 15 63 9 2 2 46 46 18 61 
18 94 6 54 16 94 10 52 64 75 5 73 68 8 36 68 30 84 78 11 95 5 41 35 86 1 47 21 72 12 48 73 25 82 68 28 49 0 39 52 74 69 12 83 4 8 48 20 11 10 4 75 27 52 97 4 0 81 69 32 3 81 6 83 57 40 47 59 68 50 31 27 58 39 51 34 86 13 39 68 11 94 33 25 96 58 32 37 28 82 69 30 37 74 96 23 59 61 62 68 16 61 37 37 83 30 83 96 48 48 29 43 42 55 80 72 91 24 28 46 17 95 6 25 10 48 81 7 14 49 77 27 3 57 100 98 17 89 21 65 77 4 52 1 2 60 22 22 30 98 82 10 43 90 6 6 76 45 31 12 33 44 99 58 36 1 28 93 48 94 
26 53 42 13 37 8 16 86 82 13 0 81 51 50 79 87 98 30 19 11 40 4 2 49 26 33 84 55 68 77 93 60 66 56 84 14 70 34 73 26 68 47 56 87 76 34 88 87 51 22 48 81 62 20 48 90 49 57 34 62 57 5 82 19 40 21 94 0 63 75 57 79 66 86 80 21 37 18 78 22 5 99 33 30 5 32 71 57 19 11 98 47 84 45 73 38 50 68 41 4 84 87 8 6 98 25 52 79 0 100 65 38 55 86 49 86 22 36 6 11 82 69 55 85 85 61 78 74 89 93 37 20 10 44 20 5 4 9 85 74 36 52 85 31 42 71 69 24 38 45 18 64 81 14 86 8 16 66 73 3 84 76 59 51 61 70 80 28 79 4 
73 16 25 40 50 61 8 90 56 55 17 4 56 54 65 38 12 78 14 11 68 64 72 62 98 15 92 55 26 71 2 96 40 61 39 45 14 98 79 36 45 58 13 64 66 68 100 50 57 17 29 86 26 12 86 29 69 45 55 97 66 25 79 56 23 63 31 23 93 25 5 36 7 18 76 94 35 35 54 10 6 97 47 51 92 14 69 65 79 25 11 47 73 100 93 95 10 64 5 78 78 21 63 1 67 86 80 22 50 70 86 63 64 17 64 76 42 37 17 19 42 77 61 4 41 84 42 40 88 80 87 17 98 51 91 87 95 44 96 67 3 7 70 4 7 35 79 42 0 76 95 37 24 36 52 48 42 20 47 18 74 36 41 81 90 52 94 31 85 6 
42 72 2 46 60 53 35 25 64 37 12 0 100 59 40 12 89 75 96 90 81 84 29 15 29 35 57 64 16 24 30 45 27 36 68 65 30 45 37 95 36 13 63 95 75 82 69 85 38 22 22 18 86 18 96 13 83 81 12 71 25 73 77 43 63 73 44 17 99 10 27 73 82 58 99 34 95 93 66 41 75 18 82 64 67 39 12 23 74 88 39 93 9 47 54 0 29 88 66 41 3 43 12 58 21 25 43 83 95 71 52 22 62 54 92 52 2 64 17 89 11 98 37 61 43 78 80 40 79 10 87 53 78 83 42 58 9 21 33 57 76 97 73 54 16 25 82 31 58 97 78 24 20 26 94 32 13 86 20 93 93 42 89 92 80 43 74 82 61 82 
95 83 81 77 29 53 86 51 4 55 48 97 41 38 69 24 74 53 37 34 66 11 58 22 7 16 72 36 99 77 44 85 15 95 44 65 66 4 4 77 42 68 93 32 1 26 52 99 22 47 21 29 7 99 85 19 19 21 73 45 99 5 91 84 61 4 82 1 3 56 1 35 97 100 63 22 2 98 97 4 24 71 10 97 42 26 26 31 47 45 96 9 89 81 1 3 36 19 31 84 33 12 75 9 97 9 92 97 78 74 13 5 9 1 39 67 58 95 56 76 36 86 15 87 79 4 86 2 84 88 40 93 15 27 9 83 36 9 89 52 4 46 73 44 81 49 42 67 31 8 9 52 100 56 11 75 61 79 13 83 74 64 23 55 6 16 69 97 77 14 
10 21 30 79 98 72 77 90 93 11 47 43 63 46 65 84 99 73 88 38 44 19 16 30 90 4 67 41 72 47 9 68 16 40 13 4 90 23 69 56 2 53 88 4 53 95 6 86 97 4 78 27 5 69 26 47 10 90 41 71 35 49 75 1 33 42 92 42 70 23 7 78 81 72 71 19 31 68 3 81 91 59 62 64 28 79 41 75 14 48 87 9 64 76 67 11 30 73 79 2 5 23 89 75 72 22 75 50 55 13 73 33 6 85 15 75 27 82 76 27 48 70 48 86 58 45 40 23 26 17 40 78 66 48 31 21 88 69 79 67 46 63 96 61 55 79 6 57 77 68 75 28 67 94 46 60 68 65 12 30 39 90 86 22 4 57 89 83 3 60 
25 17 74 70 61 98 16 78 13 34 37 68 43 51 34 88 5 96 86 64 40 92 70 94 27 33 92 84 50 57 70 6 51 53 35 83 16 15 41 67 76 31 49 65 17 77 81 54 1 77 3 29 58 2 68 30 13 100 5 57 69 89 99 25 26 72 79 81 94 48 77 71 20 92 41 6 29 6 60 57 11 18 84 100 52 95 77 65 0 69 99 94 2 14 13 85 91 41 57 32 100 34 46 29 74 42 93 96 29 59 27 62 45 39 79 99 60 96 18 63 26 24 8 30 83 55 57 20 56 15 6 58 63 93 11 50 2 86 8 90 87 19 80 84 100 11 46 100 43 86 80 6 98 40 14 27 89 75 65 57 10 0 90 84 99 56 92 52 26 30 
53 8 81 13 89 94 50 52 76 39 45 70 12 87 25 60 47 29 88 69 55 59 85 11 55 86 22 63 86 49 64 99 8 28 98 69 29 31 59 92 14 25 26 84 66 94 55 83 31 27 51 63 29 99 24 29 10 2 32 0 24 0 83 88 70 68 23 92 48 39 53 88 8 75 25 89 10 79 48 63 49 88 63 19 80 79 12 46 79 42 94 54 97 68 21 23 95 68 65 18 13 29 51 29 70 46 82 25 83 98 91 99 15 51 33 15 23 34 57 35 51 6 52 32 9 68 11 76 56 100 62 94 10 29 9 38 47 83 81 64 36 90 15 88 85 42 81 6 42 66 34 17 99 39 12 52 79 78 84 98 38 61 5 76 88 32 92 30 71 38 
42 41 48 34 22 95 58 67 17 83 63 61 76 10 75 96 5 57 100 75 94 73 90 21 49 18 89 76 40 72 55 70 51 14 19 74 10 75 12 68 4 95 96 4 55 61 47 81 56 46 70 46 30 95 13 94 75 98 97 26 100 64 22 24 49 28 1 0 41 28 83 43 64 34 76 29 98 73 33 82 91 2 82 88 78 91 41 37 50 84 29 77 25 41 23 67 55 6 30 73 30 51 61 34 33 95 41 3 40 24 37 27 100 26 87 73 15 86 57 83 33 76 60 80 18 93 26 61 26 42 13 78 97 66 61 97 28 54 65 4 87 35 47 38 8 64 36 50 55 69 66 1 23 38 26 38 9 50 38 27 7 12 55 13 53 81 40 94 89 55 
16 90 33 18 31 94 47 99 80 48 49 57 49 56 14 58 61 68 84 45 2 16 53 99 52 66 78 26 89 80 18 23 89 94 66 34 0 94 40 38 92 24 100 40 4 45 33 17 15 6 88 23 92 10 48 97 3 30 78 27 27 81 25 51 71 75 81 57 52 90 82 78 83 2 82 25 75 85 19 47 75 74 62 74 45 12 97 94 95 55 21 49 50 42 83 53 98 97 52 32 34 21 48 15 40 24 83 85 92 57 77 68 82 59 8 1 57 54 5 60 88 7 77 24 4 25 23 3 2 81 98 2 16 44 89 3 20 70 98 3 6 27 68 19 37 49 4 45 84 28 14 22 47 48 87 73 33 87 40 75 84 16 67 54 11 64 14 87 74 81 
63 10 97 17 95 87 23 72 13 72 56 57 22 73 100 66 37 27 57 84 35 43 56 56 47 70 59 90 53 55 86 11 4 1 30 15 6 94 80 30 76 30 19 12 17 4 85 86 6 65 65 9 59 94 79 89 62 84 67 69 24 43 86 88 83 81 21 27 5 51 31 91 55 88 13 69 10 26 28 12 75 93 98 59 99 98 29 83 30 12 49 61 95 45 57 23 92 92 44 25 79 1 50 96 12 67 66 60 51 53 34 61 42 14 64 37 81 50 39 98 53 60 74 56 1 70 24 48 26 79 54 48 9 75 51 77 19 90 10 18 63 6 45 2 10 93 62 23 69 94 1 4 35 77 51 98 34 52 42 49 21 59 76 0 41 30 83 35 45 23 
28 29 4 88 43 7 37 63 56 5 29 89 36 58 23 59 2 3 1 52 98 73 31 80 93 7 86 14 86 34 87 31 0 36 98 31 81 68 10 7 5 80 59 46 99 69 100 0 10 24 91 0 69 90 80 6 49 58 68 25 86 7 97 75 83 5 89 37 32 25 28 76 16 60 61 1 70 34 1 10 85 1 3 20 54 62 27 95 25 90 79 2 68 55 41 51 81 26 77 8 34 29 23 9 28 11 58 60 22 99 52 38 60 64 59 32 82 57 32 87 26 84 29 15 35 27 14 62 49 1 41 28 66 7 44 61 31 64 70 74 32 36 30 19 15 84 48 83 42 88 11 20 39 3 44 57 83 4 3 37 78 16 44 50 74 22 72 29 47 60 
7 42 52 18 17 49 45 18 23 87 31 75 97 54 65 40 30 98 51 20 15 8 16 34 45 32 74 55 66 77 2 66 68 0 78 40 57 80 73 18 63 78 32 13 9 70 47 50 5 22 51 37 61 16 14 2 0 53 12 97 74 35 42 66 33 1 10 58 56 45 24 39 3 95 84 15 3 54 79 8 50 91 70 76 52 38 56 58 53 1 92 99 68 55 6 85 89 48 9 12 58 52 14 12 94 57 27 95 10 30 87 2 48 40 21 41 1 92 72 84 19 38 45 59 68 76 54 64 92 3 95 82 38 20 25 71 33 77 91 90 48 8 13 65 6 97 20 87 72 5 16 21 78 23 20 6 74 16 45 43 72 98 13 3 51 5 14 21 21 44 
70 82 88 83 70 29 66 12 76 66 67 26 9 3 36 90 22 5 50 85 43 82 29 18 24 45 63 50 11 79 33 64 62 37 35 1 28 41 6 48 17 50 35 99 23 62 2 30 5 90 42 19 60 39 5 1 47 58 22 5 21 57 20 37 90 42 38 74 86 81 13 27 87 39 74 70 48 50 57 3 59 24 3 90 24 71 49 35 53 62 23 93 76 92 17 37 20 94 1 36 70 9 30 12 41 5 36 26 52 49 41 66 74 61 49 50 88 27 44 96 19 83 22 5 79 46 65 66 85 22 77 51 39 45 4 77 74 86 17 60 39 65 65 9 52 36 58 45 26 8 15 32 95 74 85 67 27 60 10 100 40 65 37 75 29 37 40 44 71 70 
42 71 87 52 78 33 15 29 50 27 41 26 99 39 38 30 84 57 10 14 23 69 0 76 49 62 23 77 36 44 65 87 38 91 22 88 44 46 51 63 74 10 89 40 52 22 27 47 57 13 78 50 52 48 15 20 70 32 4 48 69 49 87 0 22 66 64 12 95 66 90 50 42 72 85 68 45 92 79 68 7 38 64 36 1 50 72 71 13 35 26 44 56 42 96 25 92 96 95 51 37 84 35 17 49 91 56 97 95 14 59 35 31 56 13 44 79 55 7 67 18 64 86 79 89 89 35 23 5 47 1 42 77 49 60 62 81 9 44 27 5 17 35 3 46 57 60 23 43 19 19 45 72 42 22 77 47 22 75 90 26 52 88 68 18 49 57 75 87 63 
0 21 49 59 83 91 65 48 58 54 11 38 98 57 45 86 46 75 41 28 43 40 36 18 75 28 90 55 53 5 78 98 15 100 23 62 18 50 66 68 50 79 67 14 52 100 40 81 30 93 19 64 99 50 43 56 41 4 99 64 80 44 86 66 55 78 25 65 95 35 45 64 36 82 81 89 53 81 52 52 83 82 66 65 32 88 85 57 14 12 12 38 4 60 69 68 7 48 52 56 36 17 52 61 20 20 26 69 90 16 16 47 17 21 90 41 56 95 48 78 53 20 16 18 28 2 50 70 93 88 58 62 52 34 86 72 94 62 39 2 25 44 73 53 19 96 6 7 87 82 19 76 89 56 31 98 2 57 56 15 84 20 74 70 84 42 0 58 45 42 
25 96 68 14 15 4 93 83 45 82 96 97 34 47 20 0 87 12 95 35 15 35 94 56 13 7 19 59 71 69 24 28 79 60 24 42 51 94 14 71 22 26 95 98 14 96 33 60 72 49 69 13 39 58 12 57 35 97 2 94 95 79 51 40 5 93 50 54 84 85 64 75 12 16 87 30 62 53 1 76 53 60 2 55 75 24 2 68 92 67 51 99 76 8 20 47 47 22 43 31 11 4 94 79 93 59 58 54 14 16 70 6 63 79 65 39 82 41 80 61 26 17 27 83 24 71 47 72 89 31 91 9 74 4 100 15 76 62 37 96 22 77 78 52 63 90 42 94 7 88 54 14 39 49 28 19 60 62 58 88 84 31 84 94 26 35 50 88 89 74 
6 76 13 100 39 50 72 76 4 12 32 89 8 7 21 81 2 53 38 47 88 95 86 59 6 39 0 44 17 70 51 21 92 74 16 45 38 44 66 28 14 16 27 9 73 15 46 8 94 88 56 93 95 76 12 36 3 38 79 4 95 99 17 54 31 14 1 95 55 42 12 54 45 34 40 12 52 23 59 96 61 97 70 83 96 72 48 58 52 56 56 57 75 66 23 98 9 48 95 27 4 27 28 18 27 87 16 88 38 11 43 3 16 68 83 5 30 97 60 100 55 19 21 59 95 83 95 18 29 11 5 35 4 48 65 75 92 87 93 2 34 73 13 92 30 25 20 15 54 57 26 68 52 98 12 57 76 56 23 68 29 87 38 46 21 33 94 13 93 100 
81 94 86 65 72 62 100 10 61 75 99 56 62 38 79 71 80 52 48 69 86 83 67 23 12 47 48 78 82 72 21 47 98 5 73 8 47 86 96 4 19 9 25 68 86 50 92 27 92 46 72 84 76 38 73 23 90 34 91 26 32 6 58 42 3 78 77 73 82 26 98 70 90 74 49 17 64 46 15 55 13 22 58 66 1 75 99 80 13 20 46 5 95 4 25 80 52 32 8 88 65 74 83 47 4 31 74 61 18 40 78 15 24 92 98 4 100 9 2 0 59 73 48 33 61 75 76 0 84 46 87 22 21 52 78 67 26 65 23 21 45 40 81 4 20 77 22 56 88 53 86 66 91 16 55 16 42 44 87 38 8 98 27 3 78 1 36 75 15 57 
66 84 90 49 13 16 43 48 51 75 48 96 85 56 59 65 58 28 66 70 74 8 99 21 69 12 0 78 81 40 24 22 43 82 52 70 33 25 77 55 16 12 92 84 27 82 28 71 67 81 18 12 98 42 42 63 11 96 16 64 83 22 91 60 44 95 15 62 96 39 24 83 31 5 63 59 78 63 0 62 51 74 46 75 57 69 18 43 84 91 34 55 7 72 15 34 44 41 13 13 8 93 32 7 75 84 88 1 52 99 38 25 17 1 52 36 67 37 38 2 36 40 82 77 49 54 29 33 59 30 52 26 80 89 84 29 35 98 80 63 59 96 65 89 65 83 50 0 43 93 20 0 1 100 8 87 82 80 57 46 17 31 9 93 17 83 12 40 63 82 
92 44 87 62 47 30 4 43 63 66 4 76 79 56 80 99 69 71 11 32 50 74 5 0 66 32 73 29 6 72 97 48 22 2 41 3 91 5 72 4 51 100 84 51 73 82 54 64 77 90 73 70 81 57 94 37 41 77 15 34 88 21 87 33 37 98 95 34 8 5 88 96 72 99 45 0 27 60 50 23 35 46 34 17 74 32 37 39 15 97 16 2 54 97 29 23 83 19 25 72 54 96 88 68 45 55 40 34 95 44 81 92 9 3 37 68 20 7 34 48 13 11 40 5 30 35 69 8 1 31 27 95 26 43 41 85 57 36 8 92 81 59 68 58 87 78 6 57 41 56 98 40 84 44 29 95 60 37 9 73 83 38 76 94 46 57 76 66 88 54 
18 65 48 83 46 17 42 74 59 14 67 81 81 59 3 17 80 30 59 48 89 70 19 55 86 8 77 13 81 14 4 79 32 88 84 21 36 45 26 15 89 92 76 57 38 11 65 67 40 73 84 38 63 16 53 29 89 44 83 70 83 65 84 93 98 80 7 44 25 18 12 61 37 26 1 57 23 42 89 1 15 23 86 37 3 85 4 18 1 43 87 84 64 86 26 75 74 18 0 62 62 3 34 20 98 61 40 63 72 3 13 25 86 97 88 11 53 41 5 65 88 15 12 68 11 79 33 63 21 49 12 90 25 27 48 95 8 81 4 100 100 3 38 84 21 48 54 31 19 84 56 31 39 45 77 27 73 74 92 45 49 48 57 32 55 52 17 78 89 98 
76 66 94 85 70 52 52 31 92 66 81 97 47 40 19 21 45 55 84 29 23 76 4 94 17 41 38 75 75 6 11 88 83 25 62 66 78 13 56 34 51 83 9 47 72 32 4 7 66 57 10 95 86 42 43 44 93 11 76 10 100 33 43 7 66 18 44 91 57 36 72 99 31 76 95 93 52 73 34 61 83 33 37 39 58 3 33 72 83 90 91 67 13 45 36 95 79 53 26 81 17 46 13 40 3 17 20 22 59 92 83 29 80 28 19 46 68 4 4 79 89 4 16 79 57 85 55 22 93 50 43 41 98 13 92 58 99 2 89 34 44 62 54 11 58 95 60 39 21 47 44 23 60 93 26 20 18 78 10 50 19 95 82 6 12 24 25 52 64 38 
73 10 78 92 22 99 23 31 94 100 85 62 23 12 64 32 7 70 78 87 44 61 52 70 0 99 20 7 56 84 21 86 73 16 53 99 46 18 54 10 60 28 18 7 44 83 72 80 31 92 89 87 21 79 53 32 1 62 64 37 71 61 58 31 4 67 41 87 60 18 44 13 66 45 10 93 64 53 11 67 11 40 57 40 4 18 95 90 10 24 73 41 97 64 78 96 6 66 98 26 50 61 44 34 69 1 19 43 97 63 1 40 16 11 18 2 14 13 32 29 73 17 42 64 87 22 24 78 62 93 32 38 47 67 77 53 37 18 71 76 6 11 9 94 89 92 100 40 72 89 15 26 90 31 47 69 82 67 88 21 51 39 17 84 38 14 76 78 40 73 
78 47 38 55 31 79 14 20 17 18 92 88 60 66 84 38 72 54 15 79 28 34 93 62 90 17 19 20 55 72 75 78 94 7 10 27 86 13 40 65 40 85 73 57 17 3 76 31 90 83 72 97 7 88 10 48 99 3 42 31 65 20 87 31 38 94 9 38 29 52 31 42 22 72 67 80 45 95 62 4 20 67 22 36 76 8 54 77 1 69 89 63 81 70 90 30 41 62 26 1 53 12 30 68 51 93 93 28 55 67 74 75 77 45 52 69 47 97 59 90 91 13 82 3 83 48 11 54 21 36 61 75 88 65 44 61 38 74 100 49 32 93 15 40 15 26 2 24 39 18 62 81 34 14 84 17 92 63 68 11 68 33 10 17 6 90 64 81 90 94 
