70
70
15 23 32 74 97 100 65 16 7 36 43 53 91 87 1 19 8 26 86 56 0 85 48 42 26 9 14 47 44 59 17 41 93 40 92 0 12 59 1 31 61 17 82 24 59 4 97 11 98 77 23 100 24 4 34 52 73 7 4 32 21 89 34 49 100 86 20 92 77 1 
25 16 60 100 72 66 27 19 24 22 69 8 48 21 41 27 23 88 58 55 36 58 54 23 63 22 14 72 12 58 33 83 42 19 13 56 65 83 62 57 98 41 35 89 47 3 76 20 10 15 3 39 36 32 99 10 19 65 47 97 35 89 62 11 47 40 65 14 76 63 
59 11 15 55 24 3 79 6 97 20 25 25 65 48 16 73 49 80 22 64 71 36 99 70 74 82 81 38 67 60 26 28 78 59 87 86 100 87 83 55 8 87 38 51 23 2 18 42 28 6 35 67 66 75 3 55 79 25 86 36 67 0 96 25 29 79 47 26 43 30 
52 61 38 96 86 10 38 43 29 52 30 21 45 97 79 21 78 41 96 40 24 64 10 100 13 32 63 30 1 48 78 0 29 74 18 29 62 4 2 51 88 49 98 1 68 23 59 59 72 97 7 41 5 49 55 43 80 75 78 30 14 12 21 34 84 35 56 76 90 49 
67 23 55 8 81 51 68 28 23 15 73 40 88 23 60 6 47 87 26 69 26 76 52 22 55 35 54 64 56 86 8 49 31 62 39 99 75 33 9 74 97 45 64 94 96 76 69 75 62 33 64 79 28 68 16 44 5 98 42 29 61 18 39 17 83 77 10 35 1 93 
37 66 81 82 6 3 46 85 56 31 89 67 78 75 31 43 13 74 26 57 69 23 76 54 2 70 57 28 42 85 75 57 44 40 60 65 78 78 44 20 46 86 40 97 68 13 1 35 48 25 38 58 44 34 50 6 82 28 33 35 50 64 32 74 12 67 43 45 57 94 
37 15 74 37 82 6 65 74 51 70 3 95 95 71 82 61 53 86 81 29 4 81 19 8 55 2 32 61 64 90 80 23 1 6 99 31 6 59 45 65 53 39 82 32 9 33 40 93 29 98 69 92 63 28 52 54 98 35 3 46 28 92 44 35 95 64 85 5 47 78 
70 90 6 59 10 52 36 59 45 99 87 27 41 82 10 2 87 81 6 1 98 33 15 89 98 66 99 3 4 57 59 78 2 23 27 52 2 56 81 96 38 41 0 12 24 65 6 27 25 50 80 59 5 57 63 78 31 58 25 42 4 34 21 98 75 21 89 87 96 19 
97 64 19 23 25 46 19 66 52 63 32 51 12 27 74 62 29 61 36 46 2 34 74 54 43 40 70 84 22 9 77 35 94 18 15 40 20 5 57 34 26 95 75 87 58 76 84 57 3 94 88 50 81 8 97 90 50 93 22 89 49 21 5 58 92 99 75 20 82 1 
81 65 52 4 54 7 4 27 98 89 19 37 29 92 19 0 96 32 5 72 72 14 42 48 77 97 65 68 10 95 35 5 88 87 55 33 21 87 98 79 58 14 71 58 36 70 41 87 44 14 42 46 78 39 29 20 34 60 25 68 1 13 83 94 45 47 84 84 91 92 
70 67 8 99 42 3 16 10 70 88 98 79 24 58 56 75 78 45 63 82 79 30 79 79 35 10 38 2 66 71 31 55 3 7 89 28 26 72 6 57 76 79 45 14 11 5 76 1 63 78 71 22 16 26 82 68 0 12 15 24 97 62 14 41 37 53 38 72 98 51 
66 60 61 79 92 30 70 14 75 83 13 47 1 49 4 40 30 87 42 29 95 16 14 29 16 66 66 35 44 94 97 99 87 0 73 75 25 55 21 93 30 86 86 46 13 19 73 43 26 14 54 80 7 5 30 47 71 65 91 65 16 5 26 52 83 89 24 79 37 54 
20 96 35 89 90 35 65 65 11 41 72 17 47 32 26 3 12 49 70 66 41 28 40 25 82 12 60 59 0 67 28 12 45 83 22 25 5 52 2 13 47 38 26 23 97 17 45 42 3 43 12 91 47 63 17 87 46 3 66 27 7 90 81 100 91 84 20 34 99 62 
20 44 36 22 100 38 33 48 42 36 5 72 63 92 48 80 81 66 44 9 29 58 0 42 9 40 76 23 37 93 62 64 23 48 49 64 99 14 56 8 22 0 48 79 36 34 87 79 88 44 19 8 23 23 52 65 93 6 75 66 79 32 80 6 40 39 22 69 5 64 
67 93 80 91 94 40 15 3 61 76 51 19 33 23 45 36 15 42 17 0 48 39 86 62 11 15 54 29 1 11 62 50 0 0 57 15 3 84 47 73 91 90 35 99 51 84 60 54 97 27 9 100 65 85 53 37 13 28 74 43 57 92 98 53 21 62 5 51 67 10 
80 7 49 6 23 28 33 47 53 77 8 80 49 41 84 43 18 62 27 4 13 12 79 97 43 19 85 36 45 33 54 67 79 26 4 12 18 26 48 82 95 60 58 19 63 62 95 92 32 53 6 92 15 2 84 52 58 1 41 13 26 16 17 66 80 68 69 21 25 60 
75 60 7 0 22 57 89 76 55 58 45 40 42 35 57 50 74 68 30 85 9 88 88 31 33 81 15 54 18 51 4 87 67 83 18 5 70 29 88 83 46 36 98 33 40 11 36 6 23 90 8 90 95 1 36 10 74 100 30 98 76 65 20 100 19 29 9 48 6 70 
18 8 34 36 60 43 26 70 68 75 32 7 17 65 8 0 45 68 5 81 57 82 58 46 29 32 53 32 30 78 71 60 3 72 97 72 98 64 99 56 84 57 55 35 31 14 37 90 57 34 54 53 98 64 42 75 80 70 68 9 28 82 35 70 49 57 0 41 49 99 
40 24 70 94 1 7 36 91 64 58 54 51 99 83 39 49 55 55 39 30 8 80 44 56 95 10 70 32 66 95 13 71 66 6 35 69 65 59 36 34 39 34 36 64 73 24 5 60 90 93 72 23 89 42 41 35 60 5 14 23 62 72 22 92 66 78 3 80 47 57 
93 14 18 70 23 82 19 7 86 80 59 81 94 5 1 56 42 14 55 45 1 12 56 47 15 63 86 69 76 79 18 63 98 6 41 38 95 12 2 65 29 11 89 24 59 55 9 62 50 82 19 93 30 41 44 1 61 36 5 63 2 24 41 57 59 30 12 56 69 88 
80 69 68 51 14 52 62 59 72 82 42 54 41 62 12 21 74 81 98 55 73 45 32 18 38 77 95 80 4 73 85 37 58 30 23 98 49 78 40 78 77 27 15 28 43 91 12 32 13 11 99 50 85 82 13 71 43 58 57 0 93 64 15 24 50 78 50 72 70 47 
25 80 96 30 9 21 64 24 63 40 26 67 81 71 89 89 35 33 95 68 100 84 33 74 25 61 9 66 56 14 100 37 90 19 72 57 2 27 41 20 82 67 54 31 17 13 9 9 9 13 62 49 61 4 57 32 8 75 49 98 43 99 14 15 7 75 5 48 34 84 
23 90 43 66 21 36 84 84 47 100 70 36 91 26 59 55 60 79 43 96 48 21 96 50 89 12 79 90 35 74 8 56 28 39 8 30 73 84 60 86 94 67 51 49 94 24 7 74 99 40 60 7 16 39 94 58 12 14 47 78 84 78 44 49 71 97 92 56 16 4 
60 70 76 55 67 44 27 38 85 16 83 41 24 60 91 8 100 71 0 64 49 41 61 30 78 88 20 54 38 13 50 63 90 85 36 72 68 88 71 98 83 21 71 16 99 39 23 87 21 50 41 51 94 28 40 60 86 61 53 78 54 15 79 65 43 15 15 28 85 81 
93 45 98 6 90 47 36 14 52 18 73 95 10 79 85 61 93 63 55 52 59 29 98 47 67 22 34 92 94 19 93 41 30 83 79 35 16 93 88 15 68 8 6 97 87 47 12 90 95 18 64 72 26 37 24 93 99 21 93 68 43 45 84 90 37 92 66 89 22 13 
55 46 16 48 7 9 78 78 60 21 34 54 73 17 66 6 92 89 86 79 48 4 66 14 91 69 20 84 100 81 13 19 16 34 29 43 67 3 67 86 89 41 35 8 39 80 69 15 89 37 62 10 74 13 4 25 50 82 92 39 23 46 45 52 72 30 33 15 43 27 
30 21 12 91 82 28 73 97 62 42 47 75 91 56 16 55 89 92 68 4 70 99 91 56 94 63 42 80 28 54 4 44 34 44 98 30 17 1 96 47 40 20 54 71 95 90 49 90 76 52 7 89 32 70 76 37 11 96 39 22 46 55 44 21 79 0 85 9 43 83 
80 0 42 34 20 78 4 96 3 64 23 95 53 74 75 45 46 99 85 34 55 50 39 10 3 52 79 24 44 1 32 93 31 38 16 94 75 23 92 98 49 66 72 78 31 53 81 44 9 33 6 33 62 57 82 43 23 33 75 14 38 42 48 27 94 2 57 43 2 84 
87 56 22 63 78 47 55 57 75 16 89 86 56 88 65 48 89 53 30 32 69 35 73 74 63 1 41 81 8 99 87 90 18 51 52 91 69 97 50 18 37 98 29 15 72 1 20 8 85 1 94 66 14 78 51 60 60 78 52 17 53 64 29 1 33 30 44 76 3 96 
75 2 11 97 28 55 95 81 16 73 92 15 1 50 73 86 66 19 24 15 95 59 48 94 12 8 46 13 7 44 77 45 2 86 17 93 72 35 91 42 10 42 17 1 63 100 36 59 12 14 67 71 29 63 89 8 91 11 94 10 9 69 28 60 98 30 84 62 66 1 
78 68 83 85 3 49 21 31 97 80 58 5 15 10 33 74 91 69 6 51 23 0 77 27 30 88 86 47 52 0 63 35 44 20 60 89 24 94 73 40 74 52 76 41 26 13 72 20 69 39 83 79 29 81 42 52 57 47 72 57 24 38 99 5 47 41 10 18 94 17 
91 37 79 82 79 53 19 27 4 35 80 69 93 45 69 7 67 26 96 1 71 35 44 78 34 21 95 80 16 11 85 64 8 68 82 56 52 33 64 60 14 54 67 11 58 64 76 1 72 33 95 37 15 92 64 52 37 24 45 48 53 64 38 12 44 22 62 74 90 69 
12 17 90 39 40 16 22 61 49 17 24 14 75 52 67 72 55 44 96 15 33 52 43 71 13 50 47 34 70 7 84 63 39 21 23 89 24 48 64 12 81 74 68 80 32 28 36 74 4 60 80 90 76 87 15 91 86 15 86 30 48 85 57 76 78 4 55 18 80 57 
20 35 97 79 12 24 22 46 82 58 6 28 42 47 3 13 44 94 68 36 52 57 31 49 35 82 27 68 85 10 0 65 54 79 22 78 73 28 92 5 20 8 6 6 54 29 34 8 46 3 45 64 92 49 28 56 33 59 18 31 25 44 73 63 19 25 46 35 4 2 
58 74 77 9 37 64 37 84 47 2 79 45 94 9 13 63 10 54 10 77 26 29 9 21 14 74 61 93 67 53 68 25 14 35 60 21 7 41 39 70 52 28 73 76 79 11 13 75 87 2 83 35 2 46 89 17 15 3 38 14 51 15 49 50 3 18 43 75 76 52 
5 28 49 30 12 2 20 91 77 75 39 51 50 52 83 51 25 2 29 28 54 42 54 10 4 18 64 76 31 94 88 14 70 68 10 24 37 24 31 2 5 48 65 38 81 74 75 99 79 3 49 34 23 97 50 52 0 5 45 39 22 1 66 59 65 25 8 100 82 74 
13 68 62 45 55 42 79 92 57 90 10 99 73 34 84 21 87 52 56 59 91 75 7 68 11 35 16 91 44 0 84 54 28 42 89 20 43 18 82 82 75 18 50 84 48 52 61 73 86 76 58 22 64 5 8 1 33 96 96 75 89 93 34 85 83 78 37 86 23 0 
50 73 72 42 76 71 12 60 86 70 89 85 8 34 59 18 14 63 7 4 46 31 13 56 3 76 82 48 31 47 56 65 1 58 23 11 59 74 89 18 29 65 83 85 19 55 97 71 7 3 47 82 18 24 23 5 77 75 58 22 72 26 28 25 94 100 49 44 31 61 
71 84 29 55 51 51 6 8 37 86 6 63 41 25 27 50 56 35 20 7 9 100 28 55 9 32 85 46 90 14 65 3 38 18 1 13 27 75 54 10 73 3 67 4 0 73 18 30 35 51 43 11 61 89 39 43 60 26 8 67 17 14 55 63 16 39 6 18 91 11 
20 70 67 85 100 30 30 17 49 81 50 71 31 4 22 23 91 36 26 3 83 10 8 26 46 97 53 79 63 21 44 67 74 11 57 23 83 8 58 9 34 20 41 23 85 47 100 39 93 75 25 79 92 13 8 73 48 80 41 77 74 4 53 61 20 74 99 95 84 50 
97 90 7 22 41 25 51 0 52 35 19 61 76 56 89 82 36 20 3 16 40 90 65 7 45 59 41 37 41 17 10 8 43 82 21 61 89 88 96 8 91 66 11 85 63 67 79 44 65 20 3 79 2 0 11 73 22 35 62 34 44 94 39 2 87 55 55 86 5 24 
18 14 26 39 72 99 60 13 44 8 26 31 2 74 88 87 75 38 42 71 100 0 68 32 84 3 26 84 29 11 58 44 13 46 10 11 98 2 66 31 34 29 0 58 24 81 74 50 50 65 64 14 9 94 68 36 3 42 50 73 18 46 15 100 41 27 86 52 41 22 
5 98 84 68 0 6 19 88 16 23 18 93 20 76 40 42 4 53 45 16 73 89 12 47 4 8 48 15 53 71 3 62 33 57 24 29 42 51 83 52 94 64 27 15 89 12 15 93 95 92 52 80 13 63 100 18 93 22 63 10 24 42 67 92 42 75 31 84 13 91 
67 47 81 73 39 28 60 95 90 97 11 30 97 0 95 52 27 54 75 1 50 27 85 29 11 61 39 10 3 60 20 99 41 56 12 37 70 71 78 10 95 35 12 32 66 99 49 48 75 21 3 91 73 27 27 67 21 45 28 72 52 66 80 59 37 37 80 19 36 16 
16 57 19 68 56 70 24 73 84 64 86 63 40 15 88 86 38 54 53 98 24 59 98 50 41 100 10 18 32 15 77 0 88 86 98 70 5 52 77 42 64 44 75 74 62 54 0 9 87 58 69 74 72 46 67 78 53 95 7 0 11 49 39 29 46 69 89 78 90 3 
22 47 13 44 8 12 10 48 78 6 48 4 87 23 94 86 33 58 74 34 93 7 9 69 58 0 25 6 91 70 92 59 48 2 8 30 15 87 72 25 64 96 0 97 47 19 68 36 70 24 25 26 67 35 50 83 62 84 23 26 72 20 0 54 98 35 40 67 95 57 
99 73 76 86 55 3 53 49 27 75 46 67 42 46 14 91 35 59 44 27 32 77 41 41 73 14 21 62 37 87 100 72 29 86 79 9 53 89 43 29 96 87 84 80 3 73 48 73 10 78 80 42 65 49 60 94 64 90 91 20 98 0 31 88 61 92 45 50 47 18 
76 24 95 37 20 84 14 0 45 93 13 98 96 20 50 42 79 55 48 78 47 15 10 3 44 80 50 0 16 96 82 34 30 43 81 67 50 91 90 54 100 35 24 97 74 94 24 28 29 71 34 63 25 98 30 90 94 15 17 51 66 85 91 66 30 31 32 89 70 95 
100 17 75 49 53 55 83 11 33 100 9 90 84 91 52 69 37 27 16 15 5 31 43 68 0 84 51 58 64 71 84 21 76 8 59 70 69 5 47 56 67 63 5 80 38 61 30 26 92 42 12 12 27 42 41 80 76 78 97 42 72 12 79 29 28 18 58 7 30 44 
9 60 80 69 86 85 11 88 88 26 66 93 29 60 68 79 98 90 54 46 30 88 41 39 82 97 31 24 1 24 26 96 16 75 27 76 90 73 8 10 9 11 47 78 50 2 5 19 81 65 27 47 76 38 16 88 17 86 26 7 25 18 7 16 62 10 0 46 93 72 
74 65 21 33 69 62 76 81 67 78 30 29 43 83 19 5 51 98 34 0 6 52 18 40 39 20 1 35 40 39 39 89 78 25 38 26 44 86 44 93 81 17 99 31 7 85 78 37 24 80 41 34 53 83 81 72 79 100 28 87 34 32 25 19 59 8 71 71 8 51 
11 48 50 76 1 74 55 19 8 61 33 22 13 24 83 45 2 86 90 86 47 54 92 85 95 62 80 82 56 92 84 82 9 67 28 49 78 63 60 21 65 4 56 48 19 6 14 30 38 69 45 45 85 78 67 88 36 71 46 12 25 55 46 29 67 72 48 6 30 71 
6 79 73 20 91 84 25 3 96 63 69 94 61 24 84 42 63 12 64 53 33 77 63 42 83 10 17 31 65 46 98 5 58 33 79 62 25 3 16 25 98 60 66 68 3 59 32 93 59 96 78 56 30 19 76 79 62 82 72 95 25 85 83 86 59 10 77 17 57 17 
65 58 55 97 29 87 14 99 80 5 43 33 39 63 86 87 36 48 32 89 40 35 25 63 15 100 64 40 26 81 62 58 96 74 95 12 70 80 94 87 73 66 86 11 17 54 19 39 98 44 6 21 84 31 5 58 51 76 49 63 81 77 10 52 25 10 69 27 76 69 
58 16 83 86 65 40 47 23 92 21 54 0 100 77 83 66 58 83 51 44 36 13 25 48 65 25 48 24 89 38 84 68 27 91 0 8 94 5 40 52 88 63 2 17 42 21 55 49 93 50 63 24 36 80 86 15 20 38 18 87 31 14 52 21 59 33 5 91 90 30 
3 23 32 24 13 45 93 50 8 82 37 31 41 27 98 19 64 27 78 28 72 12 43 72 32 80 77 0 21 0 58 43 90 46 15 88 95 47 82 16 47 89 47 94 34 6 19 52 85 3 91 28 35 67 27 72 93 11 67 80 79 36 95 2 59 22 14 57 10 27 
16 24 83 26 85 55 87 35 36 45 79 62 90 13 86 92 31 82 95 76 53 70 71 82 72 69 69 56 39 95 48 38 54 23 69 53 47 83 74 50 43 36 85 95 65 26 32 88 96 3 19 52 1 24 15 81 9 67 83 91 45 24 39 36 34 58 75 76 69 68 
53 35 50 36 28 70 74 94 23 62 19 89 97 35 31 81 89 21 29 90 71 83 78 53 88 12 65 50 67 74 30 43 97 43 57 100 97 44 36 78 48 86 89 39 8 97 50 60 57 53 100 25 78 68 27 51 11 7 50 56 63 2 46 33 30 33 49 1 94 23 
77 73 12 99 22 61 30 53 100 9 53 42 80 89 45 55 5 17 42 18 74 26 27 33 14 70 92 68 25 99 49 89 17 47 34 85 64 54 69 93 40 11 99 50 89 32 69 42 81 40 79 29 53 39 84 81 92 50 83 0 24 31 21 32 61 60 28 65 10 99 
6 79 3 51 42 0 95 6 13 13 68 80 84 34 69 18 38 39 94 74 57 63 47 64 45 20 69 11 0 30 89 65 13 10 49 27 51 78 29 35 33 79 60 37 49 59 66 57 44 18 78 9 20 58 15 94 15 49 24 71 21 25 37 25 85 76 37 6 86 1 
94 39 82 70 10 2 92 88 40 21 68 21 12 22 78 39 35 13 65 39 52 92 67 31 71 36 58 95 30 40 97 27 77 74 19 65 6 51 32 63 0 20 24 26 70 18 97 70 92 50 47 36 82 32 95 79 81 43 75 86 8 68 52 18 12 13 18 24 93 17 
38 32 33 44 9 86 68 9 33 52 15 83 74 98 70 33 11 37 44 72 54 67 70 38 64 70 97 86 5 27 64 73 72 40 45 39 19 65 74 49 57 79 62 61 70 98 2 71 65 9 3 63 49 18 87 31 80 5 26 4 37 19 2 58 8 98 4 89 25 89 
50 32 47 97 35 80 27 35 77 86 8 66 69 68 16 28 14 87 3 85 82 96 62 89 31 23 74 29 63 90 88 8 23 45 86 51 11 17 34 90 76 27 65 48 96 32 82 5 56 34 14 65 21 90 7 34 63 19 25 58 54 93 59 53 54 85 64 44 52 7 
100 69 68 63 61 67 3 45 35 15 63 30 57 52 96 7 0 66 6 86 95 57 89 21 7 34 51 45 55 95 89 16 65 10 47 87 48 78 89 100 64 31 14 20 65 7 68 31 69 13 98 76 97 12 51 16 2 33 38 17 99 30 64 7 25 75 41 64 25 36 
65 82 19 39 29 93 8 25 37 50 22 48 80 21 10 31 73 21 90 42 99 60 67 62 3 27 93 38 56 81 4 31 34 26 46 9 80 53 4 52 79 3 20 15 24 67 44 91 60 56 30 99 11 46 83 92 70 63 89 6 21 38 22 82 98 68 99 97 76 27 
17 56 7 13 8 77 7 20 70 81 79 28 63 60 91 21 22 97 69 25 56 53 88 47 65 25 46 34 66 6 6 31 45 1 34 14 73 50 15 56 70 64 2 52 69 1 50 82 17 64 24 53 66 13 99 27 70 6 25 83 67 16 100 71 12 30 78 26 20 1 
38 60 6 99 98 100 57 88 76 77 36 50 97 74 100 27 48 48 45 12 27 38 93 85 83 10 4 59 19 37 71 6 76 8 88 5 48 56 35 1 31 36 30 21 43 80 37 25 20 10 34 60 37 67 58 56 20 43 12 65 41 38 65 82 85 77 74 26 69 50 
52 96 33 48 57 66 64 97 77 33 95 77 72 54 38 99 47 31 82 93 8 46 84 21 48 47 82 14 60 60 68 22 11 62 76 49 60 46 63 92 3 55 17 51 92 81 4 83 78 1 62 73 6 77 12 14 37 81 2 61 24 42 97 40 18 67 78 7 31 15 
40 3 3 68 94 73 13 33 84 20 11 1 49 30 20 44 82 38 42 99 41 15 39 20 59 79 14 78 77 84 70 14 12 17 63 80 50 30 63 91 2 26 89 25 43 84 100 90 77 33 38 78 8 13 1 73 50 90 45 52 85 38 32 56 18 81 65 100 30 55 
56 24 63 39 79 73 27 28 81 60 93 26 59 47 77 79 2 47 2 92 59 35 12 11 60 26 50 52 89 60 22 46 90 37 50 34 16 13 54 88 53 0 20 70 96 29 88 37 78 28 17 22 7 9 83 17 40 44 0 90 5 73 79 82 63 80 15 32 59 98 
