50
50
71 20 17 37 90 62 23 73 63 39 85 95 13 56 47 25 52 70 10 25 20 85 56 30 47 39 80 77 22 3 45 4 39 53 73 22 51 56 33 24 97 66 52 4 25 31 14 49 65 16 
26 63 82 43 57 7 57 78 71 65 31 24 64 38 72 39 30 82 60 2 56 64 73 75 7 37 71 98 43 90 51 28 2 46 20 28 52 76 74 55 36 56 33 79 20 17 37 60 74 54 
4 38 48 83 73 1 6 8 52 46 87 16 36 16 27 45 83 100 14 34 24 37 17 12 18 88 86 99 36 78 6 76 84 8 44 13 97 12 8 79 34 82 8 79 5 34 62 22 91 7 
31 12 67 93 91 47 32 33 68 96 100 15 16 84 39 50 73 98 90 10 86 91 17 12 64 10 87 62 98 19 41 82 75 61 34 54 41 94 7 72 33 100 78 91 41 38 49 41 81 81 
66 78 9 76 82 51 84 37 34 31 83 91 9 56 66 40 12 57 1 81 62 37 62 80 94 35 80 100 84 14 1 12 47 68 51 17 5 13 8 19 74 6 72 87 86 15 18 55 60 71 
13 25 8 53 94 8 39 54 81 67 48 13 84 66 30 2 5 76 72 26 97 98 40 39 0 100 38 19 53 14 87 92 54 1 30 91 22 51 36 29 37 16 13 42 76 62 36 90 37 52 
88 17 63 93 73 95 84 20 59 75 39 4 34 19 1 63 63 53 64 39 38 20 79 34 3 88 47 9 37 21 4 47 18 55 23 56 73 32 14 35 8 10 34 43 12 42 10 2 25 54 
56 39 76 9 36 64 19 93 12 5 86 13 23 36 0 88 18 76 93 99 87 84 77 58 18 44 67 62 82 72 28 59 92 74 96 99 14 85 94 50 71 10 26 24 41 12 87 46 43 37 
68 10 95 91 3 71 39 68 81 44 92 28 81 6 11 100 34 84 21 11 7 69 29 78 3 87 25 19 62 32 41 63 5 75 63 20 71 2 80 78 24 16 66 73 1 82 4 66 61 86 
84 42 74 1 39 13 97 90 14 4 69 72 64 19 3 31 81 3 60 6 16 74 72 36 68 49 36 11 51 85 94 32 94 13 7 69 91 34 60 72 31 47 13 10 45 39 31 32 95 26 
67 49 70 97 98 85 79 80 78 54 70 11 25 85 31 53 43 69 21 95 90 84 98 8 95 17 4 9 66 32 15 26 97 5 30 91 76 81 86 6 49 75 50 52 25 55 20 79 76 64 
11 44 69 28 21 29 34 48 3 38 18 63 19 86 38 77 57 70 36 15 7 53 41 82 14 52 72 54 41 26 59 38 91 100 7 29 72 51 79 4 66 40 78 44 83 97 47 70 54 69 
88 4 25 94 88 82 99 19 98 30 70 10 70 82 27 40 20 89 33 66 33 49 15 73 70 77 49 47 95 66 48 27 85 21 60 71 53 47 73 97 12 2 95 9 45 8 7 91 97 39 
51 100 62 84 50 14 83 37 74 78 97 80 88 8 5 3 96 64 29 24 95 45 76 78 26 4 17 25 6 68 94 46 8 79 39 44 14 9 25 59 95 78 2 39 46 62 47 31 98 93 
43 17 21 45 3 1 15 39 70 49 48 83 36 37 42 47 81 54 95 96 61 67 95 27 47 100 89 48 87 57 99 91 69 85 40 38 4 80 80 93 73 2 52 63 35 41 71 43 88 7 
1 7 32 22 39 72 50 27 66 17 13 96 12 69 58 70 59 13 21 2 6 92 63 31 77 4 8 90 57 96 4 68 92 4 25 65 31 25 39 98 24 23 9 25 12 62 81 86 46 30 
49 31 38 13 73 79 97 19 80 38 2 39 18 62 94 7 92 17 33 99 72 97 65 68 56 82 51 73 32 21 18 67 30 6 39 7 14 6 74 34 73 52 57 6 2 35 90 59 85 3 
71 62 54 40 34 7 66 26 45 12 0 31 1 100 82 53 19 51 44 0 14 82 68 72 14 29 15 99 64 60 33 8 55 34 69 78 21 99 87 0 89 68 78 2 54 29 63 24 0 43 
28 44 6 16 66 4 94 19 15 72 81 70 59 49 0 53 97 75 75 25 29 0 9 66 53 34 9 74 18 60 63 32 65 54 67 34 87 58 59 90 31 91 79 2 45 60 29 66 71 25 
56 94 47 85 100 49 19 24 63 61 6 99 85 30 88 12 56 66 63 11 56 46 62 24 98 96 79 77 57 1 77 26 55 58 14 62 69 64 4 55 81 73 3 81 40 39 59 61 88 20 
41 24 33 83 11 71 76 10 73 43 84 9 23 4 37 54 95 37 4 62 0 64 75 91 47 13 89 40 92 80 14 100 38 38 63 63 43 76 73 8 81 69 44 70 82 49 55 48 56 4 
55 39 69 27 55 15 80 2 27 14 66 75 84 72 48 61 89 84 43 1 13 10 27 18 25 24 50 13 90 28 62 80 96 33 83 24 15 62 84 74 2 81 79 56 15 21 54 30 61 31 
48 57 17 18 39 63 93 38 94 82 78 34 28 24 40 0 37 38 20 71 29 75 94 50 77 36 7 89 25 1 81 51 6 7 78 76 53 63 40 31 84 6 64 32 87 7 68 70 9 96 
39 86 42 86 21 78 53 33 12 81 56 33 73 21 52 69 70 49 96 98 67 40 97 65 4 52 99 100 49 14 97 30 59 42 99 22 87 56 10 29 12 42 4 48 53 55 79 74 11 11 
52 91 15 47 87 20 47 76 53 46 10 64 66 29 55 8 76 19 81 10 49 91 69 65 99 55 24 60 20 100 59 32 75 90 8 41 43 12 91 52 33 61 77 90 60 17 51 36 69 47 
74 72 82 19 35 61 100 28 16 84 11 47 34 8 46 44 19 60 44 97 48 25 45 36 46 99 40 90 82 38 53 67 7 80 39 62 67 97 29 84 89 95 72 21 86 58 99 34 71 78 
88 6 93 17 60 93 45 8 33 16 91 25 6 41 81 83 95 33 24 85 19 55 13 75 59 24 53 37 89 90 13 44 17 84 13 8 59 33 29 9 89 34 63 24 81 87 84 19 37 0 
38 33 38 6 50 67 44 56 90 68 2 62 89 89 42 43 59 25 51 6 88 81 43 40 36 78 70 87 40 29 86 6 12 51 21 38 90 71 80 45 55 100 5 94 83 85 19 4 99 49 
18 3 84 78 98 68 46 30 59 35 85 19 14 88 95 14 21 25 18 83 33 14 99 41 41 83 3 71 52 14 59 63 63 71 56 32 94 66 29 80 78 44 27 9 28 100 69 25 34 19 
44 6 73 41 69 45 84 45 32 98 81 25 37 37 64 2 94 2 7 83 27 66 4 2 20 82 70 48 12 8 52 77 22 36 35 63 34 90 46 23 34 8 2 100 90 67 6 100 33 91 
64 84 51 76 5 84 70 91 54 4 14 8 26 47 47 15 1 86 94 10 34 56 36 11 55 19 1 92 93 13 96 56 86 100 97 4 88 22 22 32 57 35 83 1 87 54 13 73 48 16 
97 19 14 38 18 89 25 28 78 60 65 79 25 61 85 35 17 78 95 83 48 22 80 0 3 20 7 62 15 94 33 40 73 3 19 87 65 86 8 15 5 86 35 44 48 38 88 64 54 91 
79 43 3 5 5 77 29 62 10 21 82 49 27 65 4 51 30 28 61 83 85 74 56 34 85 0 71 93 92 30 53 12 100 99 66 5 70 83 62 78 26 55 82 71 54 26 41 11 18 88 
4 46 63 92 68 51 15 99 37 80 88 26 66 47 63 73 51 55 88 74 47 54 50 82 16 79 36 90 69 51 90 48 86 12 71 1 27 81 84 41 22 25 20 89 13 21 100 9 34 75 
98 24 59 72 66 22 88 37 89 62 78 25 4 50 67 41 36 97 22 29 30 28 68 78 52 32 46 59 71 43 39 64 65 48 52 33 69 92 59 24 67 84 46 22 93 31 85 23 86 74 
28 44 60 39 43 54 76 10 12 3 8 16 88 41 64 40 8 55 78 1 0 58 7 23 0 40 13 45 85 1 24 28 85 26 68 16 16 95 74 81 31 26 43 5 51 38 39 8 99 99 
59 45 47 89 36 36 4 91 52 62 10 21 99 33 67 50 48 4 39 15 21 51 52 86 91 7 32 91 67 74 49 90 97 20 72 29 92 87 66 84 89 20 31 13 33 52 18 63 25 34 
86 95 87 46 75 85 5 43 17 80 26 81 63 80 53 98 32 2 71 13 27 66 65 32 50 36 52 44 89 21 77 83 61 83 67 39 41 1 87 39 60 33 100 19 12 93 79 99 55 57 
31 5 75 28 27 55 62 76 4 65 53 94 46 81 71 44 27 68 52 60 44 83 8 15 12 13 18 92 42 54 94 55 28 85 25 65 76 90 99 3 68 7 35 16 5 93 46 61 11 0 
91 19 30 82 13 15 4 58 99 76 96 14 51 83 87 73 1 65 86 68 95 54 43 91 51 2 46 46 26 81 50 45 64 44 10 17 71 44 79 11 63 83 36 53 57 28 12 90 25 68 
64 81 85 26 80 32 80 44 80 41 94 62 65 54 93 66 100 20 7 89 41 51 93 13 9 73 47 70 64 97 79 47 24 59 38 37 79 78 2 96 82 37 60 12 9 7 100 57 61 64 
26 17 77 64 32 58 0 82 14 21 74 25 8 34 75 34 54 91 10 3 58 86 94 63 44 1 56 79 66 95 37 14 54 93 93 8 13 67 21 28 25 80 7 46 100 5 43 90 38 86 
17 54 12 71 36 79 1 36 38 15 70 13 22 0 30 37 44 22 44 77 54 81 8 77 86 25 38 11 20 35 9 89 26 13 37 55 78 52 33 17 17 33 87 65 29 85 77 38 35 58 
10 32 31 90 72 82 55 69 99 71 14 11 24 35 44 94 53 52 34 41 98 96 9 61 43 99 83 95 82 11 83 51 2 24 3 5 81 90 40 6 87 82 65 47 49 42 46 47 11 60 
69 92 59 23 67 0 61 83 36 6 98 99 83 82 76 54 69 64 92 62 77 98 54 100 36 23 28 56 82 4 12 19 37 5 61 69 20 2 48 59 30 68 80 27 71 31 100 97 59 64 
69 87 88 76 3 20 48 37 23 84 3 3 97 29 50 84 54 23 94 85 66 98 13 1 43 52 83 99 36 29 70 75 51 41 25 88 11 49 78 88 25 37 65 35 67 63 18 75 5 40 
9 57 69 29 4 99 23 64 53 63 86 90 59 11 7 78 61 42 73 87 20 65 31 89 49 96 23 25 22 23 15 43 97 42 28 34 51 7 77 93 93 32 41 55 80 19 95 1 25 72 
40 47 32 54 12 65 76 41 49 26 42 41 28 41 63 44 79 12 33 7 45 12 12 31 77 84 72 91 100 85 63 59 93 53 75 95 44 72 44 62 95 48 78 88 13 5 97 80 66 64 
23 8 97 0 48 38 2 34 46 49 27 62 18 36 37 6 46 4 10 81 35 78 59 0 51 97 79 64 39 55 42 51 35 1 69 4 19 95 53 47 42 0 24 53 67 55 50 17 62 44 
76 8 73 50 51 67 99 18 62 47 51 51 50 69 92 52 13 33 4 18 89 21 83 4 2 52 12 50 52 97 31 92 62 98 12 33 68 44 21 62 65 36 18 35 91 24 42 90 19 91 
