150
150
12 21 13 99 85 6 50 35 52 82 59 59 3 38 11 100 95 40 51 13 85 42 29 98 78 18 16 58 50 97 22 28 55 67 97 58 14 48 69 70 74 42 39 76 60 78 25 71 52 40 51 87 78 39 2 13 42 45 92 20 71 4 31 84 11 27 38 6 20 10 96 34 30 70 61 74 65 87 87 57 23 21 32 11 90 47 48 72 59 12 42 45 30 46 20 61 53 6 100 45 13 37 16 74 3 5 15 55 50 31 61 26 67 81 82 51 62 30 32 46 82 79 88 72 34 23 96 96 35 24 42 39 32 17 68 46 47 95 73 33 20 10 38 32 56 5 23 95 80 43 
75 23 55 54 89 81 34 73 52 32 47 25 50 80 10 72 61 16 49 89 33 36 29 4 45 76 64 64 14 74 35 24 23 32 35 61 51 52 99 88 1 89 63 63 69 62 28 8 0 3 15 87 23 18 71 59 4 6 21 99 89 81 55 72 22 63 74 98 53 91 48 32 39 22 1 48 84 70 16 35 86 37 67 28 76 92 98 44 91 69 32 5 83 63 69 54 59 79 72 85 51 77 87 30 84 73 37 87 97 6 41 92 98 87 100 63 34 77 48 78 1 1 2 31 14 79 69 76 98 90 57 37 59 62 89 50 99 58 59 44 7 87 45 78 75 32 4 14 23 69 
84 16 27 62 58 29 52 89 56 62 62 3 27 30 65 66 71 7 32 63 16 91 2 42 46 7 0 58 56 92 58 93 0 30 1 51 60 91 90 43 46 1 15 92 69 69 40 42 2 20 71 32 73 30 39 37 66 48 96 51 20 87 59 16 46 32 57 52 32 77 74 12 82 85 80 20 44 94 53 12 96 89 27 97 64 24 26 38 92 53 17 41 49 81 55 39 57 79 72 56 26 79 0 77 0 45 35 12 81 43 11 95 15 11 72 81 58 66 17 98 42 29 72 15 92 51 50 48 73 11 79 81 78 21 86 96 64 20 60 63 56 82 91 6 80 74 46 55 12 48 
19 26 98 2 34 53 14 65 66 9 87 33 92 7 64 39 23 29 6 50 28 11 37 88 49 84 89 75 55 89 35 37 26 68 87 87 17 2 8 21 65 54 85 66 20 89 68 85 38 12 24 11 65 19 21 10 42 14 59 6 40 64 40 51 42 94 17 46 66 25 43 83 77 6 27 27 97 47 56 36 47 71 28 55 26 68 3 71 0 97 40 82 48 76 76 44 86 24 90 63 69 5 11 52 47 86 81 82 21 74 30 98 70 66 53 28 78 43 40 11 91 4 37 3 68 27 9 6 58 84 43 98 31 92 41 67 12 75 66 74 98 79 8 58 21 34 54 56 70 42 
43 92 76 22 40 59 99 5 2 65 81 61 54 84 30 30 38 76 91 89 54 67 98 77 61 96 80 60 34 30 5 52 5 49 40 60 11 74 84 26 39 83 10 25 94 88 27 37 11 0 75 73 62 8 44 25 95 77 92 27 64 40 60 94 22 57 78 47 64 90 50 52 0 81 93 56 76 37 22 3 46 36 42 8 27 10 38 32 51 66 88 90 73 6 31 69 20 93 63 15 19 100 99 76 42 8 41 76 18 82 28 31 61 1 41 17 62 73 53 96 25 74 35 6 32 66 37 88 97 12 56 70 71 48 92 91 73 76 30 33 81 30 18 79 19 31 100 8 32 27 
51 65 27 70 63 37 25 7 35 92 61 71 72 1 72 18 15 23 81 63 23 5 5 85 83 35 98 86 74 1 17 86 66 6 89 57 69 8 40 35 81 72 13 64 35 78 48 10 66 1 63 39 94 24 17 53 0 40 90 41 14 61 45 62 63 7 58 42 86 2 54 37 93 83 96 86 44 10 94 57 71 34 61 90 98 91 84 45 53 50 56 79 52 75 63 54 87 23 1 47 70 12 61 28 42 6 78 24 97 50 66 7 71 27 14 73 32 42 59 84 59 41 39 52 36 75 89 39 93 15 73 57 92 56 22 40 51 28 0 31 24 72 81 13 69 59 48 96 63 2 
12 34 67 78 4 45 42 63 74 63 88 50 21 71 23 68 7 18 3 89 24 12 31 5 22 55 50 87 22 20 62 13 90 16 96 25 79 13 36 10 33 8 22 99 62 5 78 1 6 98 52 99 6 67 70 96 55 19 95 97 67 54 30 91 100 5 5 30 54 70 91 46 87 5 82 73 63 81 37 21 66 95 48 22 31 40 79 22 69 19 57 15 26 75 14 100 34 0 91 37 17 1 93 65 32 89 13 0 28 57 33 38 69 5 22 35 85 53 49 82 32 29 47 51 90 8 44 88 58 2 29 5 32 8 63 51 6 9 29 80 38 63 82 51 30 58 30 89 56 44 
52 13 29 11 85 49 93 55 35 81 3 37 44 61 72 93 28 74 60 89 97 8 69 54 58 55 34 51 10 21 16 80 34 46 18 55 5 98 39 86 66 0 9 33 2 49 85 30 92 57 61 20 53 30 52 56 5 22 50 66 80 52 87 56 59 37 6 61 90 58 17 82 89 93 84 87 17 54 39 24 70 77 88 85 46 93 76 16 58 95 48 4 50 75 68 82 43 65 65 60 76 47 92 37 56 72 57 7 79 20 47 55 58 91 15 51 0 65 62 59 59 38 14 29 94 40 54 60 52 4 35 27 77 23 98 38 82 46 41 57 87 32 7 36 39 94 86 66 86 48 
28 100 50 91 12 65 43 70 13 95 23 77 88 78 76 73 72 0 46 69 75 14 7 16 78 37 15 61 51 80 68 29 4 24 5 99 72 49 38 40 29 19 51 80 36 34 30 45 57 69 1 100 61 86 7 42 9 4 50 47 66 81 75 97 60 68 44 44 60 75 2 46 90 19 90 56 2 100 16 79 62 74 58 53 37 72 95 43 74 40 1 35 87 86 48 34 87 10 50 36 7 66 30 17 43 33 42 19 45 30 22 57 68 6 68 28 5 89 33 99 72 32 97 31 94 20 3 90 30 47 13 10 14 78 21 36 8 63 63 49 39 86 93 51 68 45 39 33 38 78 
39 15 3 74 46 79 67 15 79 13 49 74 20 79 92 63 84 34 20 73 54 97 66 8 89 35 3 49 46 15 68 14 7 53 14 41 23 12 84 9 80 71 76 32 82 42 97 87 95 20 76 94 31 0 77 94 57 50 98 22 95 28 93 98 0 10 44 87 92 57 18 34 41 33 16 32 60 95 50 86 68 11 43 44 65 81 96 45 83 86 32 29 79 14 1 51 94 62 69 19 32 7 13 79 86 75 88 67 11 48 58 62 51 22 61 12 91 3 41 75 93 81 41 20 100 43 56 20 79 45 98 86 99 24 87 45 35 28 41 52 81 70 2 28 36 86 45 93 39 29 
95 42 1 50 90 5 34 8 72 48 100 91 5 26 2 34 18 3 8 80 56 1 40 76 83 86 76 4 43 69 16 52 28 32 16 75 69 49 26 100 58 76 65 50 4 59 25 45 74 47 9 41 48 0 20 82 82 18 16 62 82 5 36 50 90 77 23 92 43 80 9 8 26 25 98 29 50 94 16 19 11 72 53 66 66 58 34 60 9 47 59 97 83 16 93 57 75 43 58 64 54 23 98 60 82 30 45 2 4 77 84 68 92 29 20 31 47 52 56 40 29 93 16 19 57 82 19 19 69 86 73 3 87 70 66 20 10 51 80 8 87 3 33 8 31 28 21 31 4 36 
6 20 41 53 57 98 31 66 21 100 89 87 15 55 26 38 92 64 50 79 16 52 38 44 56 26 5 16 73 82 15 5 24 84 94 98 46 52 68 100 22 88 2 80 18 27 59 42 15 53 59 39 0 52 63 85 48 81 0 6 33 55 48 13 79 81 82 83 60 46 71 41 72 94 69 81 20 4 13 22 0 39 40 0 43 90 47 39 85 36 73 29 99 74 5 37 64 73 7 61 71 46 33 49 23 79 7 21 20 100 56 92 100 71 50 57 34 26 48 91 85 42 62 63 25 2 63 6 75 17 19 99 58 27 27 54 34 50 66 42 71 40 18 37 37 60 54 33 47 37 
96 67 52 32 24 70 21 84 36 70 78 60 90 30 68 35 87 93 15 53 87 68 19 85 95 45 73 75 77 16 14 81 33 81 85 86 48 85 62 72 73 50 84 10 58 99 36 45 91 8 45 22 41 24 14 51 75 93 97 24 67 16 21 19 70 1 59 47 22 58 77 88 93 13 86 50 73 71 87 93 68 77 3 39 85 3 36 19 95 87 32 59 95 74 0 34 19 21 51 98 99 35 90 59 4 83 90 20 31 90 67 84 38 86 11 9 96 70 82 31 55 52 56 56 55 21 88 30 51 65 61 12 78 100 31 59 5 77 21 40 9 26 61 86 88 76 78 45 89 88 
39 24 32 10 2 57 3 57 31 28 4 63 2 94 94 34 70 70 75 95 89 33 99 89 28 12 36 74 89 8 95 45 43 92 43 55 44 19 43 56 92 39 10 68 66 72 27 2 59 75 28 91 71 74 1 16 94 29 33 66 37 100 73 19 24 63 72 64 71 96 49 31 98 72 91 86 28 1 99 28 85 39 17 21 84 54 79 86 96 58 0 97 37 56 72 68 41 28 74 84 63 44 13 23 91 66 21 21 66 6 15 25 78 11 12 96 21 65 74 29 81 47 31 67 61 84 42 68 49 64 38 27 19 79 14 80 24 72 27 47 97 79 78 66 100 60 97 31 90 90 
86 82 18 97 89 62 59 8 50 94 22 34 37 36 84 7 12 51 63 46 59 53 7 17 37 69 25 91 68 85 57 83 12 91 3 5 74 95 69 67 50 58 45 16 58 26 8 39 58 18 92 54 39 32 30 89 46 67 55 4 72 90 46 100 4 61 76 1 10 55 55 90 62 93 57 3 32 13 40 5 2 29 66 41 5 13 44 11 19 76 19 0 7 44 37 61 30 65 96 35 78 73 14 34 1 84 19 0 58 61 29 11 11 14 34 27 11 100 88 75 32 84 32 60 58 85 22 20 3 21 33 49 60 66 3 31 93 3 100 91 52 30 81 37 18 4 43 41 94 84 
53 12 23 29 61 91 57 76 96 93 86 81 5 24 49 9 100 55 38 17 15 96 20 15 71 41 36 63 34 68 34 6 49 93 60 71 4 38 75 41 100 39 62 50 26 54 37 3 36 30 36 75 40 56 39 43 3 55 50 72 4 87 13 45 85 50 3 27 24 71 14 38 85 49 82 99 68 65 52 61 25 72 97 64 51 63 22 77 70 68 98 12 99 100 79 22 50 39 1 69 13 79 35 46 8 82 54 69 39 39 74 15 16 16 73 48 7 97 15 38 43 49 17 95 84 80 54 31 28 43 75 98 68 29 71 76 51 89 70 84 26 81 2 45 10 72 33 33 46 2 
4 68 51 66 64 11 71 67 53 5 21 0 96 74 82 93 9 68 36 100 38 21 44 52 86 97 7 17 92 13 59 67 48 36 48 16 59 15 81 26 13 36 77 17 72 27 80 77 20 67 9 58 22 93 29 73 99 70 48 87 86 81 64 91 8 43 9 59 65 6 31 49 53 48 90 60 44 32 4 90 0 51 12 55 73 49 39 94 64 48 79 84 71 42 79 34 44 7 99 79 24 85 79 31 51 8 47 5 12 66 25 3 41 82 71 91 24 77 31 33 53 9 77 64 30 86 90 36 34 79 60 56 9 64 22 60 58 24 37 23 20 3 90 17 14 91 49 32 78 89 
48 15 6 45 84 28 91 76 92 99 53 68 29 84 77 87 94 69 31 43 36 54 100 78 0 16 83 90 3 76 70 22 92 96 86 61 93 49 9 54 17 39 17 78 54 49 100 23 55 29 57 84 98 75 18 96 89 35 88 31 9 43 76 53 11 89 82 94 61 33 28 41 48 53 39 87 15 72 56 43 28 47 24 54 78 80 71 62 97 55 37 92 32 49 69 73 92 63 60 21 1 11 18 48 43 70 38 29 67 94 32 39 82 39 72 77 53 25 63 55 93 91 26 16 1 47 85 26 22 46 31 24 3 18 80 8 66 11 94 55 83 30 87 28 31 34 45 33 99 43 
32 56 0 54 19 76 95 89 7 15 13 69 100 64 29 67 19 35 78 38 52 48 18 60 29 80 76 85 33 7 85 21 42 3 93 77 5 94 50 19 42 11 10 59 5 66 27 29 27 39 56 94 61 15 13 31 36 28 39 59 79 8 84 59 26 69 12 81 36 96 60 34 45 80 65 42 24 60 49 13 10 3 33 44 16 1 77 51 65 87 100 98 20 55 71 7 29 86 32 77 95 59 37 27 27 88 82 47 69 3 40 95 15 96 89 12 26 71 79 54 47 89 4 63 31 9 59 16 25 61 22 34 78 63 38 78 51 14 18 93 50 30 65 65 76 25 35 96 31 0 
37 57 64 45 90 20 46 42 61 100 57 90 58 46 56 67 54 57 50 9 66 47 15 10 61 0 25 22 6 70 70 89 34 3 5 53 32 60 18 77 77 42 46 30 36 42 100 100 16 39 79 47 58 38 25 9 34 48 7 25 24 77 76 82 95 60 7 100 74 77 57 94 20 47 75 0 16 0 20 27 10 71 64 35 5 54 98 29 24 88 89 47 55 92 44 97 54 6 14 59 18 56 22 62 29 47 99 35 82 90 91 19 1 15 92 3 55 26 29 21 92 65 18 67 66 15 27 5 64 55 19 80 86 69 42 96 14 53 83 19 95 39 11 4 27 3 98 81 96 53 
20 77 40 12 3 16 0 33 32 72 20 82 84 83 56 45 48 48 63 26 6 61 48 94 71 87 34 4 84 57 7 27 60 17 19 51 29 6 95 52 21 3 53 70 21 78 76 28 13 96 34 13 11 68 57 82 48 77 79 60 79 40 52 47 37 0 9 44 18 40 84 63 91 57 64 91 75 42 23 58 93 2 35 93 67 41 93 85 96 47 23 32 63 90 68 66 2 7 46 75 86 9 90 80 83 8 58 74 12 86 65 42 31 83 71 83 3 7 57 29 51 76 54 22 36 42 45 68 0 34 8 21 67 19 11 61 61 17 78 0 97 1 67 20 82 24 18 63 28 17 
71 93 59 57 69 34 39 82 56 14 10 57 20 25 39 33 37 74 50 41 11 42 14 71 38 95 15 73 81 51 83 16 78 31 45 12 16 47 78 32 78 44 77 73 64 79 61 33 76 10 52 23 8 34 66 86 88 14 54 31 58 3 48 76 97 52 58 13 69 61 41 50 86 43 42 14 49 4 95 65 13 42 65 99 19 64 77 19 96 6 38 63 37 21 73 90 46 2 64 5 32 100 54 93 45 2 86 19 33 48 11 98 75 67 27 73 69 37 17 3 62 90 94 78 21 12 55 5 50 7 80 48 8 97 4 12 35 43 29 95 26 35 0 63 42 63 53 35 59 49 
64 57 31 58 48 64 63 77 29 0 67 79 81 96 29 79 2 59 77 52 54 24 38 32 95 44 89 96 91 12 46 88 48 55 14 24 23 45 56 37 61 71 18 27 47 52 79 7 63 12 62 91 73 40 78 5 17 19 75 85 5 34 18 0 36 19 32 82 91 26 76 23 28 95 18 73 57 31 12 95 0 50 43 83 69 47 54 8 43 49 31 93 78 91 81 23 2 3 22 6 51 91 8 90 4 89 92 79 14 63 7 95 97 4 98 37 4 66 99 29 53 76 46 54 58 84 17 5 53 9 90 50 32 66 75 86 8 46 96 71 25 42 70 16 89 66 12 15 52 34 
6 88 88 32 12 17 58 1 11 79 24 52 21 51 71 5 49 78 34 89 10 91 29 42 0 48 20 79 46 10 98 41 9 55 7 95 53 83 2 96 78 21 0 97 16 42 42 41 8 93 55 32 76 12 10 86 97 63 16 92 7 48 7 17 3 4 42 94 95 15 89 97 33 0 23 27 98 39 8 73 48 5 90 79 25 64 15 14 18 69 55 71 26 79 93 28 99 60 49 95 26 62 27 34 31 74 50 89 14 45 66 41 55 11 89 84 38 54 25 17 23 36 97 65 69 24 82 3 4 76 82 71 7 28 22 29 70 15 84 72 35 30 4 93 92 30 4 40 91 64 
73 90 82 85 83 22 13 51 27 85 38 47 67 11 5 79 25 73 77 76 56 18 38 41 22 56 62 37 47 56 59 16 32 74 3 12 30 22 59 57 78 15 86 93 54 8 93 96 9 47 4 91 22 12 6 71 9 49 97 49 99 33 73 41 21 38 5 17 20 27 1 33 56 26 90 30 96 92 26 17 12 1 51 42 34 6 43 41 15 36 74 15 91 87 55 81 88 34 21 32 21 74 44 59 21 72 60 60 72 52 49 94 83 52 20 67 92 45 64 5 40 1 1 81 81 1 92 32 11 3 23 70 38 46 49 82 61 4 7 51 34 36 21 44 13 93 45 45 55 17 
65 43 6 46 42 27 95 94 5 87 4 54 76 6 32 96 85 7 10 86 17 23 88 15 94 86 49 74 11 39 95 42 92 76 46 32 51 46 56 25 86 44 94 37 7 85 12 70 34 3 87 54 74 40 21 35 21 21 48 77 100 53 78 98 90 15 83 72 2 87 49 53 42 6 74 35 43 90 0 28 12 14 86 28 8 14 15 42 52 79 19 89 35 31 41 98 9 74 73 64 96 65 22 13 70 74 12 47 97 62 6 5 1 36 29 40 78 19 78 52 66 2 44 63 56 20 54 72 64 26 51 9 13 81 82 68 47 24 5 50 51 20 98 92 84 34 80 12 67 19 
5 37 45 40 57 52 80 41 74 96 20 31 52 43 94 32 97 57 25 18 16 39 10 12 1 25 76 61 49 86 77 48 64 56 74 68 34 86 82 46 92 87 44 85 21 30 74 87 21 92 24 47 60 30 29 12 43 72 2 5 22 56 5 68 89 43 14 17 53 2 37 75 77 66 40 5 92 66 26 21 79 75 99 20 47 78 89 84 100 72 12 20 62 100 71 34 52 13 48 31 84 44 44 20 83 35 98 67 86 73 57 57 69 39 54 49 70 69 53 51 66 68 43 87 26 6 95 57 30 66 87 4 95 81 17 39 38 40 1 40 99 68 84 57 71 93 55 64 89 14 
94 13 80 57 75 61 14 40 51 1 51 66 61 86 12 49 55 25 44 8 62 52 74 32 87 37 73 54 24 83 84 85 9 85 52 43 77 56 50 84 30 13 40 5 31 62 55 90 83 41 35 30 25 78 48 49 50 24 65 62 26 34 36 9 22 96 84 53 88 63 54 91 60 8 79 38 58 40 95 34 19 72 24 25 76 85 37 14 72 21 41 16 20 78 69 37 57 42 4 77 29 5 15 13 0 24 75 51 7 73 9 17 38 83 9 1 45 93 94 79 16 56 8 94 70 40 0 58 82 33 67 35 37 29 84 26 12 43 39 62 49 40 37 4 15 28 80 95 99 89 
19 15 95 60 13 34 42 70 94 97 85 35 31 91 84 14 30 97 14 4 81 53 19 89 78 86 33 41 15 74 76 86 84 8 53 24 70 30 14 79 70 87 20 27 2 81 33 42 42 18 13 5 12 8 69 41 64 58 73 73 47 49 95 74 53 40 43 29 85 65 27 9 44 71 53 11 88 92 48 64 19 89 36 72 64 71 64 60 2 32 63 61 91 99 0 20 5 89 0 8 7 11 62 86 26 57 44 7 41 71 35 39 78 51 82 37 78 39 64 71 44 36 5 33 31 14 35 23 65 95 43 35 66 81 10 50 36 11 84 39 47 42 69 91 68 14 20 5 100 93 
36 6 40 53 35 62 5 15 16 39 60 41 88 73 6 59 11 4 100 40 18 2 70 46 69 27 5 22 49 63 88 19 3 29 49 86 71 50 71 6 74 77 78 27 38 38 23 24 9 83 60 14 7 30 74 45 64 18 7 19 95 8 97 32 78 55 45 25 31 2 84 24 52 99 39 63 7 97 36 42 61 71 33 51 10 94 37 90 30 85 72 96 68 21 81 82 46 20 89 18 79 89 96 69 22 26 98 54 40 4 24 92 6 18 21 46 33 28 5 51 86 52 33 82 91 11 73 38 22 35 12 40 63 47 21 97 61 88 3 48 29 64 37 100 16 31 98 14 44 59 
38 83 84 25 37 37 32 45 40 33 14 23 8 17 70 32 63 6 81 96 19 37 17 20 71 89 76 68 72 90 17 88 26 48 1 91 1 65 8 18 51 47 51 59 81 27 43 38 38 34 6 53 46 4 94 12 21 22 0 80 98 94 71 66 45 5 23 75 57 14 41 56 74 31 25 81 63 80 13 75 52 30 68 86 56 99 26 26 35 44 35 19 26 100 95 88 34 64 93 40 80 12 70 38 96 4 73 18 80 8 100 71 50 99 68 15 77 98 30 93 34 0 16 0 7 56 27 32 75 58 52 69 89 2 100 59 11 11 15 51 61 19 87 1 36 54 84 65 86 48 
11 29 11 72 96 52 25 38 53 17 44 25 37 3 67 96 74 58 27 83 8 70 30 92 68 35 92 35 51 37 37 20 28 98 89 61 8 52 44 44 19 94 90 49 39 32 77 98 28 58 34 25 49 63 11 68 52 38 1 98 26 23 39 3 11 58 51 85 38 41 92 61 50 29 9 63 62 82 96 40 84 38 67 25 48 72 22 31 37 4 46 71 35 2 93 66 72 22 3 8 22 99 76 63 84 64 32 98 2 1 73 87 43 15 43 89 60 67 14 25 8 89 20 28 9 57 49 49 2 18 63 93 8 43 72 73 39 82 80 26 62 98 94 22 80 32 65 31 33 31 
61 64 84 23 72 99 100 43 54 42 43 45 84 16 10 56 45 78 76 33 66 45 78 56 10 86 57 90 87 18 60 82 81 48 19 54 9 25 30 54 59 52 62 3 86 100 55 57 6 64 14 63 53 51 50 22 12 70 98 97 17 77 63 93 81 82 20 20 45 59 18 9 41 94 12 49 48 79 55 56 17 42 21 71 87 19 31 49 34 13 10 24 23 20 33 57 54 61 23 65 26 54 88 99 76 60 79 37 58 70 75 1 14 89 44 43 1 55 98 16 95 18 67 35 92 78 95 51 21 74 85 28 84 15 4 65 56 69 77 64 86 51 58 93 93 56 1 38 14 59 
75 69 28 29 27 26 49 45 32 63 39 82 21 37 65 13 31 0 65 51 3 52 31 58 87 2 32 68 2 98 43 99 99 7 55 79 80 41 20 11 31 45 12 8 56 17 26 65 23 30 64 37 85 13 73 63 19 36 11 39 92 0 90 100 57 89 50 25 64 16 59 55 61 65 6 14 63 35 96 86 28 12 72 12 78 13 42 83 42 59 12 50 95 24 38 49 54 54 42 89 6 54 40 95 39 11 95 9 24 65 21 73 67 65 71 12 81 44 18 14 32 33 87 15 80 24 51 59 76 36 2 53 14 86 72 1 31 17 93 23 44 33 47 76 93 70 80 47 48 80 
18 81 35 22 38 48 48 83 0 82 0 88 33 70 72 26 69 1 46 48 15 81 61 55 90 37 75 7 86 48 40 91 75 61 84 69 47 41 47 19 79 70 2 12 11 29 83 53 96 32 26 12 96 13 26 26 82 18 74 25 21 5 57 22 93 15 78 59 65 93 59 10 47 16 63 31 57 69 33 32 81 48 71 2 55 43 99 59 28 89 88 80 34 14 54 4 35 45 99 44 43 7 87 16 8 11 24 88 34 12 93 0 81 55 98 80 53 51 80 59 47 13 74 68 32 66 86 89 28 10 49 56 22 50 53 52 34 10 88 85 73 99 27 5 75 89 82 33 40 70 
33 83 82 42 26 23 83 80 68 72 16 42 44 50 67 100 100 43 44 27 14 38 25 6 4 12 31 48 29 82 31 86 83 95 66 37 69 71 50 11 57 59 42 30 73 76 66 63 66 73 33 77 23 56 84 79 56 65 0 43 89 8 18 100 62 4 20 90 0 18 80 26 67 74 58 68 38 95 98 76 89 79 7 30 23 17 10 75 55 46 52 48 12 59 37 69 43 52 29 35 92 9 100 46 81 70 47 10 76 69 8 89 23 22 7 96 27 20 44 85 45 2 75 89 27 66 90 53 78 94 71 43 13 26 85 24 34 25 80 90 1 61 64 11 72 75 58 9 83 38 
76 99 15 4 92 89 92 38 76 62 85 30 7 54 100 94 72 48 43 77 100 54 81 55 48 73 51 39 14 64 27 45 96 35 6 69 0 41 22 34 67 7 5 54 80 94 35 99 74 87 54 78 49 87 52 31 24 40 58 75 90 24 60 72 80 90 69 44 39 41 32 28 88 20 26 13 20 42 62 4 93 40 1 39 65 56 15 81 27 93 29 59 82 72 35 52 25 57 49 1 14 86 11 46 28 10 59 47 33 46 24 4 60 96 60 56 50 92 23 14 87 4 96 66 33 4 94 44 81 89 96 75 37 51 44 52 3 5 84 68 27 90 94 26 77 60 27 84 15 21 
23 9 89 18 29 95 40 40 83 86 70 86 16 67 67 31 12 100 5 5 75 69 6 54 20 49 76 52 60 98 59 18 88 91 13 19 77 7 77 87 86 85 55 68 2 5 71 5 48 14 68 7 14 30 44 84 52 86 53 43 97 27 20 15 80 66 25 32 53 41 63 82 43 60 28 23 94 99 87 43 72 84 94 84 54 49 24 40 84 47 9 0 91 36 32 8 100 78 84 79 35 42 45 40 19 49 31 22 29 50 13 49 55 13 59 82 59 89 47 85 34 56 93 26 74 57 90 93 64 60 63 1 28 29 41 47 52 60 64 87 42 39 71 2 21 52 43 95 36 52 
45 8 83 9 14 83 84 2 76 51 74 73 70 60 82 71 20 99 95 65 91 83 37 80 40 82 72 67 36 45 63 27 47 54 24 31 9 2 57 8 43 55 5 11 25 30 79 79 97 0 43 84 28 93 81 68 13 87 92 64 25 92 99 74 12 81 33 61 71 1 21 57 37 33 58 35 67 12 71 80 0 73 77 13 28 94 23 3 12 55 30 7 59 74 13 27 93 76 80 78 35 20 90 30 51 22 74 31 36 31 67 94 14 33 21 43 42 61 8 29 23 90 12 18 19 87 14 95 42 71 20 1 24 11 25 9 87 56 94 66 94 93 88 9 55 77 7 14 63 41 
76 18 4 20 94 49 39 82 5 11 9 15 66 26 80 80 39 33 46 54 66 47 76 84 48 98 95 52 99 68 87 70 18 75 74 36 64 70 51 62 6 21 70 73 67 2 38 7 65 73 83 56 57 83 2 35 28 41 87 99 17 63 20 81 82 56 7 62 37 9 45 60 76 37 26 27 45 58 86 94 76 37 40 67 30 25 49 95 17 48 87 28 73 18 95 34 30 54 81 93 32 53 1 62 42 65 80 27 56 48 11 39 66 18 69 39 78 92 62 53 15 89 3 66 99 28 81 71 58 67 2 18 22 32 88 73 45 22 50 79 87 0 17 97 44 58 12 29 21 6 
88 45 56 79 67 73 84 87 60 43 58 21 60 71 42 16 1 10 0 40 19 76 82 4 13 44 10 7 94 93 77 66 47 14 55 92 16 48 24 91 70 87 80 1 83 83 15 63 10 97 32 5 40 92 80 8 63 67 70 29 84 64 21 98 0 30 68 38 98 96 100 93 60 50 61 56 39 56 37 48 29 81 84 9 17 78 77 36 81 62 55 23 48 25 75 28 77 50 26 19 23 21 60 54 31 23 20 98 52 42 0 60 69 2 94 55 3 96 9 30 11 24 5 49 12 81 17 32 76 18 66 30 66 100 14 68 33 72 84 38 68 64 48 23 73 57 54 97 28 47 
50 74 23 57 47 82 55 93 42 65 39 71 52 73 49 62 35 55 98 47 84 70 15 32 27 86 4 27 30 77 33 29 62 15 33 20 30 66 68 30 86 11 85 8 29 63 8 8 67 68 40 5 2 4 64 99 19 6 42 88 69 8 69 60 53 42 22 34 71 55 86 12 58 18 54 32 43 85 46 89 60 76 3 36 51 44 73 81 28 28 90 78 13 24 85 49 92 0 30 98 64 1 34 14 46 31 38 54 95 92 27 21 88 87 46 9 17 56 19 35 78 75 65 24 86 79 8 70 26 54 83 61 35 1 96 3 95 28 25 15 84 18 43 99 9 62 36 71 24 33 
14 55 80 14 30 85 99 93 67 18 38 13 44 88 54 24 100 66 80 16 47 15 62 85 44 3 59 84 14 52 13 100 50 55 73 4 95 19 32 8 21 13 33 47 30 38 31 23 1 40 16 49 94 89 72 83 52 26 11 91 73 45 16 5 85 45 42 98 63 39 70 23 41 80 50 51 51 64 52 71 98 36 96 99 67 93 15 85 24 52 47 29 87 45 65 18 16 69 84 42 57 49 78 41 3 56 39 13 45 24 54 3 68 53 8 69 1 49 36 6 31 37 54 67 85 35 89 7 0 26 71 55 22 69 86 20 62 32 25 52 66 91 54 30 67 57 17 100 21 63 
49 100 65 9 65 86 84 5 90 58 53 2 6 13 9 88 29 66 15 10 17 67 53 6 77 1 53 74 54 26 10 33 80 79 15 42 84 86 80 17 0 17 32 60 41 27 42 15 0 53 97 52 79 56 93 71 58 55 80 51 17 80 4 69 19 20 22 84 63 65 85 13 30 61 94 23 4 94 45 69 17 79 62 82 49 65 32 12 96 96 67 100 36 45 52 64 2 59 25 28 49 83 5 0 18 29 5 44 55 85 82 8 42 96 65 38 7 63 76 46 100 56 53 0 83 92 72 23 98 9 48 75 14 35 33 59 95 15 46 30 50 47 88 88 4 4 70 7 99 55 
48 32 65 78 70 38 82 13 18 55 73 18 68 37 53 4 2 70 55 84 80 33 5 64 7 20 33 68 93 42 52 54 79 100 13 87 43 74 43 14 82 64 45 44 55 100 13 67 18 60 37 5 42 33 71 46 39 48 35 28 90 18 36 3 13 88 57 41 98 52 82 86 68 8 78 16 66 1 23 90 84 44 52 7 15 59 49 21 41 47 31 48 27 66 91 24 7 65 21 2 75 65 20 26 62 37 19 25 41 61 15 91 45 7 19 66 37 20 44 55 76 73 98 89 49 8 51 65 68 0 89 59 57 89 11 35 16 14 91 49 15 91 77 25 29 89 0 52 28 73 
68 30 40 69 47 74 93 65 28 92 79 87 52 12 73 51 75 67 42 22 5 100 11 75 60 6 84 30 17 22 28 6 78 74 10 26 72 61 64 21 100 4 44 12 84 99 100 39 62 0 40 6 66 82 18 91 82 56 48 11 93 65 73 7 73 92 3 60 56 96 83 27 89 4 32 10 19 3 57 47 10 88 34 67 11 97 38 85 17 97 33 16 96 51 71 61 30 100 22 14 18 17 68 9 29 56 41 70 79 41 17 13 29 12 82 28 54 99 9 82 63 63 44 45 90 32 76 38 47 93 22 83 1 69 97 40 73 20 65 68 94 95 90 91 46 69 79 60 30 76 
96 33 67 51 38 56 82 69 34 57 19 21 46 12 92 54 92 64 48 26 11 4 67 84 42 62 33 22 22 100 43 22 14 51 26 31 100 92 60 13 66 48 53 89 83 43 46 19 71 85 71 58 13 32 65 80 90 10 94 98 70 9 0 52 15 77 74 94 56 35 9 61 95 2 25 77 97 38 86 55 3 28 22 100 33 18 86 80 0 100 58 100 11 81 76 82 28 76 81 90 78 40 17 23 29 57 46 21 63 40 0 46 28 61 51 83 82 14 63 82 28 81 95 38 67 41 33 51 29 96 64 34 11 27 78 64 4 19 87 88 52 10 9 64 100 47 30 32 74 77 
100 42 66 0 79 43 15 66 57 80 89 12 39 84 5 81 58 45 15 8 98 90 19 59 31 60 21 23 91 73 15 72 86 97 45 58 60 27 17 35 14 44 75 15 40 87 92 81 24 17 47 37 90 34 58 95 76 10 16 27 77 13 67 3 34 97 79 79 90 93 15 84 55 88 67 29 76 17 8 30 83 86 98 3 34 84 3 73 8 12 94 44 25 5 60 85 34 58 2 15 78 81 45 80 60 32 49 10 69 12 39 63 35 24 65 53 99 85 89 21 42 83 76 51 88 22 45 76 59 21 45 4 36 32 69 20 63 26 1 73 42 25 13 56 48 28 58 44 36 2 
27 39 62 57 24 61 44 38 46 85 44 13 47 72 50 92 75 32 58 44 12 5 57 87 72 28 63 58 9 66 70 65 65 61 65 25 27 79 60 73 53 54 83 45 53 70 45 12 9 28 53 10 65 53 17 8 89 5 43 48 49 47 63 98 93 100 54 27 80 58 10 28 23 81 23 66 79 22 49 78 11 29 41 28 72 62 37 28 45 66 85 100 46 17 11 42 3 93 46 62 93 96 28 11 99 3 71 25 15 70 63 2 78 28 72 18 67 14 16 5 46 32 69 28 90 43 24 42 95 34 55 66 84 78 99 64 23 78 38 87 9 38 27 50 1 80 18 29 83 41 
41 40 19 28 100 79 69 81 11 71 14 85 28 18 0 100 34 35 45 81 74 80 47 5 25 60 14 84 87 20 69 56 20 13 93 26 70 20 58 45 81 52 79 6 45 7 58 16 70 52 71 96 88 72 54 33 99 100 25 51 71 27 79 16 68 45 92 71 31 2 68 82 20 73 34 45 54 96 89 2 8 1 88 72 55 97 20 85 13 100 30 81 19 41 31 99 51 92 82 91 38 17 78 87 57 17 37 48 28 52 95 98 38 40 23 97 11 12 14 17 79 62 79 19 93 1 31 97 88 63 92 59 54 15 21 7 98 57 23 90 67 80 76 66 79 28 25 85 52 76 
64 69 22 85 6 52 5 29 85 91 21 76 56 74 40 34 44 87 75 93 37 17 26 39 71 70 87 12 65 100 7 40 98 10 81 94 60 45 83 69 33 66 53 69 81 16 13 60 18 59 94 73 25 88 19 71 73 66 62 15 43 81 53 8 94 93 73 57 48 13 65 79 15 78 67 9 94 2 54 16 50 12 37 36 6 100 21 36 4 36 25 4 74 95 33 30 95 24 19 33 77 25 59 55 18 1 30 30 1 82 1 7 31 14 66 57 88 27 79 40 23 54 81 11 55 36 12 75 90 5 61 31 41 54 11 17 7 51 19 65 46 39 65 2 82 36 19 21 65 17 
82 80 79 96 59 13 22 53 9 92 8 43 3 59 60 30 27 6 54 75 52 37 48 22 76 85 41 62 21 45 96 92 68 40 93 63 1 56 99 84 42 92 35 71 11 46 97 35 4 87 21 72 5 34 97 6 19 92 65 40 57 37 54 98 68 51 68 27 44 7 47 31 60 51 1 80 34 84 41 32 44 90 45 89 22 59 28 83 31 11 91 29 44 35 11 4 48 31 18 55 84 95 59 70 81 95 61 21 74 37 35 11 50 95 25 26 36 12 100 51 96 42 66 59 93 47 11 61 58 48 83 25 75 70 51 80 36 11 56 14 26 47 57 75 9 88 80 6 35 56 
96 19 6 69 65 21 57 99 73 0 54 58 86 66 98 50 99 68 13 43 88 47 63 87 51 84 24 59 13 25 11 55 6 8 20 30 15 10 40 81 41 18 14 66 5 6 4 76 34 37 21 66 11 6 48 87 88 92 24 10 51 89 66 59 50 72 35 31 28 5 94 36 10 2 68 83 50 37 88 12 5 82 85 34 71 60 23 90 42 33 66 10 6 17 2 27 92 80 80 63 80 58 92 84 46 40 88 6 84 72 70 90 54 8 43 81 25 52 3 24 73 49 51 79 86 20 24 35 23 91 90 53 86 87 75 29 37 1 58 100 14 34 39 11 89 71 76 6 3 20 
64 67 54 78 60 23 45 48 12 91 29 60 45 11 19 63 80 95 41 85 69 3 8 44 28 58 91 34 46 46 45 93 34 87 68 70 42 71 16 0 8 86 91 89 77 95 51 72 35 91 87 48 27 96 56 47 97 1 69 15 2 15 68 34 6 0 8 42 6 17 49 100 51 46 15 56 47 12 44 16 28 6 3 41 53 77 39 86 41 94 97 45 65 59 69 52 79 7 93 12 26 45 81 10 98 7 64 4 78 78 12 50 13 19 5 73 46 87 74 9 57 32 12 74 9 42 13 5 70 11 99 26 28 66 65 70 44 13 66 45 2 86 47 69 36 10 10 44 80 8 
51 28 67 12 19 42 56 57 25 27 19 32 93 36 18 16 48 44 91 53 28 84 45 90 48 30 80 76 95 37 10 3 19 100 95 72 42 76 8 60 88 71 48 76 68 45 2 40 78 30 74 66 13 94 58 47 96 44 71 87 59 38 9 75 65 83 55 51 48 28 79 75 51 17 43 4 36 28 48 99 49 58 93 98 86 18 3 10 45 93 1 61 74 43 91 98 31 8 12 48 19 84 96 78 42 5 46 53 26 27 18 65 14 89 41 64 53 42 53 66 45 73 33 76 72 80 90 36 100 11 34 40 93 96 46 93 58 58 30 95 26 90 18 71 46 81 40 93 91 42 
20 39 95 5 53 0 77 38 61 65 17 82 47 13 16 70 94 76 12 38 86 22 83 30 60 16 28 61 96 81 75 18 37 31 61 62 93 23 23 53 76 14 22 2 39 72 50 52 19 26 72 36 8 80 27 4 88 22 71 99 78 13 39 77 59 87 31 97 22 83 32 24 38 45 96 89 61 100 77 49 10 75 62 64 23 38 6 79 22 87 95 70 84 80 52 83 28 23 38 94 99 10 10 86 94 40 30 51 44 60 0 2 42 28 66 3 50 19 70 64 71 62 98 34 74 16 81 6 2 57 72 61 16 31 83 80 10 16 33 34 24 7 77 55 11 3 96 96 23 61 
82 87 91 7 100 73 12 12 57 33 98 40 19 25 85 87 68 14 62 12 92 75 12 21 70 61 17 19 67 67 17 7 8 93 69 86 99 69 68 6 57 72 13 50 70 67 60 7 22 71 63 8 65 65 72 70 1 24 44 39 63 78 10 55 59 30 42 92 31 32 4 5 76 99 94 8 26 15 12 38 93 42 50 92 82 94 12 78 63 85 84 66 39 29 65 26 16 1 100 94 93 77 80 91 84 31 3 82 7 86 24 98 10 75 41 42 61 29 73 0 71 22 40 43 24 63 23 59 89 7 2 5 38 49 75 97 5 68 41 91 80 13 60 77 16 26 73 82 22 31 
32 55 78 71 12 99 3 39 86 45 4 52 47 36 26 9 7 24 14 73 98 93 40 98 79 39 40 84 87 51 85 13 32 68 77 89 58 17 29 33 73 41 38 37 78 79 32 15 57 24 99 73 4 10 40 30 25 12 88 38 50 38 84 39 56 30 32 23 11 41 44 42 60 99 58 89 97 87 59 62 40 44 52 10 3 43 10 28 44 56 16 22 80 94 19 84 47 10 6 2 60 9 68 7 32 65 55 16 55 24 47 61 31 38 2 78 36 45 34 31 9 85 77 87 3 19 22 17 44 32 35 31 96 19 23 56 6 68 74 19 75 92 31 36 85 16 67 100 98 6 
30 48 11 44 22 40 58 27 17 36 58 44 80 88 32 56 13 21 94 30 85 74 75 14 96 82 90 89 7 82 77 4 33 70 88 80 70 19 75 83 19 57 78 34 18 13 32 28 19 27 34 60 95 1 26 19 18 46 34 93 32 34 46 68 39 71 51 71 41 24 77 83 57 58 67 34 66 42 29 73 78 78 10 99 81 16 24 13 15 2 29 64 90 45 88 74 85 67 96 17 67 59 9 54 31 46 12 66 4 90 47 21 99 69 65 16 51 24 92 64 33 57 48 37 8 89 6 8 53 85 24 91 34 84 86 100 72 87 55 26 90 35 97 78 91 0 60 14 31 16 
77 76 86 59 98 60 97 15 67 2 29 42 62 25 61 15 73 76 21 41 42 18 24 68 18 67 94 93 47 19 27 14 46 11 54 0 84 60 12 72 3 54 60 37 27 52 3 82 44 24 56 47 2 29 12 79 61 99 49 38 46 9 76 68 54 76 42 91 47 78 63 2 0 90 70 68 13 76 39 19 85 71 62 81 8 8 59 11 17 54 15 36 15 17 86 22 80 55 13 12 29 70 63 91 43 76 14 35 35 55 69 27 65 7 38 70 11 7 52 30 92 49 32 13 19 28 21 97 39 39 40 96 67 36 36 93 50 95 47 55 86 40 27 40 40 91 0 43 96 50 
66 99 39 36 42 51 68 6 17 82 32 99 70 67 3 75 4 93 6 88 24 99 16 66 87 82 19 48 37 83 43 44 12 86 16 97 49 82 59 23 20 74 2 67 67 71 74 18 39 11 88 82 11 73 4 12 35 75 50 33 40 94 54 85 26 59 75 14 25 14 3 26 16 2 19 59 36 61 13 9 63 38 63 29 45 15 99 71 54 74 30 2 69 42 71 59 13 95 31 32 38 81 10 33 72 60 18 73 78 88 24 50 25 32 41 50 4 80 98 6 50 47 80 50 12 27 69 75 100 28 45 33 59 60 45 85 26 100 86 46 30 8 52 40 93 68 9 53 49 12 
76 25 41 64 44 11 89 8 85 81 80 18 0 93 77 96 13 56 16 49 12 2 8 90 17 77 92 59 22 24 45 77 4 57 59 64 87 35 61 6 55 74 12 75 97 38 13 77 93 1 89 78 71 55 70 48 27 100 60 81 54 9 66 36 73 94 62 14 42 36 89 96 16 43 65 51 23 87 28 5 12 61 84 88 50 39 78 42 37 92 39 16 0 49 2 24 89 88 85 87 4 39 45 48 31 3 100 23 97 41 47 16 20 69 93 23 93 74 6 1 39 58 92 95 46 100 46 2 36 74 75 7 74 20 43 9 45 78 57 5 69 9 7 30 39 32 39 38 38 63 
12 62 89 74 80 71 49 95 42 73 53 91 67 38 18 39 33 14 20 52 99 32 27 1 86 90 16 0 83 95 94 96 60 54 5 45 15 73 12 80 1 4 13 98 1 1 79 80 65 18 63 65 36 10 72 34 96 12 40 47 2 15 67 50 23 51 60 38 22 44 88 90 22 62 18 83 66 29 93 33 8 62 83 60 87 14 11 29 37 73 60 9 61 82 14 82 35 50 37 22 72 16 32 60 69 43 44 10 15 33 44 35 27 29 58 23 55 14 69 77 22 87 57 52 49 4 37 82 7 41 17 57 70 78 83 86 75 35 94 63 40 7 16 28 24 94 46 44 35 26 
4 61 14 12 97 42 62 57 12 46 60 63 63 79 13 52 18 34 75 55 76 67 57 6 24 72 56 0 1 18 70 97 15 37 69 20 59 44 69 68 53 95 5 57 98 36 47 89 54 91 87 47 11 15 15 84 11 97 77 70 52 59 95 84 29 19 10 93 33 2 25 60 77 87 42 77 81 59 5 54 58 60 2 36 81 50 62 87 44 26 3 60 32 41 29 42 80 81 67 15 60 89 36 0 57 56 56 77 1 88 74 0 85 22 66 73 64 75 79 16 13 54 4 69 23 67 49 27 71 69 83 30 82 75 46 25 75 29 54 52 73 34 91 64 72 27 48 50 23 5 
98 64 90 83 96 81 79 0 79 23 90 17 82 80 13 1 16 90 87 95 95 96 77 13 97 70 75 62 56 40 100 53 82 79 65 54 89 42 68 79 1 76 100 74 19 49 23 37 62 77 20 4 39 2 6 55 57 33 11 65 1 57 11 91 78 74 73 43 21 9 47 32 99 0 70 11 54 45 25 76 82 84 49 31 99 11 60 47 68 97 36 47 82 10 88 25 42 42 51 25 24 93 42 18 1 6 75 51 67 40 100 9 31 42 9 95 2 26 32 92 41 55 97 91 19 72 0 82 82 26 91 88 85 44 40 10 90 78 60 87 59 52 9 29 93 48 58 17 28 25 
21 56 60 3 93 84 98 36 43 76 54 23 26 26 12 98 57 7 24 45 74 95 24 42 27 50 11 89 51 22 100 35 12 87 65 55 43 48 84 17 45 3 56 98 84 18 81 26 22 39 45 9 75 11 13 13 13 30 3 85 54 60 51 88 36 88 26 23 13 100 40 11 17 35 26 14 25 31 90 30 54 70 65 82 81 0 68 5 30 82 0 37 88 70 77 40 9 44 38 60 90 11 44 96 57 51 56 55 17 39 54 29 20 6 6 37 96 24 81 66 8 76 50 58 77 84 77 1 49 41 99 22 94 22 64 50 80 9 4 88 20 11 10 28 48 30 78 69 71 54 
64 56 13 85 93 54 68 75 51 2 17 29 28 1 12 96 40 99 47 83 37 73 28 70 1 3 100 83 22 67 14 77 69 69 18 10 48 79 8 73 93 45 70 22 95 86 30 69 99 36 46 0 26 65 67 84 25 4 33 91 74 55 60 92 65 15 91 95 50 18 72 29 28 7 29 93 7 50 3 94 96 8 62 62 48 55 58 80 27 96 35 51 23 23 98 15 1 76 79 66 86 10 24 15 48 90 32 8 65 85 23 5 80 57 98 73 71 45 27 19 6 59 35 9 62 10 91 49 38 11 9 10 58 41 95 33 49 17 9 2 70 71 76 35 38 86 12 67 94 2 
33 80 98 9 31 85 84 0 75 12 35 0 86 65 56 67 2 70 90 78 96 48 16 65 72 51 79 47 57 29 78 66 6 14 88 68 52 35 57 65 82 49 51 5 33 71 71 85 83 49 30 2 35 42 64 46 82 94 92 33 88 87 17 75 35 45 63 75 85 26 47 87 34 88 82 67 62 52 24 35 68 75 43 69 74 15 62 62 72 49 64 63 66 18 85 67 42 57 40 45 77 51 28 58 0 77 1 18 68 59 41 84 64 84 43 38 88 99 0 21 41 49 98 9 73 28 22 5 20 13 80 34 28 12 1 80 24 50 59 79 82 38 71 20 60 57 56 74 3 81 
34 17 25 86 44 51 7 88 41 6 75 82 6 64 16 32 44 27 64 63 74 7 35 29 46 85 5 2 73 49 56 21 78 2 71 49 22 55 6 90 55 7 25 60 39 63 6 65 78 99 87 68 94 86 77 95 72 34 46 19 34 67 60 3 45 46 23 38 95 74 53 16 99 93 77 62 46 63 80 75 96 33 37 100 26 30 54 40 55 69 44 45 67 9 68 96 30 68 47 19 76 90 0 37 30 2 7 90 32 5 37 11 83 62 92 49 80 24 58 93 17 81 97 46 1 13 77 69 93 7 89 70 3 26 13 83 75 82 54 13 8 10 37 39 31 97 10 1 24 70 
18 63 66 12 15 73 18 86 54 54 52 100 47 31 7 46 48 1 46 37 7 73 95 51 94 91 56 82 38 42 17 98 99 80 69 62 75 73 44 35 63 5 90 56 8 86 63 40 92 37 33 76 78 74 37 41 99 70 7 57 57 85 57 56 7 73 97 42 22 45 25 82 77 50 19 92 15 66 80 41 4 59 89 65 16 94 77 87 76 82 23 59 98 54 16 74 35 88 15 40 34 83 32 88 59 98 97 13 90 94 1 86 24 3 28 13 40 19 20 49 52 53 15 81 24 31 60 20 63 6 4 20 67 28 53 73 5 64 71 55 11 9 19 22 64 59 19 82 95 64 
16 51 11 43 58 10 82 25 45 66 33 74 5 87 25 41 1 44 81 78 39 13 53 48 60 79 31 41 12 42 12 74 16 53 33 33 97 78 30 17 6 68 1 29 4 26 44 44 86 77 10 73 61 13 82 41 34 3 100 2 60 86 27 17 5 24 29 66 53 44 19 67 78 57 74 94 38 74 44 68 75 83 77 93 34 35 36 38 22 92 74 3 32 0 90 20 32 67 9 92 62 95 95 42 73 52 0 29 16 45 63 82 24 77 13 91 50 64 62 89 80 6 25 78 44 10 1 15 93 54 38 8 6 43 59 56 20 56 75 51 75 21 10 96 25 33 74 12 27 14 
19 12 89 8 8 27 81 69 83 24 20 43 3 24 31 31 73 9 10 7 49 60 91 10 1 67 20 69 100 45 67 26 21 62 82 7 65 29 12 11 64 62 26 97 3 6 67 67 2 63 20 33 9 87 85 7 15 39 81 47 84 54 10 46 23 48 80 1 40 35 75 53 92 77 88 74 17 100 85 3 77 95 69 97 57 40 64 5 56 68 1 36 45 12 12 17 59 59 28 0 43 42 19 62 8 23 7 73 74 7 80 54 48 28 12 49 71 4 87 2 89 65 40 36 79 46 7 41 6 16 67 9 31 52 11 91 66 99 75 23 26 64 84 27 28 6 25 68 94 20 
97 86 65 99 54 47 6 5 82 3 28 86 16 7 47 10 35 34 7 12 20 34 76 25 41 26 17 91 25 80 37 69 22 90 52 22 91 39 21 94 15 4 22 98 62 85 5 70 97 46 63 91 16 48 3 79 67 82 35 30 2 2 56 73 56 41 17 68 27 51 23 0 49 2 79 97 95 25 4 99 3 56 83 83 24 63 76 54 77 95 21 37 6 41 99 25 26 98 81 83 64 42 77 78 22 64 56 31 11 61 99 78 40 98 14 80 98 89 16 28 90 30 39 82 19 3 44 56 27 71 23 24 83 87 68 49 17 69 33 51 14 7 5 59 76 58 1 34 90 81 
58 11 28 53 20 49 46 31 72 87 20 56 86 52 39 89 53 32 91 28 45 100 58 80 9 27 22 18 40 37 47 5 20 95 87 80 77 29 64 80 88 58 70 35 80 83 90 33 38 39 44 53 5 30 63 43 92 68 54 68 31 87 66 44 37 9 1 18 99 96 34 90 87 35 3 57 79 25 97 41 29 89 39 59 89 31 87 91 42 99 33 82 5 22 71 7 66 19 5 81 18 66 27 75 85 46 63 34 71 24 77 42 100 58 11 5 43 60 52 69 38 93 8 25 60 8 61 33 80 51 62 4 29 13 20 89 65 27 38 56 58 45 19 29 94 22 53 63 88 94 
79 100 84 60 77 32 38 10 89 18 34 73 39 53 4 69 45 39 6 67 100 77 6 0 29 89 76 17 37 35 75 92 71 12 87 36 68 54 79 99 52 64 39 46 80 21 7 92 33 31 91 68 62 34 52 18 59 78 10 80 62 6 27 39 66 86 45 95 39 22 44 62 59 61 42 76 13 75 59 33 48 24 92 52 92 49 82 8 64 0 28 31 58 46 58 73 22 52 68 95 42 74 53 45 97 3 97 76 36 85 85 48 16 93 57 99 44 98 82 41 46 8 34 4 29 3 98 97 42 84 20 59 18 65 2 7 38 89 4 54 16 47 62 91 39 10 4 35 32 6 
8 88 75 29 68 3 93 77 38 34 97 33 15 36 51 28 50 38 60 97 30 90 90 44 65 79 59 56 31 71 82 83 15 80 22 58 11 67 46 38 73 69 53 55 15 92 64 24 31 78 45 80 27 69 54 13 49 40 86 48 79 85 2 82 2 74 62 80 30 94 69 17 34 64 61 44 84 79 62 60 72 25 95 77 45 62 60 49 31 89 52 57 33 43 26 97 14 23 83 42 97 60 93 22 36 5 13 15 13 46 90 24 88 82 94 58 87 86 41 99 98 24 37 87 23 32 5 71 3 29 41 70 10 11 12 93 38 19 69 76 29 33 53 27 72 11 46 9 39 80 
74 46 41 60 70 10 48 69 31 55 67 86 79 27 36 8 13 54 52 7 88 1 82 59 32 39 82 53 77 9 14 17 98 3 60 97 38 33 69 51 92 37 13 99 30 9 11 78 76 83 86 52 4 96 72 11 94 97 15 66 47 24 26 45 37 73 37 38 94 59 8 2 30 74 55 29 47 59 81 36 81 45 19 88 96 2 34 83 58 7 68 48 0 84 83 29 36 21 62 34 82 47 26 38 50 11 41 16 80 99 13 58 24 6 15 44 92 16 80 53 67 99 59 54 95 58 45 98 39 87 22 60 45 32 23 38 25 15 82 25 22 96 93 78 75 23 0 87 7 73 
84 75 83 72 69 68 90 51 69 58 31 57 54 53 0 30 99 52 68 68 95 57 97 43 43 28 36 9 82 81 87 71 17 78 35 33 89 92 19 7 41 81 37 20 52 63 76 67 93 34 90 9 10 73 80 89 22 51 30 99 70 19 42 96 50 64 76 12 88 18 92 12 49 91 79 62 89 33 57 85 5 41 6 53 11 22 68 31 57 85 19 1 17 93 100 17 83 49 35 53 30 0 1 55 46 2 31 86 9 4 63 10 77 78 94 81 98 74 76 20 87 68 68 92 94 56 7 61 83 19 61 87 0 88 5 10 13 92 40 67 26 58 20 62 25 68 66 70 67 95 
44 54 7 50 23 39 86 10 26 89 56 72 77 18 68 91 20 14 79 50 45 58 86 34 71 88 53 78 99 17 4 27 49 19 36 63 45 9 1 17 16 42 72 80 36 47 55 65 64 97 25 19 77 15 81 82 31 55 48 9 62 70 29 77 45 89 13 47 69 38 47 67 40 11 22 23 24 69 54 19 99 29 34 45 60 75 92 0 29 20 96 22 42 28 71 33 32 14 30 0 96 27 98 87 70 46 86 13 98 35 42 72 40 36 17 56 80 7 71 58 25 78 66 89 61 68 1 69 28 5 63 58 3 7 21 21 36 50 60 19 85 29 96 54 43 4 96 99 6 88 
87 70 42 3 91 6 31 47 52 42 40 96 33 11 66 78 80 64 30 34 18 32 33 80 4 70 54 54 97 85 45 91 0 15 45 27 33 55 16 18 47 10 63 11 21 90 41 44 65 87 22 9 45 23 70 82 97 56 58 63 73 19 99 66 54 80 35 73 58 16 66 94 98 20 94 63 32 23 28 95 47 59 70 58 63 55 99 77 57 64 46 54 72 27 26 16 54 17 51 93 63 18 20 20 49 47 83 75 99 21 38 2 26 41 47 69 52 57 86 8 65 91 11 45 75 16 3 100 47 67 26 3 50 53 81 72 31 89 16 15 91 64 31 97 79 37 60 99 56 15 
64 20 18 44 89 69 6 17 86 89 88 78 88 99 88 13 91 9 22 65 80 58 31 97 69 43 41 86 85 40 8 53 5 64 9 69 70 44 24 51 13 5 41 92 19 81 19 56 21 24 100 47 22 12 5 65 11 37 50 26 15 61 48 64 29 94 48 21 89 0 33 31 70 80 90 51 5 74 65 65 3 51 54 47 36 50 28 0 66 34 85 74 10 72 59 73 45 23 59 0 69 21 16 78 4 53 6 87 9 94 13 83 86 66 51 90 60 21 79 17 20 24 69 48 30 22 37 28 83 69 72 22 78 93 20 35 67 53 92 76 39 89 36 87 6 62 38 94 69 31 
45 55 33 21 20 20 40 10 31 71 5 40 79 83 63 61 95 24 82 32 73 11 58 74 94 43 16 69 80 84 17 11 65 66 75 63 4 45 7 67 25 42 14 37 18 50 71 74 62 60 33 14 81 83 73 45 100 43 42 59 52 13 8 13 97 82 2 84 44 77 42 66 93 19 24 37 12 44 62 91 36 87 42 51 34 22 37 86 75 35 34 23 4 84 22 87 34 62 80 68 89 57 24 49 19 95 17 46 29 14 64 66 53 27 15 23 2 92 92 80 57 18 58 66 48 49 98 12 72 39 95 10 97 7 13 27 98 59 83 65 79 52 100 15 34 35 21 43 8 67 
47 17 34 98 92 43 34 55 98 77 5 28 69 23 25 59 9 23 85 81 6 11 86 43 0 51 64 98 32 37 6 62 68 86 24 4 36 59 59 84 80 11 90 72 24 68 61 63 69 41 22 29 1 14 62 100 36 16 68 54 43 100 24 42 38 50 43 91 83 13 48 49 13 72 36 39 19 77 58 37 94 31 88 82 67 89 68 5 87 70 81 42 89 6 62 40 88 22 74 41 87 38 44 27 2 2 25 83 49 50 81 2 78 15 100 37 23 11 83 30 75 98 77 84 45 4 10 61 15 74 97 55 2 54 61 67 78 20 21 21 67 27 94 34 9 50 99 12 63 97 
23 32 33 71 2 99 58 96 56 67 25 28 60 77 70 43 49 58 81 93 51 91 82 9 63 77 49 67 100 64 87 31 3 58 82 14 44 72 76 87 43 85 22 48 93 46 38 59 45 67 11 17 43 81 47 68 65 57 23 47 36 35 35 34 9 55 42 40 13 33 27 92 6 60 30 26 69 31 88 0 46 44 7 21 13 65 85 8 10 5 63 10 43 78 34 96 36 73 25 68 79 91 82 63 46 60 46 47 90 21 45 15 18 31 86 89 46 89 70 51 43 87 89 34 87 10 11 79 41 4 62 27 97 93 65 66 61 84 83 58 18 46 96 55 37 64 16 73 52 23 
43 43 41 34 84 20 39 21 32 95 73 42 61 28 24 23 99 64 49 9 98 62 53 93 51 29 64 5 17 86 93 79 23 45 12 54 18 47 54 98 2 10 6 35 56 80 0 26 6 100 57 47 49 84 39 95 20 33 28 46 97 15 46 44 73 86 74 37 14 23 79 76 24 51 89 37 36 90 3 30 7 16 82 51 85 3 5 94 84 55 13 62 88 69 12 36 31 57 55 8 7 2 66 22 21 97 78 100 50 99 44 33 70 16 34 21 5 8 2 13 52 70 89 17 15 55 34 65 90 88 66 63 2 15 94 56 13 32 42 72 68 100 26 43 20 11 81 26 91 65 
58 20 83 62 46 63 2 19 94 32 42 29 53 26 70 99 90 96 77 69 27 27 85 100 26 12 26 20 50 51 63 43 60 47 53 15 75 30 54 70 3 57 2 4 58 18 25 6 27 21 7 61 52 99 89 16 29 41 32 42 94 4 53 70 69 10 46 20 58 85 22 11 40 19 51 38 25 75 85 41 83 59 79 63 89 91 39 18 54 85 38 53 100 76 86 49 46 53 4 92 86 0 11 37 58 38 62 79 6 11 19 93 26 4 46 50 63 17 7 33 20 81 77 86 62 61 9 100 30 95 21 16 43 98 21 54 7 96 46 42 88 74 4 93 55 90 83 68 44 77 
100 24 22 40 4 97 70 79 54 92 67 46 17 51 36 100 15 63 34 55 12 39 79 78 61 55 37 51 36 6 99 33 27 52 54 0 74 59 64 41 38 26 16 62 22 29 73 49 2 43 78 58 3 19 38 88 9 39 92 63 51 46 94 20 25 39 39 30 71 87 12 66 77 1 81 31 51 93 76 17 77 7 60 96 92 90 7 69 19 12 14 1 41 9 62 53 4 20 23 20 17 59 46 59 90 91 67 86 46 38 10 48 63 74 20 37 67 36 97 66 4 78 72 79 19 26 20 43 36 19 77 97 69 21 97 92 23 72 53 22 100 74 17 60 22 69 52 74 19 47 
59 93 19 5 11 41 100 97 23 37 24 63 30 68 76 3 96 60 4 25 47 86 44 80 36 70 41 77 46 9 34 70 10 29 5 37 31 88 27 36 28 69 5 60 68 33 23 84 63 23 83 80 92 67 49 87 66 17 20 62 96 15 6 82 70 39 9 59 79 48 100 21 81 77 35 24 76 77 10 42 33 63 33 49 89 41 41 14 74 95 41 64 35 11 20 19 94 47 53 24 81 88 55 24 99 12 70 69 48 52 59 65 33 42 65 100 65 17 87 81 81 8 13 71 32 80 53 54 61 94 16 18 85 42 84 6 15 94 99 9 41 73 8 4 2 72 63 43 71 21 
66 62 8 69 70 95 57 64 49 69 0 91 23 48 14 57 40 18 75 100 14 95 82 38 10 86 26 69 74 77 18 29 66 46 73 88 51 92 39 13 25 84 80 51 5 64 52 88 98 21 45 55 38 75 56 74 63 55 24 32 5 61 95 9 68 77 21 16 41 45 93 82 79 71 34 53 89 23 72 93 10 35 73 48 75 39 69 81 65 4 3 94 35 50 44 23 83 39 37 54 83 71 15 80 64 75 19 55 52 27 7 94 62 50 84 17 48 57 32 64 65 88 25 97 42 33 38 28 74 12 22 1 21 57 51 62 60 21 69 81 28 47 84 69 61 29 86 73 12 56 
79 73 30 29 10 40 66 48 60 83 28 86 99 90 70 9 45 41 86 3 25 74 39 19 76 44 68 96 96 22 37 50 59 77 62 11 2 36 78 44 100 21 54 84 30 71 60 79 4 61 13 82 70 30 45 39 57 1 55 95 16 10 80 69 60 80 27 88 4 5 78 3 37 61 73 97 39 97 40 80 86 36 85 85 30 48 62 0 11 92 90 59 30 31 71 3 84 72 92 47 54 77 35 17 43 84 86 6 5 67 10 50 83 22 48 60 15 62 22 3 78 11 27 87 75 34 16 73 10 22 33 84 43 29 70 30 35 43 42 81 72 38 83 50 94 19 48 97 18 95 
53 46 94 100 39 93 75 36 66 25 12 93 2 92 92 18 19 15 79 3 50 60 23 35 25 3 14 88 87 46 38 1 73 78 74 52 8 23 28 79 34 100 65 82 37 93 30 30 11 58 82 14 33 78 29 76 91 80 15 51 28 28 16 7 85 37 35 6 66 38 37 26 89 79 62 39 65 9 85 97 93 4 41 95 50 3 8 7 65 45 82 72 33 16 22 92 18 25 61 83 38 47 19 10 49 66 72 30 37 4 74 1 63 62 98 82 44 49 18 26 32 29 31 20 44 64 49 54 100 67 94 2 27 52 47 20 55 97 51 84 67 83 95 35 40 100 86 42 15 33 
33 97 39 68 66 66 54 79 20 0 15 98 99 10 61 45 69 36 3 72 79 55 50 16 23 78 66 47 75 22 82 40 18 68 100 78 14 9 67 78 69 7 51 75 31 85 90 71 38 86 29 62 44 37 22 57 74 41 86 71 11 89 85 44 54 8 68 64 23 70 8 27 61 17 70 0 2 37 39 52 85 60 48 40 53 11 31 48 49 75 85 50 25 21 15 54 78 95 38 18 3 64 75 72 85 80 58 22 47 97 21 84 80 92 38 9 12 100 10 12 54 10 25 57 77 94 9 93 62 74 15 86 19 100 96 61 82 9 36 8 94 0 7 17 96 30 67 20 59 57 
34 39 59 13 5 7 9 78 86 2 18 46 2 56 30 56 68 97 39 5 59 15 48 95 17 36 47 13 12 50 89 0 19 23 35 9 83 95 97 18 18 92 82 96 2 45 56 47 3 72 9 99 98 100 36 42 29 96 90 17 91 90 50 43 13 60 96 38 2 38 18 6 68 72 95 0 68 17 87 33 81 20 90 91 16 24 19 26 62 26 29 88 54 50 99 74 63 48 49 79 62 73 10 72 10 98 79 91 9 27 49 88 4 21 26 91 45 68 40 10 22 12 35 60 84 48 95 75 39 43 88 65 79 49 71 77 91 76 38 31 17 67 36 4 52 58 34 29 83 13 
79 84 67 100 91 55 46 76 30 81 69 39 37 53 8 90 29 31 42 74 61 38 4 79 63 29 66 69 84 89 33 48 31 53 57 34 49 59 77 15 87 23 9 66 34 29 7 70 63 7 92 15 88 67 23 5 83 8 35 48 59 97 89 27 28 17 94 63 40 69 19 19 23 50 76 55 5 41 62 60 12 68 11 43 26 87 0 81 94 58 29 90 6 96 24 10 92 46 91 91 41 38 81 71 95 55 81 9 60 92 51 49 37 55 50 43 79 48 75 87 81 14 30 51 9 90 73 42 43 84 11 32 70 38 2 60 4 84 73 56 35 87 41 22 19 43 0 16 77 3 
2 10 23 27 80 56 25 81 0 67 76 74 23 10 96 10 38 23 96 35 12 88 12 24 87 24 32 24 48 24 37 6 99 76 0 80 20 32 98 48 38 90 66 35 15 33 93 100 84 38 28 89 58 11 64 43 29 73 21 40 59 16 15 53 48 7 86 83 77 46 70 38 7 3 64 69 22 30 9 52 21 12 23 66 44 86 24 99 52 54 6 25 8 23 13 91 86 27 69 41 75 98 99 86 94 89 64 43 21 40 28 98 38 98 60 15 49 29 87 95 0 48 14 81 31 19 26 46 98 44 77 5 90 99 50 4 93 29 69 27 85 54 30 5 57 1 13 99 85 76 
37 83 90 58 28 9 85 78 24 7 53 8 97 0 19 36 87 46 61 50 32 14 37 100 77 8 95 81 74 49 53 28 0 76 29 1 36 26 33 11 88 53 27 34 79 9 45 10 98 100 57 60 86 89 13 41 96 49 85 50 77 3 37 32 70 100 55 24 39 23 64 82 0 51 14 68 39 86 1 29 29 27 80 19 1 28 44 80 37 57 72 68 84 40 81 24 98 9 75 49 66 13 55 85 0 37 94 41 51 0 32 97 22 78 71 33 26 36 80 83 98 78 85 10 78 16 78 86 89 72 96 67 93 79 78 41 54 56 46 23 7 82 90 12 75 28 58 39 6 49 
41 46 45 22 10 53 100 23 47 63 81 95 77 36 65 36 69 68 95 99 65 36 31 67 3 85 32 67 64 9 58 43 51 95 53 67 18 38 8 14 76 80 96 84 21 99 62 41 26 90 13 100 18 38 11 3 82 60 57 93 65 79 32 9 24 82 25 50 94 16 81 91 20 85 14 3 87 49 47 42 63 27 70 71 43 68 3 42 75 31 57 98 85 66 48 95 14 72 83 57 96 91 99 3 66 11 18 88 43 4 20 78 58 31 31 100 95 17 86 36 13 28 52 39 75 12 11 62 55 95 60 10 65 11 85 96 37 25 54 21 78 53 24 33 13 65 45 90 76 48 
55 92 44 37 39 36 33 24 81 39 85 86 12 23 20 74 69 84 17 87 99 100 97 81 64 29 66 80 86 74 31 33 89 71 13 4 54 87 18 95 50 4 92 84 95 79 38 66 15 96 29 48 70 30 64 66 28 33 94 46 95 53 37 12 38 8 58 57 22 32 43 6 47 70 67 69 94 28 6 28 78 75 65 59 76 2 42 54 25 36 48 48 8 31 7 92 10 64 47 89 71 58 76 29 66 71 18 16 6 78 29 20 97 35 41 90 22 72 27 30 5 85 19 9 13 35 72 81 38 52 51 39 97 17 87 98 50 76 0 28 11 17 11 1 54 48 61 93 78 84 
7 17 86 90 32 64 62 72 74 26 60 93 79 16 10 71 66 18 94 70 88 27 74 88 11 61 55 90 59 30 56 41 51 2 79 78 94 78 17 57 50 22 58 60 58 88 50 96 12 32 87 82 80 93 5 7 41 72 92 69 54 81 97 21 88 14 92 83 55 48 39 74 82 72 55 93 71 69 33 2 54 60 21 60 86 59 76 38 81 90 55 11 32 34 7 29 71 37 76 58 37 86 49 46 5 14 85 46 99 100 33 97 14 29 68 86 85 86 71 84 43 33 62 13 66 99 64 0 97 76 7 71 90 74 34 49 77 71 41 13 51 21 82 97 12 4 67 7 28 63 
96 63 60 58 8 12 22 42 27 26 87 87 11 0 2 31 79 8 53 81 13 71 50 66 76 65 29 28 84 77 51 52 38 19 74 78 93 86 73 15 51 23 0 25 29 93 20 57 63 41 17 39 53 19 0 70 24 55 80 63 45 9 69 92 5 78 74 95 12 47 40 92 62 59 47 90 57 86 40 71 64 64 84 58 90 10 45 5 90 20 23 31 51 60 92 56 90 46 64 99 65 49 16 58 72 63 60 90 74 53 3 51 74 98 43 89 8 10 89 38 88 28 68 14 79 13 5 64 33 35 10 75 82 74 68 27 65 91 89 3 84 36 36 6 88 3 41 70 54 19 
49 36 88 44 67 13 48 40 6 25 49 32 98 19 36 86 41 74 22 81 1 11 98 38 49 63 14 20 33 51 98 53 20 75 54 76 67 66 95 82 60 27 66 23 33 96 34 94 65 69 47 99 41 69 10 67 43 56 70 16 10 70 25 2 84 44 57 19 77 35 42 80 98 19 27 49 68 84 64 80 15 37 54 96 33 85 14 10 73 27 29 7 5 4 37 61 41 15 19 62 55 10 42 95 0 20 98 86 8 9 16 97 63 81 88 68 37 89 27 91 72 70 21 83 58 62 35 0 26 76 50 6 54 82 82 34 72 50 60 72 99 94 3 14 87 99 82 8 78 37 
71 19 82 78 75 30 67 94 21 55 50 55 1 97 66 88 98 22 96 34 77 26 27 3 73 45 51 34 86 4 85 41 85 94 57 67 71 73 59 28 74 34 7 66 70 22 43 50 34 13 21 67 19 94 35 95 71 23 34 32 76 72 82 74 62 27 78 87 77 59 55 78 75 46 57 97 31 43 47 73 97 31 93 18 84 95 81 80 82 87 28 50 99 13 93 31 44 14 16 79 66 4 56 62 55 9 57 57 16 89 70 66 62 31 60 36 74 82 83 23 92 30 44 3 10 3 33 68 76 74 94 91 70 16 44 9 8 27 18 20 98 38 45 20 1 4 99 30 35 91 
77 89 90 51 71 2 7 45 42 31 37 26 54 45 58 88 98 63 15 14 38 36 88 14 8 7 36 44 10 29 82 53 62 0 73 52 2 80 59 55 72 7 1 67 72 55 26 88 5 54 10 9 41 68 25 88 27 17 48 100 52 8 69 44 85 4 53 77 46 85 51 49 92 43 25 59 51 32 6 10 21 44 14 45 13 90 3 14 24 66 61 89 55 16 51 57 30 27 80 94 60 75 7 32 29 56 36 9 48 58 56 68 84 88 48 63 81 27 93 1 87 42 21 40 40 11 16 42 81 36 88 2 9 5 71 41 100 9 44 56 58 82 58 26 64 88 73 18 34 100 
59 49 21 21 65 52 88 44 19 42 39 10 98 62 54 28 76 54 58 83 91 77 47 82 73 6 47 57 99 96 60 73 77 87 55 32 94 69 46 3 61 6 0 58 86 98 91 63 68 0 12 60 24 39 63 81 70 49 13 16 28 32 58 5 52 64 73 11 67 83 49 82 50 98 44 37 27 39 51 48 94 91 36 89 12 56 25 2 81 20 66 89 62 38 84 61 61 38 91 61 88 73 23 69 56 91 17 80 53 55 1 9 3 27 30 59 88 41 28 55 51 63 28 71 67 58 22 41 33 95 42 66 13 9 66 46 92 96 68 68 96 75 71 52 84 27 6 83 65 42 
57 1 14 41 17 55 69 64 64 87 71 83 22 56 27 92 46 89 86 96 51 15 32 38 21 21 11 89 32 56 100 31 95 25 18 0 20 37 2 88 22 96 0 69 25 85 31 19 77 70 6 79 84 33 33 68 70 49 60 93 91 66 65 22 95 28 83 7 48 48 19 97 38 32 44 73 10 42 75 7 37 82 83 0 15 31 15 6 34 47 19 99 19 83 15 33 20 89 27 73 14 53 21 97 22 65 13 42 81 75 46 32 12 81 82 88 18 63 39 12 91 83 17 46 91 19 63 69 81 28 2 94 64 43 17 93 23 66 56 78 17 36 29 32 93 74 73 33 1 25 
58 18 65 37 85 2 96 73 79 44 5 53 9 46 27 18 46 41 36 45 26 37 18 17 57 96 36 61 3 2 47 73 78 13 38 36 85 50 28 40 100 58 50 27 62 65 38 28 96 93 50 45 61 20 62 95 63 59 15 51 5 0 8 94 33 4 3 6 16 35 27 86 68 82 75 53 58 100 1 7 76 91 25 38 46 22 49 90 37 20 34 29 35 24 17 10 57 83 71 86 61 98 15 69 22 88 10 57 10 16 73 58 49 24 72 34 46 24 34 51 86 77 12 47 85 42 14 85 96 39 43 72 24 37 63 59 54 98 29 88 15 12 80 27 70 11 80 32 74 63 
8 8 35 32 62 23 70 53 75 82 37 81 90 63 46 34 36 87 59 32 74 54 37 16 10 70 64 20 48 6 47 69 96 78 6 42 34 62 35 65 78 1 71 46 59 70 49 47 90 20 39 93 85 92 27 57 6 45 67 72 21 38 25 28 88 60 88 27 49 27 7 38 59 62 25 96 88 79 71 1 44 94 8 86 12 40 45 54 37 100 91 42 77 24 29 41 32 87 57 11 79 10 6 4 84 11 83 5 4 41 73 52 37 40 8 1 58 100 75 28 28 68 4 39 69 42 78 96 45 92 86 34 42 75 79 83 81 51 16 45 67 48 44 45 88 29 15 80 18 38 
49 65 81 42 65 62 94 70 63 18 46 45 19 88 0 51 71 89 20 100 34 93 14 11 20 28 8 85 11 81 65 44 68 72 25 85 1 22 21 38 30 20 44 17 40 35 20 4 87 93 18 21 94 10 59 85 83 29 49 90 25 46 22 38 3 48 12 96 94 2 33 60 38 81 69 41 57 46 50 56 49 76 94 89 7 0 93 90 30 71 38 74 67 89 36 36 94 2 16 40 87 44 38 97 6 49 52 44 19 93 23 27 82 66 60 63 43 81 53 61 99 30 86 78 31 42 88 87 84 97 68 66 68 36 86 63 95 100 6 58 8 25 65 76 94 73 84 21 77 89 
76 54 26 63 3 72 14 97 25 37 31 4 50 40 52 19 60 58 73 48 59 26 4 40 20 86 25 0 79 73 88 6 33 60 19 91 9 86 76 25 71 8 58 10 24 47 30 3 71 53 50 98 46 71 35 99 71 79 89 85 78 31 27 92 10 37 74 21 88 79 59 9 21 57 28 45 67 17 29 33 0 12 76 71 63 39 56 37 100 32 76 3 73 13 67 84 82 33 31 70 83 47 8 95 91 18 50 4 69 89 17 100 36 9 24 43 54 98 97 55 29 35 99 22 58 16 63 15 88 37 88 22 73 90 90 90 85 51 7 2 53 98 91 3 22 66 77 46 56 25 
24 37 43 74 84 68 97 43 75 48 69 79 32 43 23 32 26 99 18 86 89 28 24 90 0 3 68 29 100 64 94 6 35 73 46 68 93 86 93 87 100 0 96 59 18 55 96 12 9 37 79 59 47 75 80 76 90 100 20 17 55 42 28 65 26 60 55 21 22 55 29 56 47 99 36 50 47 48 7 65 98 66 92 45 100 49 0 15 47 34 33 32 79 65 59 59 27 35 57 50 61 15 37 95 50 34 1 24 72 35 10 34 26 88 17 34 32 31 36 100 61 48 95 22 68 3 93 61 74 29 79 91 17 35 56 40 35 58 60 30 70 54 92 78 96 5 69 50 66 30 
72 47 13 47 11 48 29 2 26 43 81 37 29 40 9 9 1 95 61 56 4 96 10 87 92 89 66 89 81 91 20 58 20 95 9 37 27 66 87 65 18 10 14 57 98 37 76 76 40 56 56 96 82 56 40 3 86 76 88 83 36 22 99 73 94 1 44 77 75 78 18 51 35 53 39 47 89 89 96 14 17 50 26 35 87 56 28 27 94 24 59 6 15 62 41 83 50 11 79 27 74 31 36 17 23 45 84 64 75 52 96 46 22 100 70 77 23 80 25 54 76 29 63 85 26 18 46 51 83 40 5 27 57 84 23 5 8 82 7 36 96 42 83 76 45 78 49 17 85 95 
38 75 2 97 47 53 48 91 37 20 47 67 45 13 28 8 29 6 62 97 5 94 66 85 40 53 63 80 42 74 82 0 12 87 86 41 87 34 32 19 14 74 71 52 16 35 92 10 73 50 20 80 59 19 32 9 51 47 60 45 54 44 76 9 90 2 84 75 51 14 90 4 38 9 83 33 47 85 48 51 25 22 9 94 50 24 11 12 72 40 11 86 77 71 17 50 8 45 66 46 91 68 17 71 87 34 1 84 53 13 83 34 36 56 92 54 64 74 32 1 49 77 10 12 61 41 70 80 92 63 51 21 12 44 91 12 71 91 22 23 33 92 25 91 71 25 97 76 85 79 
50 83 45 19 72 7 39 16 31 22 15 47 19 96 0 92 74 58 37 22 31 85 51 40 43 27 11 49 79 22 5 91 46 68 70 85 52 31 52 94 18 5 13 26 71 14 79 14 38 50 38 0 17 28 56 43 2 80 40 50 52 95 51 67 86 28 63 86 17 3 77 10 60 84 13 0 21 32 66 33 92 56 5 16 49 41 26 78 29 93 52 51 10 98 69 71 54 40 80 32 50 15 49 64 87 19 4 81 29 94 96 67 49 89 85 58 88 11 49 25 77 84 35 45 1 18 51 65 1 15 33 80 47 82 44 92 41 34 6 53 73 62 52 81 20 43 84 30 23 13 
44 60 28 83 0 16 34 87 31 34 38 53 5 33 11 63 79 34 41 51 21 14 64 86 24 87 12 91 32 79 33 96 34 59 46 90 27 21 5 34 92 19 91 4 78 48 60 43 64 69 5 53 79 60 51 51 98 60 69 43 28 24 85 63 14 16 9 43 81 98 72 17 46 2 92 24 30 99 50 18 69 71 82 84 38 98 96 26 86 27 80 0 29 93 69 95 93 25 9 26 80 24 57 24 50 85 65 48 32 27 51 77 18 36 88 31 78 63 62 30 95 64 27 32 51 24 55 24 35 74 9 67 58 60 83 16 32 68 26 52 37 64 63 58 3 11 92 1 8 25 
69 10 6 31 69 65 38 82 25 91 91 94 52 18 30 5 77 87 4 67 20 69 90 28 72 4 55 33 62 72 2 15 90 85 26 26 57 50 71 48 60 25 73 95 56 98 22 32 18 83 17 74 86 56 91 57 51 47 50 53 28 99 36 5 2 51 86 29 16 65 74 46 13 49 35 93 51 11 52 88 65 20 32 70 43 44 36 98 70 65 59 22 46 31 57 56 71 91 54 10 95 100 54 69 15 24 22 16 87 39 84 4 19 66 91 17 23 100 92 36 47 72 41 1 77 61 42 97 67 97 24 98 13 12 22 96 75 59 68 8 94 98 24 63 80 85 21 63 48 31 
66 69 26 97 57 92 49 5 10 43 46 46 50 26 24 82 7 9 26 37 36 71 47 3 58 64 51 22 45 44 27 50 95 13 96 11 80 36 57 22 72 92 16 77 93 51 54 69 93 29 58 3 37 47 41 92 68 99 6 58 92 81 54 0 50 46 79 34 87 60 24 41 8 41 34 8 13 81 75 91 87 3 70 92 60 86 48 83 67 89 56 66 45 63 37 11 41 18 25 93 14 11 3 23 99 24 76 83 44 88 12 90 29 99 18 56 13 31 18 36 12 5 14 40 8 60 15 75 95 22 99 67 73 16 10 29 96 27 60 12 2 28 53 48 6 75 97 83 93 73 
95 30 9 53 10 91 19 21 10 24 77 49 30 43 15 98 48 100 92 14 81 30 16 54 17 1 16 49 44 19 60 28 18 59 61 89 11 92 90 68 86 73 46 29 54 58 94 81 72 29 3 83 61 19 64 3 14 8 25 70 58 19 53 8 45 11 60 40 44 87 55 65 50 87 16 49 95 46 47 40 49 88 95 46 85 29 29 89 32 0 56 87 91 95 94 20 5 77 78 58 58 48 56 42 32 69 58 65 36 13 11 87 9 41 11 21 20 22 70 15 87 4 23 8 70 59 43 66 35 52 74 15 58 43 71 35 62 26 42 69 38 42 45 98 66 49 32 91 92 47 
14 43 53 15 66 56 9 38 92 51 32 100 6 0 22 51 21 70 92 37 74 83 18 88 5 64 34 25 86 100 25 15 24 16 48 26 33 76 66 65 67 98 85 65 46 30 61 71 90 69 60 27 78 3 13 93 99 72 97 2 49 34 33 73 38 85 89 51 96 50 18 57 41 72 10 69 39 63 54 11 43 49 87 3 92 82 58 84 55 92 30 43 68 41 53 53 0 57 12 35 98 87 1 27 61 55 83 85 32 96 77 84 45 60 71 73 88 1 29 73 71 87 33 12 91 3 13 92 9 62 46 74 14 69 9 21 71 55 12 74 30 49 100 1 52 29 43 81 69 74 
48 87 48 53 64 55 72 95 80 40 84 83 71 69 1 66 50 30 13 14 34 0 61 98 42 59 76 28 84 13 12 22 61 53 44 64 47 12 61 10 9 92 51 77 17 90 96 88 22 20 26 58 3 48 20 54 0 32 61 23 79 38 86 69 31 29 38 35 98 58 68 30 67 73 78 73 74 32 48 1 89 21 25 68 79 6 64 33 52 43 82 62 95 19 36 27 83 76 100 64 71 58 23 5 58 13 13 65 44 95 79 57 61 17 59 58 59 56 97 26 90 30 3 13 90 88 68 49 47 32 25 0 53 26 52 97 1 37 70 100 25 9 48 2 71 11 3 23 22 97 
28 45 99 94 84 6 78 34 25 8 21 95 70 8 41 11 33 85 20 85 83 32 33 26 50 94 48 46 56 77 92 14 17 23 14 13 41 91 65 48 58 85 82 25 97 47 23 10 94 72 93 28 43 96 85 55 54 23 52 70 99 65 94 68 50 68 69 81 1 15 50 10 47 47 87 52 14 56 42 6 80 62 32 92 65 48 56 5 41 95 92 25 49 72 77 90 14 84 59 84 60 55 49 22 5 41 82 96 64 5 10 53 96 35 43 97 85 13 24 15 66 16 46 31 67 94 60 73 41 52 39 39 36 83 88 49 79 72 27 36 36 18 57 32 92 79 89 74 8 23 
1 50 93 8 11 10 29 14 9 44 22 83 37 58 13 51 66 33 81 89 55 42 62 8 59 57 52 62 14 80 17 100 19 3 24 83 48 20 18 0 62 3 38 54 72 51 65 58 22 89 13 35 95 13 3 33 11 24 80 98 59 46 17 68 4 20 1 9 57 65 36 16 76 37 51 91 70 0 2 51 97 10 64 57 9 3 70 74 35 52 45 45 62 13 79 3 33 94 79 61 95 54 9 37 19 23 59 42 43 3 34 78 89 52 0 9 26 24 21 7 23 41 46 56 90 7 16 11 69 2 36 72 80 60 19 17 87 23 54 18 19 46 96 63 14 83 28 85 4 7 
59 31 73 25 95 51 49 32 17 22 0 24 90 78 99 26 18 62 44 79 2 27 86 13 3 66 35 14 27 72 3 46 22 1 59 69 39 58 28 95 85 85 82 93 10 61 56 86 45 74 33 56 30 72 76 2 0 97 23 19 60 86 10 7 47 11 56 96 69 3 39 65 65 32 57 37 79 80 10 33 6 93 33 22 23 93 68 19 52 30 92 17 79 21 5 47 34 29 22 11 77 69 48 92 29 45 24 19 28 25 42 3 91 70 53 23 61 39 29 52 35 18 96 36 71 78 42 43 65 36 17 94 2 79 62 4 95 59 53 63 51 31 3 97 9 31 26 37 59 17 
77 6 22 93 43 61 41 75 17 43 61 7 59 69 97 62 63 56 71 88 18 19 69 58 87 43 67 2 25 48 94 6 24 98 46 94 4 40 3 6 55 41 99 60 63 99 86 41 66 66 100 81 35 10 91 22 63 36 29 20 94 80 99 55 31 71 65 86 44 87 80 73 99 16 60 89 17 22 96 85 97 22 71 99 49 34 56 0 11 10 77 98 10 46 68 75 79 41 35 5 66 86 20 38 27 55 71 5 6 35 56 11 58 82 23 80 2 43 84 68 38 0 78 15 77 69 53 55 4 28 99 42 35 75 12 56 26 29 39 64 13 47 100 41 32 55 96 91 29 33 
18 88 27 53 0 8 72 65 48 1 20 11 69 6 67 67 53 85 61 57 65 38 2 90 89 84 100 93 70 21 11 86 46 53 63 37 25 13 98 50 1 49 71 50 79 60 86 16 22 38 97 5 10 85 64 40 79 57 51 45 54 44 32 76 67 20 89 64 94 33 23 58 4 93 50 62 57 20 19 44 11 17 12 72 17 98 50 33 72 78 32 1 33 39 2 85 44 67 77 36 4 93 37 60 27 55 60 10 80 46 76 69 83 47 42 24 25 23 88 14 93 51 64 11 89 54 34 29 4 10 13 24 86 14 63 20 66 27 35 44 94 73 56 33 61 15 85 64 23 81 
100 21 21 89 86 35 24 58 9 14 65 84 47 48 43 38 54 31 84 3 22 53 63 2 62 97 78 26 89 48 70 71 87 59 74 88 91 73 51 82 83 71 92 56 83 38 81 35 54 20 44 19 37 46 34 48 5 5 65 44 12 30 2 93 84 76 95 42 44 86 13 9 15 39 24 100 63 88 85 4 68 54 2 82 18 40 36 96 39 75 68 51 90 63 40 34 20 13 65 17 72 60 52 78 97 54 26 7 9 75 56 84 77 87 49 45 50 30 77 49 0 77 68 93 42 74 90 16 11 23 81 92 100 54 30 2 18 64 17 82 67 1 66 16 34 33 22 90 29 82 
23 70 3 80 97 72 77 26 94 84 47 49 50 83 39 77 58 94 19 56 33 77 7 26 40 62 22 97 46 99 9 26 29 91 61 85 23 20 64 44 48 80 62 45 66 47 91 47 61 26 45 100 94 11 37 50 15 28 63 91 75 95 18 32 92 56 22 36 94 66 6 30 62 48 44 83 53 92 3 70 24 36 92 48 10 62 69 81 6 58 34 38 73 42 24 1 43 8 39 70 46 53 46 95 1 98 11 88 57 12 74 73 52 98 31 21 99 2 89 100 34 35 66 10 52 56 22 5 90 71 31 38 47 14 12 5 1 13 56 63 9 17 75 69 73 37 39 11 7 37 
35 42 34 92 31 49 85 18 67 92 20 46 49 98 68 75 1 85 4 100 41 95 13 16 1 73 19 11 35 10 16 8 69 26 98 25 46 27 51 70 93 69 100 0 43 33 37 40 15 87 6 48 72 97 1 47 45 46 0 61 85 29 48 55 7 48 60 44 41 16 93 96 0 6 25 77 4 23 33 5 44 74 3 18 34 95 50 65 28 77 59 15 63 88 31 66 9 40 100 50 95 3 69 29 86 25 94 94 32 79 75 38 86 61 85 41 25 36 47 58 96 17 77 9 61 74 52 20 61 77 86 45 27 93 23 70 76 41 58 90 84 64 0 65 66 31 36 81 47 75 
8 41 80 0 89 80 29 65 11 37 97 61 1 39 43 11 46 42 98 4 62 97 82 76 36 76 0 16 90 40 84 0 26 93 97 46 95 25 65 56 21 54 89 39 46 95 77 43 71 89 32 46 59 59 10 66 85 47 94 1 29 90 10 19 5 65 37 22 32 8 57 33 82 32 46 99 6 2 73 29 59 29 51 100 5 13 12 93 94 6 38 0 1 25 75 8 45 47 59 23 47 33 81 18 1 75 58 77 0 80 58 42 31 22 67 80 87 21 23 19 77 30 46 87 87 8 67 53 67 54 97 93 43 25 51 55 53 67 89 94 58 60 37 31 30 88 21 31 48 82 
92 93 94 27 35 74 84 20 50 15 60 93 60 36 14 8 69 44 73 22 13 17 37 25 73 52 63 31 39 29 0 12 74 66 58 43 5 16 26 71 28 36 60 12 0 48 15 15 28 44 25 72 22 30 11 3 12 74 24 94 16 55 68 78 1 55 12 51 24 7 95 78 40 22 42 72 87 80 51 16 81 90 46 93 44 27 25 34 2 42 0 8 41 1 63 17 60 40 23 48 18 51 65 80 74 30 15 68 64 85 61 71 24 84 96 95 10 92 60 27 50 81 23 69 22 88 41 48 24 38 79 11 81 81 24 34 72 0 48 43 70 78 81 6 56 37 87 100 95 83 
75 12 54 92 17 81 37 70 20 68 59 76 89 7 20 81 32 44 38 39 46 74 69 79 24 75 49 74 85 91 79 36 42 65 65 21 35 1 33 77 73 80 53 58 95 82 16 34 55 81 67 80 3 40 1 0 94 17 9 26 51 33 72 24 0 19 41 42 100 28 29 92 41 27 10 51 45 100 100 74 76 86 33 42 47 45 2 27 11 97 7 32 82 64 94 14 22 24 35 16 62 50 60 13 4 99 91 10 10 20 83 29 4 41 52 39 31 42 52 16 82 28 56 80 45 19 48 42 35 1 5 0 2 81 14 86 62 85 75 87 76 54 66 39 92 13 82 91 80 54 
82 77 17 25 96 15 68 83 77 37 47 82 15 69 20 53 80 92 11 51 61 18 94 36 85 34 7 6 73 96 48 68 63 78 21 38 63 57 29 43 13 2 94 84 14 98 42 32 63 62 50 43 51 68 90 34 55 71 25 80 6 76 9 24 44 14 49 45 100 47 55 33 69 66 82 74 86 29 22 32 20 26 69 58 24 68 5 15 95 7 58 85 17 59 16 11 0 84 80 31 58 21 52 93 29 51 57 30 13 62 16 52 100 35 95 43 10 62 94 80 63 0 77 71 39 43 8 68 74 79 66 94 86 19 93 2 78 44 21 57 59 67 16 16 96 7 70 76 37 32 
69 94 80 4 11 81 31 49 35 23 58 73 4 81 77 45 36 6 72 7 36 61 41 66 39 43 56 73 36 22 68 94 48 83 7 51 76 80 65 8 27 0 66 25 20 100 14 88 93 54 87 62 81 21 85 16 22 22 16 74 96 51 9 1 96 75 12 64 40 3 11 59 23 29 14 15 60 29 66 5 67 3 86 68 55 56 41 1 100 89 54 83 12 24 97 55 75 18 78 21 5 80 48 11 20 10 58 55 3 39 42 81 17 85 32 2 97 9 43 89 100 63 5 68 34 24 78 85 66 84 87 2 34 66 22 40 8 3 98 5 16 20 40 1 39 53 29 22 76 36 
36 54 84 38 64 7 84 78 26 85 43 33 38 90 8 96 22 3 15 7 95 27 41 51 95 42 88 81 47 1 5 8 21 5 21 86 55 60 96 25 93 72 44 50 17 61 63 20 8 35 58 57 33 7 34 25 7 78 87 65 99 50 19 8 66 52 15 98 5 53 84 66 92 95 60 3 13 99 77 69 62 40 10 51 15 79 52 99 86 80 31 10 77 22 37 0 63 86 43 42 6 0 73 33 16 6 2 84 50 76 93 80 3 62 7 57 47 25 31 96 18 80 60 42 58 19 70 96 62 71 30 26 81 7 72 81 62 56 80 7 52 88 84 91 15 76 32 89 32 99 
26 55 58 95 18 95 64 34 26 62 13 21 80 3 46 42 24 0 76 33 19 89 18 20 77 25 99 89 17 76 78 25 29 38 63 5 81 51 88 39 8 98 74 73 10 39 0 70 62 96 39 19 71 64 86 86 35 25 65 9 59 55 19 87 65 91 63 5 20 21 24 45 7 27 6 13 31 64 98 65 15 3 13 94 40 9 49 89 81 69 18 12 70 0 88 81 58 98 100 91 45 29 7 49 71 67 14 12 95 36 13 85 57 60 61 13 48 66 9 92 72 3 25 43 48 90 51 44 3 72 66 95 57 79 81 30 37 84 75 91 51 83 24 6 15 67 68 57 81 71 
65 58 67 4 12 72 57 17 15 64 91 95 54 36 95 6 41 49 98 4 16 59 99 74 10 61 51 11 1 21 8 91 56 27 93 91 73 32 37 33 96 23 66 92 50 99 50 76 93 94 63 10 8 49 41 38 76 87 11 68 9 28 31 22 7 35 22 70 67 7 28 7 72 81 21 19 50 23 10 77 88 55 78 95 6 19 92 68 62 10 32 51 92 42 84 32 79 26 83 83 56 72 1 96 40 42 54 64 51 21 15 77 62 3 17 10 76 83 36 24 76 60 64 34 75 46 51 100 38 92 95 21 9 90 86 77 46 22 45 73 84 96 26 6 30 63 28 71 30 53 
91 66 14 67 33 32 88 71 42 64 19 48 64 65 45 54 60 81 42 51 82 99 31 1 45 4 72 82 17 37 85 15 45 22 88 66 2 39 13 1 65 74 11 5 25 49 16 23 56 41 23 31 21 29 44 91 76 62 76 14 27 57 98 94 96 5 50 49 64 36 89 63 73 26 5 23 25 30 61 88 68 79 96 2 35 95 24 28 47 11 94 25 9 61 50 41 80 75 83 70 3 45 64 34 16 98 79 28 51 89 64 80 59 21 81 88 62 57 100 71 79 94 18 57 5 13 77 76 13 22 79 60 21 4 69 45 48 48 20 40 61 10 61 38 22 5 53 90 9 83 
65 50 10 45 33 28 3 59 2 14 68 80 31 73 84 18 51 98 0 100 74 78 69 39 83 54 75 25 96 98 3 89 99 55 51 59 36 27 50 92 69 31 21 61 60 13 43 50 71 28 46 5 9 6 33 71 57 70 91 40 87 36 41 1 18 35 19 92 36 62 2 90 72 55 45 30 92 97 64 77 23 19 25 55 86 2 66 25 96 72 72 18 84 54 39 80 51 0 3 99 95 60 19 93 72 22 100 37 78 91 11 70 40 74 69 82 23 60 96 83 15 11 29 34 57 40 71 9 11 98 20 78 25 45 79 78 82 100 86 33 87 76 26 2 68 56 83 29 20 91 
74 40 34 17 76 41 72 52 14 27 39 89 64 98 62 11 33 57 35 44 82 27 53 12 34 72 18 43 58 53 68 32 39 63 29 97 47 46 72 88 77 7 30 29 8 50 89 48 92 17 46 88 0 3 41 3 74 7 61 84 90 47 42 71 71 91 4 75 34 10 46 84 96 19 60 75 17 85 75 24 24 25 30 54 25 90 98 42 36 53 95 28 49 52 63 52 35 15 39 65 23 27 46 77 42 68 40 19 10 52 71 39 100 11 0 13 31 78 5 8 82 92 69 60 35 55 70 42 41 94 40 0 84 91 17 3 11 61 89 7 33 89 63 25 40 77 47 79 0 74 
24 9 9 76 77 50 83 72 39 44 76 97 84 87 3 30 57 55 43 85 76 53 66 45 39 19 77 94 37 71 41 12 45 95 2 93 73 94 47 43 100 64 26 74 96 39 86 12 25 60 0 62 60 0 89 22 89 56 82 47 73 73 99 9 35 21 26 47 11 51 100 53 6 43 27 62 79 92 44 37 46 68 92 30 86 84 28 70 94 64 54 1 56 65 35 67 42 27 59 8 9 1 22 55 53 57 28 35 13 9 87 32 59 14 16 16 69 9 30 91 58 82 97 45 89 93 48 10 17 100 7 20 59 16 61 80 48 69 19 88 1 52 71 100 56 3 71 22 3 100 
1 44 8 87 33 1 71 88 0 79 86 18 42 20 64 77 57 77 74 31 64 81 91 27 76 73 0 8 13 80 67 85 82 48 72 15 59 18 14 77 23 2 14 65 59 50 1 48 100 50 6 35 45 92 25 34 93 100 28 28 33 2 90 37 14 86 39 66 77 25 3 28 75 27 49 30 79 60 90 96 49 70 77 94 66 43 62 61 84 37 8 86 19 68 66 67 86 63 17 78 44 58 0 93 80 74 38 60 63 59 22 91 0 76 84 69 55 24 7 89 69 64 13 39 81 71 30 64 80 59 97 97 22 58 10 88 56 75 87 2 54 41 60 32 80 83 72 100 57 50 
9 5 34 17 46 14 67 33 54 31 35 95 97 2 83 89 88 71 37 86 42 0 70 47 57 59 30 18 34 7 82 24 98 64 62 30 90 31 100 33 98 62 13 98 22 61 56 2 82 62 86 16 14 58 99 75 40 19 35 34 50 15 16 13 100 15 19 26 6 80 67 40 66 78 80 41 13 47 55 95 80 92 82 63 4 56 52 60 23 32 40 97 57 0 79 52 65 14 85 98 89 79 13 52 51 80 0 11 43 35 70 67 98 11 61 73 46 95 50 64 27 75 76 71 74 61 99 25 7 24 39 34 64 49 71 72 97 95 64 10 9 24 18 37 63 11 90 77 58 14 
81 36 84 42 60 85 69 55 6 98 44 75 93 2 12 96 35 47 21 87 30 36 57 61 12 5 71 100 47 57 49 59 51 18 68 97 29 19 25 9 88 15 60 86 31 43 93 20 89 40 31 62 71 45 17 81 7 43 26 22 4 60 22 66 74 23 46 84 36 78 12 95 67 68 85 68 25 36 57 54 80 35 28 80 90 35 36 38 14 8 19 22 1 24 25 28 51 19 76 14 67 46 48 73 41 48 56 40 12 39 13 84 46 73 100 74 83 11 64 25 86 3 43 15 78 5 62 93 32 51 94 91 82 57 21 58 31 86 82 60 9 49 49 0 39 81 60 42 28 84 
96 98 32 3 0 42 59 0 27 37 46 87 5 29 44 48 15 44 80 48 34 31 6 22 70 92 66 95 75 14 94 90 40 82 18 67 89 3 98 49 71 58 51 93 36 2 0 32 82 43 95 18 65 31 17 38 28 82 97 2 24 10 3 96 3 78 5 64 53 79 48 61 8 37 42 94 91 18 65 4 64 3 10 6 97 30 12 47 82 98 52 85 93 38 23 39 60 90 95 51 2 41 86 75 18 74 87 59 99 11 58 87 19 4 66 67 97 24 5 88 100 11 66 79 92 73 97 93 42 90 20 46 45 67 31 25 53 87 32 14 56 28 13 41 19 44 87 79 26 19 
13 86 13 30 27 27 48 48 23 67 91 55 48 73 68 73 38 6 63 67 36 17 80 51 0 21 83 66 70 71 77 57 24 88 25 62 70 3 87 48 81 4 30 66 100 86 2 57 97 7 38 67 14 82 82 61 83 86 48 22 62 50 52 51 22 40 13 28 8 27 29 62 14 50 12 66 36 8 13 95 41 40 64 25 32 35 56 47 71 48 42 6 66 63 19 62 37 21 2 42 69 5 13 0 84 28 1 1 81 57 87 87 65 31 99 95 56 17 36 8 86 5 34 50 16 2 70 77 27 84 31 38 57 69 35 25 14 55 84 93 42 66 38 41 50 26 79 18 82 4 
92 67 15 81 51 89 14 93 65 68 98 46 48 43 16 54 97 21 41 59 16 2 87 74 96 59 95 25 73 61 19 91 49 11 16 19 41 4 66 21 8 0 78 2 30 86 86 75 95 32 34 61 4 16 38 85 26 34 25 23 83 92 9 0 29 16 30 6 12 0 20 64 3 84 69 85 38 99 7 67 83 73 22 78 34 40 99 42 83 23 65 50 47 62 11 54 6 95 0 79 88 63 80 92 49 66 21 68 98 76 80 97 0 87 83 100 72 40 78 66 64 56 65 2 71 91 13 96 39 78 58 41 48 0 91 58 23 56 24 25 5 48 15 54 1 56 4 41 100 28 
78 29 21 43 45 27 30 29 96 32 85 42 37 80 64 85 17 87 91 92 42 94 34 14 22 87 46 12 40 44 21 76 12 66 65 30 16 47 5 91 3 69 60 31 17 45 93 97 72 78 47 44 13 64 74 0 26 61 88 75 32 12 71 19 81 68 24 87 25 30 86 3 35 99 6 74 21 44 78 68 29 35 95 57 88 25 68 65 90 26 48 22 4 71 54 42 47 30 15 8 71 26 22 49 55 46 65 83 1 58 68 45 34 62 47 35 93 27 69 49 35 97 57 63 12 4 95 87 73 2 0 45 26 95 42 69 95 27 12 1 43 71 85 81 25 1 31 53 66 21 
76 34 91 2 92 83 66 70 42 31 41 48 83 16 75 73 79 48 1 76 28 4 58 73 20 83 87 15 90 16 66 3 63 48 98 10 95 9 53 91 7 0 58 80 60 1 8 32 23 78 4 96 31 71 68 60 54 46 89 18 7 70 0 77 44 62 20 22 91 30 10 79 90 33 90 87 21 9 88 15 25 7 86 11 2 100 51 49 10 57 19 45 31 13 6 67 32 96 90 68 62 13 86 40 86 99 50 96 40 12 98 96 30 32 51 18 8 84 7 72 62 41 20 34 17 72 83 54 91 6 25 68 52 0 95 32 57 5 94 84 9 87 38 71 19 81 47 35 49 40 
38 83 6 44 41 7 91 27 19 25 37 22 24 65 35 91 69 84 72 82 24 96 66 6 37 46 54 38 2 18 90 65 69 66 35 96 97 4 14 97 6 57 27 84 33 28 27 57 72 4 74 88 36 100 23 27 53 23 81 18 6 47 0 39 60 74 93 85 36 49 3 70 27 91 100 77 75 2 15 5 29 69 41 31 2 83 5 26 53 43 21 25 99 32 37 71 78 35 32 49 75 11 47 20 42 28 7 84 73 74 6 50 6 70 61 55 6 67 77 84 32 44 46 2 50 87 33 48 7 22 39 47 79 16 13 8 36 49 57 38 55 20 53 48 40 97 60 14 43 14 
89 77 90 96 10 11 20 78 20 29 56 8 97 13 58 4 61 99 55 25 31 82 28 76 70 56 33 65 22 98 49 57 51 25 39 79 10 13 45 59 67 19 22 33 18 89 22 44 64 20 74 86 26 82 23 11 61 24 92 53 35 74 8 16 56 24 0 13 10 14 21 75 40 13 30 36 87 25 77 46 9 95 57 0 31 94 7 14 42 80 56 43 66 57 42 80 69 87 46 43 92 85 77 2 15 69 60 36 30 20 35 68 5 57 100 41 90 5 85 17 3 39 6 14 41 73 78 33 53 82 99 53 21 90 34 28 86 16 42 17 90 41 62 92 29 29 78 99 33 29 
97 37 95 9 86 52 88 53 91 72 99 9 72 32 63 23 2 85 70 99 25 29 79 77 36 42 54 62 49 73 6 28 12 35 0 29 49 58 36 24 42 11 76 13 79 49 60 85 87 80 19 38 45 51 71 69 78 87 20 65 61 30 68 67 19 37 38 24 3 56 11 31 23 87 97 52 58 83 12 76 86 39 41 69 35 12 43 10 68 17 68 80 55 36 87 9 42 94 37 25 92 83 89 2 68 29 82 38 79 70 66 66 31 78 22 19 74 82 73 36 26 65 7 12 76 44 12 64 35 96 38 13 83 84 23 33 61 95 53 27 87 23 38 94 9 43 27 80 59 11 
