120
120
30 61 89 50 64 84 33 16 3 39 32 33 86 78 64 56 4 58 43 59 21 29 17 66 39 98 58 13 89 33 89 82 80 43 78 69 62 22 24 53 7 98 82 74 87 77 7 40 48 64 8 70 51 91 12 0 51 48 35 41 8 20 0 96 40 82 81 68 33 2 72 38 22 34 8 91 5 18 38 3 92 37 17 58 2 85 59 65 17 61 49 67 31 3 48 46 38 68 42 11 0 72 15 6 2 70 91 98 33 20 66 70 48 96 63 5 66 7 20 25 
68 82 10 100 29 60 68 98 95 84 3 62 35 96 51 75 94 79 13 39 13 54 25 30 2 37 100 67 37 64 75 4 50 60 7 52 78 43 30 55 91 48 20 74 36 97 41 58 37 55 60 96 88 41 94 6 74 88 51 50 21 68 1 32 67 48 3 90 60 17 77 67 81 45 53 56 73 59 59 86 91 36 97 15 89 14 9 2 63 54 60 63 69 70 58 28 28 18 69 98 34 95 75 82 22 35 43 14 33 40 9 20 68 60 57 88 81 33 86 98 
12 18 42 24 70 23 18 70 99 14 93 73 11 36 16 0 72 56 91 22 49 12 53 69 40 77 52 16 47 42 93 32 24 37 83 36 12 45 68 0 94 23 31 42 32 46 96 64 34 30 93 97 100 97 52 58 71 69 36 44 60 74 98 100 13 82 45 28 47 66 64 42 21 14 2 92 59 0 79 99 23 47 85 100 83 35 66 87 18 36 64 51 97 3 88 45 77 97 19 93 27 80 42 73 12 28 97 5 33 79 59 5 7 47 45 84 72 3 66 87 
71 24 5 36 53 100 20 76 52 8 0 59 20 19 39 29 18 10 27 53 24 70 45 14 33 43 24 46 22 53 69 73 88 13 15 77 98 39 33 79 35 37 52 73 81 67 62 7 46 2 72 83 31 68 39 42 11 75 37 69 14 97 11 19 8 12 55 5 2 21 82 11 73 11 34 78 82 56 43 2 34 52 76 44 34 32 22 83 87 64 20 2 10 36 72 99 20 35 13 52 32 19 79 54 53 58 80 46 70 64 35 98 55 14 45 87 10 8 52 88 
10 91 85 23 90 71 1 77 75 29 91 60 0 81 48 18 31 100 61 26 70 63 12 29 22 63 17 69 82 51 89 83 100 22 95 22 82 69 18 78 21 76 83 88 9 49 19 14 69 8 71 70 35 86 5 52 20 72 62 98 63 17 49 12 23 60 66 26 34 48 15 19 78 85 74 28 74 1 34 95 58 15 98 78 4 76 41 46 24 68 81 93 99 58 32 86 66 33 70 60 56 95 25 49 36 91 52 56 99 72 15 96 47 93 93 43 100 0 10 43 
36 12 70 53 7 43 20 22 32 46 5 39 9 21 7 72 31 57 82 57 54 41 39 87 100 41 98 23 72 49 51 77 67 83 47 30 71 34 21 31 30 87 7 84 44 24 64 73 43 69 85 23 90 86 68 61 93 26 85 31 24 23 15 55 41 84 92 3 82 30 12 19 15 52 83 24 54 86 83 42 23 68 37 62 3 87 67 55 89 29 75 42 18 24 64 27 12 4 94 37 28 79 29 6 50 23 45 71 59 31 81 46 77 69 53 61 2 87 43 4 
21 65 30 45 55 4 46 9 89 7 69 38 18 90 35 2 99 38 65 96 48 9 12 4 77 20 27 84 78 55 11 98 59 67 2 2 87 60 36 100 4 45 100 4 31 3 43 16 58 31 55 29 97 30 16 5 10 74 78 84 13 26 52 33 85 86 60 90 19 41 49 59 80 46 74 38 55 61 19 52 84 65 55 100 79 43 72 58 85 85 10 25 90 20 34 31 91 60 8 39 38 0 57 16 1 23 45 35 6 17 50 83 97 91 95 82 91 89 4 32 
90 62 60 33 20 29 28 24 100 83 49 76 99 21 59 36 99 46 81 56 50 61 25 10 6 35 48 69 27 39 20 95 17 92 16 67 68 64 50 80 90 90 31 14 15 81 57 27 64 78 80 59 44 49 32 65 55 68 80 89 67 66 40 15 22 98 75 73 10 4 79 30 97 6 10 0 28 84 44 24 55 15 7 99 18 20 31 60 60 37 25 15 45 14 16 88 90 46 86 41 89 25 31 84 39 29 31 5 90 100 60 95 0 84 59 49 23 58 84 34 
40 88 94 49 42 89 45 51 90 91 96 39 88 75 62 7 6 22 71 94 77 98 45 32 7 10 10 100 76 96 23 43 85 87 6 82 25 14 64 4 25 58 32 54 22 27 11 6 12 42 75 39 17 9 22 100 15 64 54 10 41 91 2 41 15 25 51 86 45 55 35 57 92 19 43 22 72 27 43 86 67 100 46 95 53 15 48 92 13 75 62 21 53 35 20 1 7 63 44 1 56 95 54 45 10 22 30 29 2 81 4 91 91 6 11 83 49 50 89 53 
28 7 74 88 14 17 20 70 50 63 68 12 25 42 70 43 55 6 12 61 47 78 56 67 34 68 76 55 46 35 21 7 92 43 91 11 23 79 22 65 14 54 6 20 82 9 67 23 77 48 95 79 17 54 55 39 47 71 40 65 42 84 1 83 16 95 74 74 32 100 14 26 68 12 95 94 10 1 75 15 72 21 78 60 78 41 95 66 95 86 87 38 93 96 50 53 89 44 99 0 20 17 66 58 95 86 59 85 89 39 30 80 39 8 48 39 27 19 5 86 
37 65 47 14 69 89 1 23 99 2 18 50 42 88 99 40 13 62 2 20 45 5 87 79 62 14 7 66 69 47 42 0 29 72 73 59 51 95 94 8 49 79 13 29 85 31 73 26 48 35 6 82 98 89 20 33 64 13 69 59 48 30 39 36 79 2 25 29 87 83 99 25 44 53 26 23 21 55 51 38 40 3 52 98 23 76 32 41 45 85 3 99 94 91 8 24 69 69 44 76 26 59 73 57 26 82 14 82 70 31 79 4 29 16 62 77 62 49 58 2 
36 99 87 62 11 27 10 47 73 36 50 81 63 54 31 15 66 44 9 82 42 63 9 84 77 84 57 63 26 15 42 94 79 58 73 35 78 62 39 74 85 11 3 53 57 73 77 90 7 95 40 96 4 93 76 56 81 32 22 95 84 85 76 93 21 26 11 64 46 100 70 89 35 4 52 12 54 25 27 67 23 91 61 55 82 1 7 55 22 20 52 71 62 57 5 41 100 75 50 26 2 100 86 97 85 51 72 78 85 90 92 49 30 92 61 71 27 22 3 7 
71 85 25 41 65 51 19 12 84 14 24 32 67 71 89 76 30 85 84 14 81 82 44 81 15 72 43 5 86 91 87 92 46 81 52 53 70 86 45 99 35 37 94 36 75 64 8 22 82 45 38 85 71 10 86 86 89 31 23 10 88 32 59 40 70 43 81 15 71 75 40 99 22 36 100 59 53 77 64 7 22 37 91 33 71 89 12 20 13 43 89 26 75 32 53 93 80 45 58 20 14 2 8 67 51 72 49 40 20 61 70 32 86 47 28 35 34 14 53 33 
31 79 24 34 92 47 63 22 23 91 53 92 18 85 63 99 26 9 49 47 49 2 26 91 47 0 31 0 91 47 90 67 49 22 96 41 44 67 82 51 68 52 89 0 15 80 87 73 44 17 13 84 83 99 89 94 12 26 92 100 25 77 55 40 52 80 48 31 73 99 83 5 68 25 23 77 57 81 77 82 33 39 32 37 62 6 36 89 63 75 5 42 44 54 24 51 63 79 88 98 53 57 42 92 30 76 23 46 23 47 97 28 52 62 0 50 25 68 80 34 
50 1 85 11 35 88 54 61 53 73 25 60 49 42 56 94 20 55 20 73 93 39 78 27 65 58 19 5 79 22 99 62 10 29 34 9 5 77 18 34 64 2 64 10 83 93 54 41 17 48 63 93 20 0 1 38 89 30 71 32 38 92 64 22 30 81 22 98 23 17 91 20 19 74 49 73 17 60 5 32 70 20 31 27 36 22 75 18 40 3 41 28 7 17 12 99 66 63 1 61 83 50 76 81 25 30 29 23 72 46 46 23 52 36 60 20 43 81 14 100 
96 8 82 72 23 13 54 73 17 26 66 73 73 64 99 0 50 0 81 98 4 37 91 86 14 82 52 27 89 72 12 53 26 3 40 89 15 72 6 98 64 93 72 52 15 93 77 42 52 71 3 100 87 72 21 37 77 39 37 88 44 43 66 86 68 32 5 1 100 26 34 42 59 94 28 70 52 8 74 86 69 78 72 55 98 37 95 72 96 23 32 86 66 97 65 33 15 34 68 10 8 92 15 58 76 84 87 74 72 28 92 88 11 59 34 87 68 3 79 29 
44 78 13 46 99 30 46 31 74 44 45 48 32 12 21 15 15 39 44 61 51 37 72 23 60 58 100 25 29 22 38 85 34 11 58 8 17 42 4 34 91 37 95 27 77 45 0 1 33 47 32 74 66 39 84 99 33 75 75 88 15 81 0 1 31 45 71 99 83 25 16 11 30 45 13 5 54 43 78 44 94 89 15 50 77 76 42 33 29 35 15 93 80 77 12 72 4 2 75 53 90 70 21 12 20 35 65 84 99 55 30 6 1 6 85 51 59 13 64 66 
95 90 91 44 45 0 71 94 39 81 98 41 49 46 94 29 82 70 57 100 11 16 67 23 83 69 46 19 48 29 81 86 79 23 5 38 37 65 20 65 48 78 57 86 67 14 87 15 20 84 78 41 2 75 93 33 5 24 33 3 67 73 84 4 54 45 8 46 57 45 6 64 52 16 1 60 97 80 92 91 70 3 17 17 15 28 46 1 52 50 39 69 9 97 44 20 61 30 65 79 75 75 66 92 33 37 77 24 52 49 13 28 75 74 0 70 93 5 53 20 
30 53 66 58 48 11 80 36 28 23 42 56 87 63 77 44 85 70 72 87 58 43 74 39 91 15 47 16 93 33 23 13 34 24 74 11 59 17 47 46 67 60 81 26 70 100 27 19 51 94 93 95 9 32 35 84 100 28 24 87 14 13 75 69 79 42 57 38 75 16 71 35 74 38 30 47 65 90 62 46 41 89 78 33 0 41 73 57 15 93 52 43 15 57 75 30 1 30 26 24 81 68 38 1 54 24 41 24 24 8 54 94 14 55 93 35 99 93 69 31 
80 3 39 6 94 24 51 38 60 61 49 16 46 71 69 67 85 93 47 41 56 73 64 83 11 48 80 21 85 82 53 78 36 58 86 0 72 72 41 92 61 47 38 87 23 94 81 24 54 65 84 9 38 87 79 79 76 99 52 39 84 40 25 69 13 25 6 97 67 71 73 24 17 61 20 58 26 70 30 25 35 94 57 11 45 62 69 18 28 100 44 92 49 27 85 29 14 67 35 79 86 51 4 68 53 68 37 65 55 45 21 61 26 0 59 70 48 85 66 6 
40 95 39 71 28 74 66 21 25 1 67 64 24 97 22 74 27 87 50 34 47 90 97 74 82 62 65 90 99 83 37 9 70 0 99 44 90 58 39 13 74 57 77 2 30 36 70 45 96 30 37 41 60 96 80 48 47 88 39 87 51 21 39 14 11 87 1 28 83 65 7 85 82 28 16 99 31 19 12 46 2 16 66 17 55 18 48 10 45 80 99 60 58 98 54 25 76 76 5 35 97 59 94 22 20 87 82 97 9 8 22 83 75 66 59 16 77 98 22 91 
51 20 61 27 92 41 13 5 31 70 71 16 12 79 5 8 10 63 50 85 21 6 11 3 17 89 12 81 95 15 86 15 86 70 58 32 71 12 98 82 19 74 56 44 9 27 80 54 66 97 15 76 16 5 60 59 87 38 70 15 82 14 43 85 65 63 68 96 27 64 61 32 79 82 44 32 41 35 39 71 84 17 88 23 33 96 81 5 15 73 6 56 97 57 18 52 3 15 13 79 59 7 46 47 19 91 7 5 54 32 28 61 6 59 32 80 37 33 79 4 
39 78 40 76 75 93 31 32 78 36 84 68 92 43 54 60 8 10 37 20 68 9 7 61 92 75 54 90 19 1 5 38 99 33 64 0 92 54 34 76 50 8 48 86 56 93 16 99 91 85 51 8 27 99 53 67 19 34 3 34 38 93 84 52 13 47 34 31 16 66 53 74 42 28 35 90 96 79 64 90 89 36 65 58 22 76 19 97 15 86 77 77 80 43 93 10 24 43 42 90 14 15 94 97 29 84 15 100 94 36 45 57 67 38 33 70 100 100 28 7 
19 55 78 6 71 75 100 12 58 71 85 66 17 37 20 32 87 6 59 41 49 24 28 85 25 4 63 27 91 38 63 98 70 57 15 90 52 6 25 61 10 86 58 81 90 67 78 18 86 92 91 38 94 56 84 57 9 79 96 58 36 5 6 67 48 44 88 60 95 93 84 57 85 48 71 38 68 53 15 43 3 9 96 97 68 0 34 74 81 21 74 87 10 80 61 72 84 32 97 23 35 80 48 73 53 87 22 4 50 98 31 1 70 19 8 78 64 30 21 2 
10 71 86 11 72 85 81 0 85 22 4 12 36 4 2 29 35 63 49 21 68 5 45 34 82 73 27 45 3 47 87 81 6 34 38 50 90 4 29 33 45 45 9 64 3 40 57 61 11 96 49 20 85 75 17 27 92 99 25 43 44 36 78 33 85 16 37 74 69 6 92 21 76 84 91 67 22 94 89 31 94 76 29 66 9 27 77 57 14 32 22 47 58 55 12 16 84 74 98 14 40 46 67 79 31 72 53 67 86 13 49 88 40 75 99 29 20 40 66 26 
3 33 90 44 95 22 71 24 39 6 29 51 36 96 76 1 28 76 67 45 66 33 17 83 30 8 91 92 100 23 67 28 10 91 71 57 87 77 38 35 15 20 27 53 46 41 4 43 8 44 17 64 71 41 95 64 35 70 89 91 27 81 66 2 66 82 18 29 87 24 19 11 67 34 19 13 48 44 14 15 53 92 18 72 44 28 32 41 51 67 91 6 74 18 77 80 98 46 45 53 43 58 54 0 26 100 61 56 67 74 51 62 28 97 97 28 39 47 46 27 
63 60 54 6 27 90 30 13 36 90 61 60 96 6 64 54 10 26 32 8 59 29 20 4 3 97 26 95 62 8 40 56 8 84 99 53 23 90 11 49 39 54 84 79 19 75 51 94 48 20 10 36 12 52 64 34 80 63 86 87 50 5 84 21 74 78 36 2 33 50 86 7 3 64 25 45 88 64 27 60 18 78 32 49 12 86 7 28 60 30 57 83 94 52 16 23 26 17 92 34 77 45 63 8 97 61 100 95 17 55 88 88 88 35 35 64 91 58 67 70 
98 3 54 15 0 42 50 3 85 4 88 51 39 41 69 34 73 78 75 19 47 4 68 29 89 36 67 83 97 98 95 25 19 96 17 13 22 76 26 62 61 55 75 69 77 72 47 70 70 88 16 90 91 40 45 9 64 62 99 24 69 88 65 39 98 60 97 23 72 50 41 23 5 71 78 65 47 62 41 43 87 75 53 79 89 94 77 33 97 95 88 66 33 0 92 10 1 80 13 42 64 1 81 27 6 9 66 59 20 26 66 79 52 78 25 26 32 55 46 96 
85 78 48 47 33 6 82 78 5 17 14 29 59 95 45 55 64 27 87 74 24 50 11 39 95 26 75 37 83 31 27 98 17 74 37 0 36 55 4 87 45 54 83 81 61 16 1 36 68 85 23 13 39 4 97 32 47 33 12 16 63 55 74 8 90 20 95 61 3 17 58 89 40 69 29 19 68 99 59 95 45 17 63 26 99 82 6 48 59 62 86 63 95 12 54 70 57 68 18 83 90 68 58 80 22 83 88 92 55 20 57 13 0 32 10 69 46 69 59 80 
9 30 87 75 2 25 43 90 43 84 98 6 45 45 35 62 18 33 62 83 85 29 81 48 37 75 25 100 16 90 14 47 24 92 72 5 26 1 27 11 12 75 49 7 10 4 22 60 91 34 53 72 39 57 37 2 16 50 49 41 17 20 6 86 3 56 76 10 59 74 100 31 23 48 30 32 98 54 15 72 100 69 85 18 30 14 50 23 64 42 35 62 99 74 43 81 11 6 23 30 35 97 53 23 46 18 71 11 18 48 63 94 58 94 47 39 15 1 65 100 
38 28 43 7 69 90 50 72 86 6 66 71 43 98 74 68 26 91 30 58 12 15 99 39 62 73 54 58 82 16 16 43 92 92 86 46 72 75 34 47 98 9 9 11 20 50 45 29 75 72 38 80 91 40 33 68 67 33 30 68 26 62 13 49 50 26 1 68 11 66 13 37 69 48 27 70 3 14 9 71 91 21 97 70 39 10 39 59 86 35 94 33 55 51 20 65 90 27 23 70 56 57 50 61 40 75 34 31 32 40 80 81 65 13 80 42 94 21 29 68 
20 8 45 61 46 30 49 63 26 62 15 44 58 78 18 41 51 50 31 27 53 81 6 43 31 32 75 86 8 39 81 67 56 54 48 74 52 51 80 82 86 12 17 19 35 71 22 46 26 87 52 26 80 9 59 30 49 43 38 61 85 4 62 35 4 60 50 48 45 28 40 79 3 44 12 51 50 18 7 88 22 38 4 0 27 62 82 0 26 27 37 71 35 16 53 72 29 94 5 43 50 65 36 9 32 86 7 67 94 9 71 11 59 67 71 73 56 95 1 79 
22 87 100 64 84 59 67 100 44 78 36 67 85 46 29 98 80 78 49 24 71 42 51 5 73 83 52 15 58 71 83 90 81 85 54 6 88 96 6 87 99 2 11 44 26 77 54 23 64 38 74 44 6 25 18 28 92 97 50 76 42 66 60 82 53 87 66 66 33 74 6 17 16 21 92 68 83 33 59 18 32 77 82 32 78 16 59 86 78 87 50 51 94 7 15 33 73 58 2 36 77 75 31 83 99 12 74 44 88 33 20 60 73 47 23 67 86 83 13 48 
35 87 26 81 52 65 85 94 51 38 49 49 5 53 4 40 18 56 39 94 82 89 100 18 19 32 99 21 90 0 52 51 14 82 69 70 9 28 84 53 5 8 22 98 83 24 37 2 49 74 31 67 25 77 32 78 97 74 17 72 85 82 42 68 12 55 44 10 33 40 84 21 36 68 1 89 11 73 26 40 41 17 6 11 46 31 78 50 26 2 42 35 71 49 71 8 62 20 94 68 82 42 91 86 64 25 98 54 73 6 40 76 14 52 60 7 18 48 67 12 
13 24 98 87 85 91 49 54 63 11 51 22 69 20 22 49 70 38 52 1 43 59 55 18 6 34 70 64 98 40 0 39 92 23 95 89 6 48 44 43 76 89 74 29 72 14 42 16 91 14 64 70 58 24 74 88 91 55 21 67 31 39 84 4 17 58 11 3 7 84 25 24 85 33 68 84 79 14 20 1 100 12 3 90 11 17 18 91 83 44 66 52 9 95 4 76 92 26 63 73 59 55 87 66 77 21 48 39 0 47 34 43 56 86 44 12 53 66 26 50 
66 72 35 20 20 55 93 12 74 80 51 52 58 43 29 28 80 94 41 25 2 3 65 70 14 85 41 64 19 82 95 5 60 31 47 38 20 18 62 14 11 52 57 51 94 76 48 23 46 2 2 86 57 66 75 21 65 68 10 44 13 1 8 18 61 24 56 78 21 71 93 24 37 46 46 21 71 19 32 13 21 86 30 10 43 53 18 86 8 51 38 55 81 78 41 36 3 9 76 12 58 6 53 57 77 12 32 67 87 94 79 45 58 20 67 94 95 17 65 71 
18 26 32 88 75 25 66 40 63 100 68 69 41 24 34 87 3 7 82 63 41 52 19 17 65 93 77 84 18 89 73 3 80 30 93 50 25 59 64 93 15 69 46 20 50 85 2 34 12 97 77 34 56 41 30 48 24 95 71 53 48 67 99 11 30 54 71 98 40 71 36 34 26 79 40 96 25 19 71 59 13 44 60 81 100 41 47 88 48 57 85 30 3 83 49 14 36 71 89 31 49 52 47 12 68 34 15 72 62 68 55 90 44 69 77 31 61 47 43 70 
41 27 41 75 59 17 78 37 81 49 39 21 24 98 91 100 99 62 0 14 77 98 24 5 38 69 37 2 34 79 26 12 59 86 31 74 98 47 98 38 54 99 74 8 66 17 0 57 2 42 45 61 20 28 39 8 17 6 86 33 6 77 1 2 1 100 33 98 93 50 33 60 94 18 87 31 50 78 39 14 20 87 100 32 89 80 45 51 70 16 54 27 97 5 75 43 79 40 49 100 52 53 21 100 69 22 60 62 9 66 80 50 3 79 35 37 58 53 67 50 
62 12 28 48 73 79 39 32 42 28 88 92 66 86 49 20 87 22 82 16 15 20 46 73 78 35 93 30 49 16 66 32 65 58 24 29 93 29 94 60 40 74 94 23 73 7 18 97 0 57 64 100 9 72 98 74 53 46 27 4 41 85 15 20 22 16 96 79 92 54 52 62 47 55 48 1 40 32 14 84 14 43 25 80 29 92 10 57 11 24 95 46 40 90 12 1 60 56 33 9 37 79 1 70 52 95 50 70 100 51 84 21 74 85 56 45 3 49 97 37 
50 33 99 13 15 36 6 2 58 99 4 53 65 92 53 86 43 67 45 18 49 91 37 46 73 37 75 78 36 11 27 46 22 49 0 24 71 84 61 20 3 50 56 61 28 9 3 70 67 43 60 14 85 17 18 55 28 32 14 88 72 81 73 89 91 94 49 15 77 7 15 33 20 92 61 98 77 85 32 59 24 88 86 36 85 50 64 47 45 80 63 72 68 6 70 55 65 76 64 1 59 58 51 15 29 88 89 51 43 100 96 34 3 53 74 68 30 27 68 37 
40 44 46 98 59 11 98 71 6 31 46 57 38 1 67 28 8 41 16 1 30 5 97 90 46 66 58 38 24 34 65 18 83 7 56 24 46 82 57 22 24 9 14 37 52 65 37 40 63 79 62 76 2 12 75 43 56 91 74 40 31 9 17 34 66 82 37 4 99 32 89 8 45 10 7 45 75 57 97 32 49 1 88 3 33 41 17 78 16 19 7 50 25 79 60 97 60 16 68 32 0 27 28 89 94 48 82 37 44 80 55 34 83 66 83 24 95 14 7 67 
36 39 0 80 75 92 40 90 8 1 37 45 28 15 91 80 48 65 59 98 54 24 95 94 15 15 100 77 24 36 86 95 92 71 74 51 44 15 76 85 92 93 68 59 60 48 93 94 35 40 35 2 12 36 76 29 34 81 37 10 62 25 58 34 18 21 58 91 80 9 92 68 86 9 78 37 35 24 16 84 14 95 84 7 100 33 16 55 9 15 7 22 67 88 53 61 35 72 71 37 94 100 46 93 69 28 97 42 73 70 12 45 7 9 69 19 9 13 53 84 
5 57 78 78 47 7 12 92 3 12 80 93 54 72 43 7 98 81 31 52 74 2 57 84 22 43 49 70 82 5 74 39 8 39 3 30 86 44 71 34 17 88 32 91 99 77 38 77 29 0 19 80 34 54 91 82 41 56 4 6 98 41 18 14 68 40 98 1 84 30 63 45 70 27 54 59 25 6 80 77 49 2 25 0 86 45 84 66 21 38 65 60 69 81 45 33 55 26 39 63 32 94 9 30 68 58 75 73 46 85 39 64 69 32 56 93 60 53 29 65 
43 17 60 27 82 42 3 15 14 10 66 84 50 59 99 50 48 71 55 13 15 43 41 34 43 71 16 79 13 98 17 57 92 68 80 40 46 45 42 65 99 84 12 2 36 73 98 29 8 79 2 65 61 50 48 11 70 77 8 92 9 55 75 85 0 95 9 42 8 46 42 16 16 40 91 41 53 18 54 57 27 68 95 5 88 69 90 93 40 62 26 0 21 90 37 12 51 16 13 99 37 2 70 52 6 29 20 16 11 42 68 48 11 44 70 81 42 95 88 57 
85 36 39 3 33 26 54 70 91 93 87 51 78 99 69 22 17 48 30 19 67 40 50 57 0 51 95 73 60 71 46 16 80 74 66 76 41 94 94 97 78 49 63 52 60 12 39 57 11 97 100 23 32 5 56 28 58 7 13 57 29 79 97 68 95 56 3 24 90 43 76 51 3 91 64 11 43 45 100 26 11 70 41 89 41 50 80 59 8 55 51 77 22 100 3 43 42 44 84 65 38 73 16 73 44 75 79 97 12 96 91 72 50 40 39 89 70 37 65 55 
85 27 91 41 1 48 9 48 9 42 33 98 84 16 95 74 56 5 22 81 12 62 39 36 45 39 59 83 74 24 22 64 23 89 63 51 41 75 92 18 23 91 53 64 32 51 36 80 82 33 72 77 0 5 98 86 22 17 8 83 64 77 86 89 89 2 21 18 23 21 34 7 86 66 82 37 54 76 9 32 8 95 12 62 14 46 63 39 47 25 74 40 58 86 2 99 17 32 30 52 18 51 87 76 83 0 35 62 87 44 89 95 11 44 94 43 20 58 8 35 
89 40 62 18 45 10 32 80 45 49 62 55 53 96 78 20 5 95 95 74 92 2 38 29 80 77 19 46 91 95 43 94 38 19 4 84 41 94 1 64 82 60 23 71 80 12 12 28 48 95 80 52 96 33 2 8 53 55 47 86 6 51 55 14 12 20 89 3 65 15 96 2 82 11 33 39 24 24 35 42 32 77 38 2 93 58 39 55 35 57 65 35 92 40 22 88 29 39 11 31 44 72 55 73 37 86 79 99 15 61 35 92 69 82 50 92 93 43 76 54 
50 21 19 76 82 91 96 94 84 33 22 74 42 43 75 39 36 33 98 39 35 53 68 6 29 9 0 88 39 44 19 1 56 34 52 9 100 12 7 15 67 40 68 62 42 65 9 73 42 18 13 48 2 49 74 96 92 16 42 75 87 26 60 4 14 16 99 44 82 26 60 96 11 81 23 17 64 88 41 41 100 56 11 27 65 78 55 56 5 48 1 21 16 81 74 26 34 55 0 14 98 70 48 42 75 9 3 58 27 100 75 99 16 26 79 96 53 22 99 10 
38 78 87 4 53 78 61 81 14 45 74 78 26 55 87 78 12 99 49 44 80 97 68 62 17 62 49 14 51 66 63 20 98 58 7 81 90 91 27 37 1 49 50 54 19 72 33 28 46 12 0 89 93 64 47 41 0 52 76 79 4 76 28 84 17 24 4 49 5 50 20 0 34 93 68 77 83 61 52 27 17 61 81 16 86 89 60 11 67 70 34 80 2 94 75 43 14 23 70 92 44 51 9 30 69 96 28 43 9 45 37 90 70 49 24 36 4 71 88 92 
16 66 100 91 32 89 40 19 18 31 25 82 15 61 78 91 1 72 28 91 60 9 2 100 63 70 78 46 44 71 49 14 29 62 31 51 84 76 3 64 71 47 30 33 6 18 85 27 79 83 57 46 68 55 5 17 71 60 4 1 92 80 20 9 34 64 10 77 29 73 24 22 20 7 41 97 51 25 88 11 29 35 75 37 52 63 74 9 8 69 1 3 62 97 38 53 99 4 48 25 31 70 12 63 58 12 17 55 37 30 49 78 52 88 22 43 10 60 63 21 
67 62 96 28 78 88 56 13 0 26 98 21 64 38 51 16 31 33 31 47 67 75 63 82 9 77 45 30 10 26 45 57 50 20 57 53 88 57 72 56 90 15 70 49 78 7 97 25 38 86 50 90 52 20 53 81 58 29 47 76 32 54 77 30 65 25 93 18 86 98 25 42 45 53 11 72 7 84 80 64 9 72 24 48 80 73 70 94 92 39 42 89 20 86 83 9 36 17 73 7 1 38 25 6 19 4 44 50 94 95 39 27 71 9 16 22 11 10 99 76 
1 58 1 49 0 70 57 80 32 38 30 91 46 12 60 69 59 54 0 9 56 16 40 15 98 35 43 18 19 89 66 77 73 18 84 94 0 89 82 71 53 42 21 0 26 32 54 11 26 28 40 28 31 56 9 70 28 5 10 67 43 32 2 86 21 41 98 5 100 5 56 30 10 40 81 81 61 92 5 97 26 53 64 82 87 61 86 92 43 96 77 91 13 26 8 68 5 15 30 6 85 98 53 99 43 3 1 95 4 90 82 91 57 68 99 65 90 42 27 39 
80 88 97 58 78 92 61 44 21 40 63 38 96 58 46 79 47 12 83 74 99 39 65 100 13 33 62 50 78 15 71 11 9 97 74 51 35 62 97 82 54 65 60 83 78 62 25 80 66 10 38 8 85 53 88 84 92 4 94 67 8 38 77 77 94 72 20 63 77 8 69 72 80 7 71 87 11 66 64 7 14 99 62 76 96 90 77 80 26 5 46 34 16 6 49 73 94 56 1 85 37 40 17 84 0 85 99 16 41 49 75 90 12 44 96 77 79 40 42 32 
56 94 4 42 46 50 75 70 4 11 96 50 11 78 74 17 71 31 41 75 51 100 73 46 65 48 22 80 62 17 53 45 84 12 26 28 66 31 90 98 13 74 24 82 23 70 67 23 49 9 51 81 31 30 54 33 61 59 78 12 79 84 90 83 0 62 52 87 66 4 6 25 48 56 95 67 71 63 49 65 30 83 96 76 27 100 3 65 15 10 17 17 66 39 61 74 22 53 14 68 5 35 90 65 20 75 28 60 14 51 55 61 27 55 99 63 45 71 37 44 
41 30 72 19 96 0 87 62 62 30 85 16 41 88 70 64 28 37 21 30 67 25 90 59 73 54 100 18 34 82 33 27 5 82 90 39 38 22 28 24 77 2 34 45 35 19 22 66 37 37 38 56 86 24 46 2 35 61 2 13 1 98 60 68 67 23 13 76 80 89 40 71 60 46 13 23 96 23 9 7 71 20 96 92 12 78 30 97 63 0 14 34 81 77 95 55 79 55 87 32 11 27 1 82 22 59 94 74 71 14 92 85 86 4 86 8 51 78 10 30 
61 21 93 66 61 80 18 15 7 36 29 7 39 67 83 45 87 51 46 83 57 81 57 45 43 17 35 34 1 57 58 82 92 52 9 94 60 69 27 13 59 21 47 3 94 86 28 10 98 40 52 13 4 54 48 96 55 19 5 73 75 30 35 65 99 7 72 21 98 16 5 99 93 54 54 99 8 72 62 36 14 1 13 57 45 30 46 100 86 42 82 15 20 65 32 11 44 64 88 98 49 26 96 43 55 21 94 90 25 76 4 92 5 69 78 44 26 45 68 56 
79 76 38 59 11 15 93 33 10 51 30 85 37 14 48 9 25 71 37 40 49 94 13 51 52 21 100 76 56 9 43 57 37 86 41 92 30 44 63 81 10 59 27 37 3 100 58 68 22 74 79 13 87 71 82 52 70 82 42 98 25 84 74 40 51 87 52 85 49 97 14 19 19 8 43 71 99 25 52 89 67 29 67 26 12 76 18 84 85 87 76 26 77 93 43 63 82 38 29 92 88 31 32 19 88 43 46 58 56 46 31 19 49 85 48 43 63 40 4 20 
10 89 83 27 40 42 70 9 67 16 24 73 82 10 23 76 89 21 17 19 39 40 72 83 61 27 69 74 88 27 94 75 94 3 99 70 72 94 32 50 43 62 14 69 77 22 46 4 88 25 60 93 94 58 7 36 66 69 95 60 52 92 46 3 56 52 77 76 45 98 61 93 83 79 85 69 31 95 15 80 0 0 91 85 39 14 36 12 42 4 67 6 94 17 25 8 88 15 94 73 16 55 37 63 50 68 42 35 37 63 8 27 2 31 43 85 91 84 38 51 
86 17 27 74 96 60 89 68 80 19 13 93 37 48 34 76 10 81 39 38 82 30 18 92 29 45 89 33 0 58 35 2 18 0 5 42 83 64 1 18 48 68 71 34 9 44 2 78 96 15 16 63 49 64 29 56 79 85 56 25 100 71 87 87 82 21 50 40 68 28 67 7 32 55 20 56 3 10 2 67 66 71 10 91 25 57 73 96 25 8 86 21 42 52 49 79 86 5 17 88 23 54 26 20 6 47 32 18 86 20 78 3 25 61 20 41 29 83 64 72 
91 39 23 93 69 19 54 99 98 12 85 25 68 40 92 87 96 7 29 19 45 24 39 0 88 38 85 26 64 38 12 64 42 84 18 1 14 83 82 63 94 47 82 48 78 90 19 13 21 69 97 58 12 75 98 52 23 12 76 58 26 92 49 85 15 43 17 23 83 14 97 84 30 25 35 44 11 83 36 87 89 27 14 94 29 21 85 48 58 99 34 83 39 61 61 48 51 68 1 23 100 96 32 0 49 44 99 8 80 94 64 72 97 13 82 50 98 96 96 74 
53 45 44 53 55 10 98 47 81 35 49 75 30 56 47 32 84 90 6 69 31 78 3 15 3 98 55 97 71 28 79 25 25 11 25 50 26 12 97 28 33 96 38 0 85 68 68 98 7 51 59 35 39 93 70 27 67 83 42 21 24 47 69 46 63 78 9 30 47 73 82 93 4 34 26 32 47 9 20 4 5 28 42 7 40 17 8 13 6 3 43 12 77 59 68 60 64 96 2 57 86 21 2 94 56 65 40 36 66 7 15 11 32 35 83 36 78 66 89 74 
10 79 33 96 98 45 49 96 22 26 41 74 24 17 0 72 56 67 64 66 56 62 79 31 20 41 24 27 32 79 11 56 85 94 24 67 16 78 80 74 2 85 21 80 13 58 27 62 6 82 26 81 68 71 45 67 11 63 17 92 78 15 14 8 30 3 21 96 42 12 76 58 19 33 78 24 21 18 47 34 2 84 98 87 74 78 47 34 96 13 19 97 43 88 44 60 97 68 34 20 60 20 25 83 64 94 70 38 44 87 88 70 10 41 92 56 20 33 93 62 
53 29 46 12 53 47 51 93 82 80 61 71 60 56 39 33 25 97 12 37 90 56 17 80 42 89 45 25 28 51 100 31 19 52 42 60 97 19 63 43 8 70 43 63 21 48 86 68 11 69 27 6 82 56 50 21 90 22 91 34 80 97 65 71 99 21 11 71 14 38 63 28 42 69 62 57 95 20 70 29 77 33 48 27 60 100 92 16 78 73 98 53 87 89 74 23 5 20 75 6 7 50 3 17 47 47 49 65 34 63 84 85 22 76 14 80 43 44 15 85 
93 49 87 58 63 68 18 57 4 65 45 99 64 100 40 83 65 23 10 7 79 48 74 50 1 74 28 28 64 82 78 50 30 77 85 53 100 59 27 13 47 89 87 2 95 38 47 2 7 91 54 88 37 49 86 37 74 1 29 78 65 91 50 51 16 90 8 53 72 76 49 33 35 45 100 3 43 37 50 13 93 53 8 54 16 96 7 54 97 86 87 13 30 70 31 37 12 45 30 100 88 14 74 14 38 39 58 79 51 16 61 42 59 24 61 48 71 4 100 20 
22 17 28 51 89 98 12 69 26 12 58 100 20 59 60 72 94 42 70 52 97 88 87 48 94 28 50 97 10 58 70 51 87 86 85 53 3 53 61 80 9 85 30 87 18 11 89 77 57 35 55 50 14 61 17 81 62 76 15 52 71 100 100 47 91 57 17 79 88 8 59 70 20 23 61 46 56 37 76 94 26 67 9 12 21 53 100 12 51 64 81 49 21 46 66 83 94 58 48 75 2 40 72 68 59 39 12 84 29 54 58 56 72 39 76 78 84 46 1 9 
32 88 20 57 41 31 38 63 92 10 26 6 12 3 3 45 45 56 79 48 96 67 93 54 94 11 65 51 85 25 40 11 36 1 31 90 59 17 63 23 79 92 32 35 21 56 5 17 21 33 100 61 15 79 86 36 59 93 88 78 54 100 26 7 25 13 59 80 67 41 56 64 77 16 28 34 62 2 82 71 30 98 48 83 79 40 18 100 73 97 76 45 50 41 78 50 24 78 3 3 71 65 80 31 27 99 23 69 78 7 34 16 65 69 41 95 46 5 95 51 
11 55 73 83 25 82 20 75 41 61 85 66 27 0 94 39 21 12 69 30 65 12 5 80 72 7 66 59 15 26 23 90 27 15 18 93 32 58 6 17 56 44 65 57 21 90 46 33 28 72 85 8 40 68 49 61 9 93 40 60 19 67 3 58 1 60 19 27 36 80 26 66 88 6 98 59 33 39 42 20 32 34 42 7 56 58 52 10 88 64 54 91 56 97 22 76 6 63 99 48 51 10 3 20 2 22 78 45 11 74 30 5 65 73 89 89 3 94 24 50 
29 16 11 0 62 53 100 14 38 56 56 39 60 83 25 32 8 50 1 67 21 74 35 85 49 1 31 25 98 100 77 7 43 39 22 23 69 3 66 48 89 69 19 25 13 7 19 52 32 28 37 46 65 59 72 11 41 46 83 40 37 7 5 88 86 96 15 6 12 33 52 60 22 88 82 82 97 32 35 85 52 64 39 41 42 32 4 36 88 81 94 74 11 46 94 18 82 74 2 70 21 35 56 24 69 35 2 25 76 68 43 76 60 100 11 35 72 81 74 65 
25 37 95 96 10 39 42 81 51 6 58 55 84 62 40 0 49 99 1 56 30 12 15 71 63 76 35 47 38 91 49 42 36 14 68 53 45 26 10 43 44 88 28 44 42 78 40 42 86 35 5 23 94 67 99 59 44 27 79 9 44 81 34 12 76 4 82 53 2 14 79 91 89 55 100 73 73 26 55 19 43 23 31 94 69 98 36 35 29 34 4 92 11 1 32 14 80 34 67 91 43 24 48 26 56 65 90 4 96 13 61 72 31 48 25 22 17 87 40 66 
55 36 17 48 22 3 88 71 80 53 30 98 82 88 83 10 98 28 33 31 37 97 16 16 43 68 59 50 29 47 30 78 52 58 84 51 62 23 13 17 71 32 42 74 75 53 19 77 53 89 56 1 60 23 55 55 3 78 89 47 64 82 80 30 58 85 2 42 49 18 90 37 91 99 42 6 40 100 98 1 31 56 37 32 49 52 69 21 5 70 21 30 26 98 72 29 39 51 54 37 79 46 79 42 18 14 88 85 16 97 95 97 52 29 17 56 59 69 25 34 
83 65 36 30 44 36 70 59 18 19 74 30 11 42 30 16 76 10 72 73 1 41 7 92 99 91 83 7 61 22 10 74 84 99 49 67 68 11 28 27 47 33 63 87 48 19 35 49 66 65 6 26 84 90 74 20 2 85 29 49 16 38 40 5 93 73 87 53 24 85 10 48 74 96 92 67 82 10 70 21 26 8 69 25 48 11 48 5 95 46 24 85 33 50 0 91 99 96 64 5 58 65 27 35 91 27 75 41 75 14 84 21 87 86 39 93 67 44 28 7 
8 78 54 99 60 77 32 84 5 1 34 86 55 20 92 51 40 60 93 12 26 43 62 31 85 58 19 87 10 6 90 89 57 89 15 36 79 80 40 83 40 80 41 66 25 55 96 88 72 75 88 80 62 42 18 43 31 68 45 28 52 73 25 9 29 11 66 100 27 19 1 99 87 25 58 78 65 33 54 29 55 49 60 23 6 4 99 87 14 91 92 17 77 7 72 42 25 30 63 28 15 72 73 27 74 33 75 5 12 70 64 98 48 69 9 23 52 77 18 61 
26 89 30 39 24 43 73 11 81 59 51 53 93 58 22 69 38 54 12 48 32 61 42 81 66 32 64 68 69 9 45 16 95 84 99 6 11 13 14 74 50 98 33 23 20 43 15 32 2 43 26 14 7 9 23 60 17 60 34 38 36 4 21 70 63 19 87 74 30 83 9 34 27 86 78 17 2 58 68 97 92 78 14 59 75 88 40 5 63 6 10 72 86 19 31 91 20 46 76 44 14 55 53 29 51 25 71 70 43 73 8 73 80 28 28 39 21 44 55 42 
53 6 92 8 64 87 64 22 64 69 43 30 29 14 2 11 41 86 42 78 79 1 15 77 60 71 50 38 3 19 18 58 28 7 68 8 33 33 92 49 67 67 55 58 47 2 3 96 4 49 60 33 19 84 80 59 74 39 72 70 58 54 36 72 16 79 67 67 14 3 40 81 97 38 78 72 98 84 62 6 65 13 50 53 14 83 56 10 31 80 11 85 49 24 54 57 31 62 25 96 38 58 9 78 74 91 18 84 0 85 75 45 98 27 18 100 1 3 18 100 
47 51 48 30 66 97 44 21 12 18 13 28 1 74 70 13 76 54 50 14 57 88 91 56 71 55 68 81 20 6 45 7 75 10 30 66 42 31 91 11 29 91 98 91 23 1 19 64 12 3 58 24 7 20 28 11 100 22 83 53 30 23 19 26 46 22 62 15 83 83 73 32 29 46 68 78 98 27 90 67 61 74 81 22 62 77 17 72 3 20 11 6 68 86 13 42 44 50 16 3 26 1 63 7 89 75 58 24 7 78 42 76 75 51 41 22 90 67 46 50 
58 67 75 71 8 8 19 7 91 71 73 17 84 53 2 50 72 65 24 86 92 98 79 58 8 42 69 25 54 66 79 95 43 50 21 41 22 62 100 78 93 23 68 86 31 43 34 59 6 25 66 12 41 42 31 31 10 56 45 25 2 78 54 99 24 88 3 86 86 0 62 7 71 41 55 85 13 6 87 81 51 89 32 74 69 64 58 100 8 27 60 41 9 62 83 78 60 90 71 47 46 57 31 40 70 87 43 9 10 43 10 41 66 15 68 4 75 63 26 82 
88 61 64 79 60 56 80 27 0 67 60 91 66 95 28 53 59 38 29 48 3 25 54 84 1 24 18 89 97 13 25 8 36 100 36 46 6 6 66 35 91 21 72 2 56 65 76 87 92 95 5 21 30 3 14 28 89 62 76 34 54 38 38 64 4 77 93 20 19 9 36 75 22 69 82 17 59 49 13 46 67 100 83 94 55 40 61 73 61 75 63 95 84 11 37 64 75 29 27 3 60 45 26 85 91 47 77 36 11 11 1 68 65 45 90 51 36 84 29 36 
15 11 2 42 22 5 84 27 51 83 60 7 96 32 13 62 4 92 73 70 26 27 75 47 12 98 81 72 64 77 33 94 13 42 17 91 88 30 100 21 100 56 1 46 50 94 60 100 67 20 72 70 55 40 17 68 20 78 7 69 64 6 25 18 18 59 33 90 24 66 49 89 22 36 13 74 57 69 76 93 100 22 51 19 100 63 53 50 53 22 98 65 72 20 80 9 34 22 75 98 54 28 81 90 8 50 31 26 44 9 96 13 10 43 9 25 82 31 45 92 
100 82 23 50 65 30 72 70 14 96 55 88 94 79 48 10 20 36 95 88 98 63 84 76 5 33 45 82 16 33 81 18 19 14 29 30 57 68 21 49 8 78 86 1 88 88 77 75 83 1 60 91 12 88 8 37 95 27 55 89 69 60 7 73 50 20 11 63 0 15 71 10 89 48 71 6 0 93 96 78 77 20 52 58 94 16 47 100 81 47 50 43 48 58 80 79 92 68 25 12 27 79 8 18 28 40 65 83 6 13 15 91 51 38 24 31 13 94 76 75 
42 69 94 13 49 87 83 17 34 50 30 91 19 66 52 10 76 34 1 94 73 9 2 5 77 75 87 16 90 63 47 6 79 35 26 17 48 45 83 71 72 73 19 77 7 5 70 39 71 3 77 9 9 28 38 39 63 91 17 23 95 9 2 19 80 26 40 92 13 9 27 23 80 11 68 3 22 96 32 67 11 67 86 35 39 74 60 21 74 18 54 8 18 76 44 54 25 8 47 1 3 100 59 83 19 89 76 47 46 23 49 27 33 28 87 56 21 91 49 75 
55 74 96 55 93 5 18 45 59 100 9 43 50 76 32 58 42 98 30 68 38 30 73 44 87 12 44 85 43 88 45 40 30 94 45 39 15 3 18 5 28 41 74 1 43 0 19 15 34 54 56 70 52 63 84 53 64 65 40 20 51 87 19 10 81 7 62 87 39 86 80 14 66 48 68 44 24 41 88 47 85 8 68 51 78 50 32 69 77 51 95 10 70 10 23 91 59 91 62 12 45 83 62 10 70 16 86 84 18 95 31 27 21 46 96 10 74 85 28 41 
84 63 95 65 79 85 66 58 32 66 48 73 9 23 39 5 63 37 72 11 53 25 6 41 78 54 34 29 35 65 41 5 22 94 37 99 69 51 8 96 89 56 83 3 57 67 15 4 4 60 9 78 68 13 94 14 4 16 99 34 75 15 55 33 42 96 78 19 41 83 67 95 32 100 98 96 90 97 28 4 76 2 61 38 70 88 17 13 38 84 81 10 29 91 56 36 22 86 4 68 94 53 90 75 11 13 62 40 72 10 33 92 19 6 10 88 36 12 46 9 
96 30 94 13 2 97 38 28 77 92 52 15 90 100 99 78 42 24 16 8 36 73 8 32 29 49 19 36 95 15 1 26 58 20 41 41 51 32 87 83 100 34 18 60 42 94 2 72 94 15 29 22 44 82 26 6 73 99 75 41 55 68 65 56 12 96 10 55 43 73 8 93 78 53 8 1 22 87 90 43 50 95 11 50 52 23 46 22 61 63 70 85 2 52 62 66 65 20 88 65 18 77 23 35 49 4 86 99 0 35 29 17 80 21 42 0 90 79 94 54 
67 61 56 13 15 95 26 81 24 18 47 52 8 81 83 95 6 44 34 91 24 47 31 68 90 99 86 53 73 81 88 4 51 87 61 2 43 62 48 8 37 96 14 5 52 58 4 79 66 60 71 6 13 3 21 12 90 61 47 4 2 66 20 53 76 57 61 60 62 36 97 38 46 96 60 23 49 44 15 44 54 83 13 76 27 78 27 99 63 66 79 37 48 82 30 67 66 44 4 91 35 24 7 81 73 72 51 94 61 91 38 89 93 25 18 56 95 21 52 94 
62 63 17 71 3 71 1 29 1 22 98 25 70 12 30 75 99 52 9 75 85 10 29 84 36 87 20 3 16 16 84 78 47 60 84 99 52 53 77 85 46 55 0 31 24 80 35 38 3 94 60 56 33 35 18 92 100 46 55 78 71 43 86 90 34 35 44 23 65 68 73 1 12 10 80 62 85 82 94 44 81 85 73 9 22 33 50 55 87 71 77 69 45 17 96 28 89 15 38 100 11 70 92 46 82 61 54 42 42 28 3 86 51 78 51 79 27 0 88 48 
46 13 3 68 79 15 82 46 97 4 93 63 13 72 59 88 91 49 39 4 30 79 41 78 79 20 71 2 88 71 69 15 29 93 19 79 98 2 7 17 97 6 94 29 25 5 25 4 93 23 74 77 13 3 93 29 14 27 67 53 79 66 100 12 19 17 84 40 51 16 84 8 89 40 37 47 40 18 76 38 58 53 53 77 20 7 40 47 44 92 53 10 38 47 12 63 89 21 85 97 100 34 28 46 62 33 20 88 40 33 32 57 75 35 20 91 13 5 22 62 
26 80 56 4 1 4 66 60 99 18 99 24 36 29 94 0 62 0 42 45 19 2 40 57 4 90 63 10 46 89 81 21 3 18 4 5 42 79 16 3 72 99 16 69 49 5 0 93 77 89 18 41 26 100 74 11 7 16 24 8 27 55 98 57 2 10 11 75 5 55 78 29 55 88 48 28 74 39 87 20 60 30 45 72 18 0 71 65 78 57 18 31 3 78 44 34 66 23 49 64 17 80 66 81 69 61 84 42 69 49 55 10 3 21 45 59 94 76 12 63 
16 93 36 90 43 83 40 8 85 50 37 81 51 24 100 23 22 12 42 77 100 39 76 16 74 33 66 71 55 59 38 52 85 1 9 11 70 94 16 25 85 80 33 79 10 40 79 25 65 2 60 1 68 83 36 92 18 1 37 12 22 1 87 50 99 77 66 82 69 43 94 91 68 65 15 1 7 79 83 80 29 90 38 60 69 49 84 58 88 20 56 43 39 44 0 24 17 17 70 6 87 90 89 46 9 79 38 32 65 70 9 47 69 32 7 95 55 35 13 12 
29 3 13 58 17 30 83 40 74 15 76 47 50 85 83 62 87 96 37 66 83 45 86 80 69 41 76 25 23 12 13 10 88 22 51 64 74 95 95 15 23 74 45 9 69 28 76 7 80 66 93 11 87 34 56 95 37 82 26 47 35 25 36 78 93 11 45 33 25 24 64 68 48 33 45 52 35 36 47 72 38 93 41 72 48 21 52 7 39 84 20 72 94 34 6 17 4 41 50 18 12 6 37 40 17 1 68 51 69 46 10 77 69 8 67 86 16 23 52 18 
0 70 54 53 53 69 84 77 19 38 91 63 80 11 42 99 6 35 96 56 78 92 13 72 35 16 91 99 46 53 56 10 68 38 42 87 65 10 66 19 66 47 41 40 10 19 90 38 21 76 38 36 14 43 96 12 28 92 94 12 26 75 76 25 93 69 24 95 83 50 95 34 35 89 33 88 3 90 30 29 0 97 100 98 42 44 3 58 61 49 82 91 46 69 34 66 25 13 14 32 84 51 93 28 3 58 98 47 53 12 29 84 42 71 20 60 75 62 15 52 
5 91 6 28 13 17 39 66 29 96 7 80 89 38 40 39 4 94 75 80 77 85 16 23 85 46 75 20 41 81 20 90 4 64 10 11 57 52 49 62 81 18 89 66 50 80 32 18 76 75 46 97 64 12 85 76 88 56 17 48 28 45 44 96 31 77 92 100 56 69 55 2 55 86 31 37 48 10 80 33 19 13 24 48 12 93 19 48 19 92 32 12 64 62 56 9 41 48 68 75 19 53 17 64 3 5 30 13 89 81 7 1 36 77 87 45 96 98 33 32 
74 39 70 22 20 75 39 60 9 44 32 81 9 100 53 94 12 20 46 39 99 21 8 40 89 54 99 39 91 0 91 70 21 79 6 31 14 10 27 25 89 2 64 16 54 83 1 0 84 45 15 14 76 39 19 67 13 83 92 69 53 1 82 60 0 1 13 49 58 22 83 29 49 60 32 42 75 84 56 81 11 62 87 74 48 31 42 46 35 66 17 27 71 98 97 48 43 40 12 98 21 43 81 78 26 60 47 92 45 54 92 98 45 82 6 58 71 91 93 55 
32 43 8 28 70 6 21 49 2 23 85 70 34 90 34 41 10 81 52 17 0 17 73 9 71 100 68 69 59 69 31 79 72 39 85 78 77 28 29 74 41 74 35 25 17 45 15 6 79 88 54 29 53 15 14 29 76 82 62 29 9 2 27 7 77 39 83 92 2 67 98 6 9 92 84 26 26 53 53 95 88 8 13 93 79 94 88 63 33 46 9 80 41 51 16 54 81 34 38 15 42 76 4 5 23 85 48 24 20 71 69 100 19 32 7 84 95 22 35 54 
75 63 59 96 91 76 87 100 79 49 88 77 74 98 9 84 60 60 96 59 91 38 93 94 42 11 80 71 22 31 66 25 85 83 94 17 55 65 6 47 86 93 48 67 89 1 2 67 49 62 0 47 75 20 21 68 60 86 60 49 83 44 69 95 66 4 58 95 83 38 37 41 47 24 91 21 12 5 14 44 53 89 90 48 88 95 63 9 99 29 60 74 61 25 9 5 56 23 63 7 61 51 34 93 11 74 59 82 33 10 88 78 46 35 71 64 37 58 39 85 
19 50 43 38 19 44 61 33 63 72 57 98 52 88 58 51 22 78 61 97 74 60 5 56 72 18 93 22 53 81 57 11 33 58 49 44 64 3 39 99 61 70 90 11 15 2 63 96 94 36 35 60 5 44 18 83 4 13 18 44 22 1 87 88 41 90 9 87 21 78 2 1 68 58 41 25 52 8 25 96 49 60 16 86 60 2 37 63 23 19 62 39 95 38 33 35 55 82 96 98 54 94 36 66 6 94 56 1 39 33 84 84 15 93 61 47 97 45 23 80 
87 4 25 75 23 25 63 61 27 57 38 55 52 39 56 99 41 13 8 6 93 14 79 71 42 10 85 96 3 5 39 56 11 39 1 83 81 80 9 5 49 21 10 10 4 28 85 32 74 51 89 39 26 20 64 68 58 42 68 18 91 53 99 33 69 64 36 40 86 59 97 99 10 13 45 33 25 70 37 63 37 22 94 57 2 51 79 3 76 73 73 0 51 10 91 52 47 5 21 48 4 76 34 1 54 12 27 97 41 11 99 87 60 15 76 62 51 35 56 48 
93 83 44 65 80 33 11 67 14 40 97 37 75 72 31 23 64 59 33 15 41 68 44 83 37 33 31 59 95 46 99 53 50 44 51 6 49 39 13 12 64 83 15 94 99 63 62 46 87 87 95 65 75 63 86 37 84 80 15 61 17 95 97 3 23 31 91 100 64 98 54 60 51 3 70 19 25 93 92 52 26 37 3 10 24 57 57 28 35 38 98 23 76 1 70 71 88 88 84 92 79 50 67 65 12 29 57 65 94 8 77 66 85 99 46 77 82 59 59 100 
97 100 37 41 53 73 3 54 53 11 20 77 0 15 65 19 38 67 57 18 24 39 100 39 35 19 50 52 57 18 41 17 83 13 54 0 99 78 29 82 10 81 71 38 18 11 85 52 24 15 45 32 30 28 74 95 50 29 57 37 45 96 50 56 50 86 94 85 41 5 83 73 100 27 72 53 11 6 95 87 16 84 90 2 85 70 43 100 73 80 31 93 36 83 28 48 8 3 34 99 57 19 83 6 17 89 75 97 38 64 70 27 28 51 71 25 53 79 23 27 
47 21 0 38 59 40 90 99 90 79 10 98 57 3 92 32 7 91 31 84 66 29 66 0 91 66 85 3 61 64 25 9 78 89 97 81 34 25 69 5 50 18 87 33 38 3 76 61 57 60 88 49 43 90 72 36 37 10 57 68 70 25 52 53 6 37 34 31 78 0 64 65 93 28 7 72 82 28 27 23 40 21 14 16 65 5 100 93 96 56 1 43 81 16 26 6 73 81 16 59 97 40 100 84 6 2 59 5 58 56 1 57 20 46 89 41 2 38 72 4 
51 55 27 52 79 78 12 23 7 67 40 29 34 97 18 81 83 98 21 27 20 36 54 93 85 15 11 2 65 4 54 13 7 74 96 66 68 84 15 14 39 9 75 76 49 65 11 5 77 34 34 8 19 84 21 61 1 76 21 94 73 5 57 30 45 43 58 21 14 23 24 54 42 72 34 62 12 57 68 94 36 56 73 64 17 64 77 99 100 64 1 73 25 21 95 37 2 96 92 35 65 96 18 8 23 50 41 73 19 37 7 46 35 42 63 58 89 95 45 55 
48 95 28 1 14 62 68 46 10 22 93 74 7 37 76 6 94 55 4 87 15 100 94 30 1 69 96 55 22 1 43 21 85 98 44 67 9 14 26 76 47 7 51 67 30 61 1 43 28 95 49 9 2 100 85 95 2 78 78 11 9 23 91 94 0 85 92 84 74 100 10 74 36 6 100 83 63 4 92 70 84 58 37 89 65 76 52 80 7 33 52 50 47 15 87 69 83 25 47 41 70 13 61 79 24 46 2 17 32 18 52 86 69 85 12 95 5 80 74 17 
15 31 50 65 90 55 81 6 89 16 26 18 78 54 22 70 75 27 82 6 55 98 28 83 8 32 89 1 92 74 90 98 53 54 39 87 27 5 44 83 23 41 89 60 45 70 51 75 77 10 42 63 82 47 10 10 63 72 16 14 34 63 77 24 33 82 40 86 37 62 38 66 0 19 15 38 60 66 32 95 27 19 20 79 53 21 83 88 44 35 45 68 44 53 15 0 98 3 38 1 73 17 3 35 21 15 46 22 54 73 23 34 75 73 81 38 5 51 75 1 
60 57 73 71 95 72 67 53 10 88 28 97 38 94 21 82 13 11 78 48 36 32 59 100 17 54 42 86 88 11 26 58 99 94 95 84 16 41 11 69 98 41 49 53 89 2 49 73 40 83 33 2 28 10 66 64 84 62 65 76 74 74 80 29 53 52 88 5 35 31 62 50 16 85 42 43 50 60 45 31 90 21 68 80 15 61 26 62 33 87 2 37 14 15 25 25 42 69 73 3 86 67 77 2 47 92 15 40 41 39 4 90 55 29 50 80 27 98 0 98 
31 6 29 18 86 69 29 65 34 51 100 75 90 49 22 22 50 86 21 59 80 98 36 75 22 21 7 77 92 27 49 13 1 89 2 93 60 40 53 6 93 1 60 70 83 40 82 30 76 24 65 28 9 80 8 70 61 82 46 12 87 73 60 98 28 79 30 68 0 56 1 100 33 20 90 40 27 67 84 67 51 38 18 11 22 68 64 13 100 34 73 71 33 50 39 16 63 6 96 8 2 93 67 81 77 45 65 28 67 33 28 43 97 48 11 95 84 18 0 35 
47 45 84 9 30 9 83 77 97 33 54 40 24 87 37 73 46 83 67 33 49 27 72 77 17 93 81 53 97 36 43 94 18 47 27 65 93 69 1 92 91 27 48 5 72 47 43 27 8 42 88 46 55 55 90 87 37 85 49 65 56 45 12 19 57 12 30 14 44 45 12 65 32 10 77 48 70 38 38 29 37 19 37 60 66 4 35 6 89 30 100 61 56 69 100 95 26 17 60 25 75 4 36 47 11 48 67 7 20 62 75 36 85 72 35 95 2 9 9 58 
28 94 88 98 46 50 10 60 30 89 78 99 98 71 83 95 67 70 99 66 65 41 64 49 2 87 40 54 69 74 22 39 95 51 52 88 38 96 25 36 96 6 32 90 63 36 79 9 73 80 62 59 40 58 34 62 15 58 57 63 32 17 56 20 36 31 17 87 33 88 41 25 19 76 52 24 88 24 21 79 45 63 50 78 11 8 29 89 37 1 82 58 16 64 9 0 39 3 15 68 85 23 50 88 1 33 45 47 51 84 73 1 8 5 73 57 39 14 97 70 
41 34 9 3 20 60 84 43 52 61 30 57 79 0 38 17 8 46 99 12 76 57 85 20 27 61 97 96 84 0 1 37 79 11 97 39 37 65 93 96 17 25 73 82 78 52 11 39 27 65 54 11 36 95 45 28 59 86 51 98 40 25 3 48 76 82 12 17 3 48 97 45 86 26 44 20 88 2 58 52 5 89 4 63 66 93 21 87 30 47 63 81 49 37 80 5 31 71 81 75 54 69 61 3 38 88 41 92 24 18 15 93 16 80 91 58 91 56 43 44 
5 89 34 16 26 20 49 81 64 65 39 51 56 84 95 49 26 77 43 6 28 32 5 71 53 82 68 45 25 54 44 64 17 37 19 94 37 2 17 8 4 33 84 31 16 73 52 51 75 19 99 38 49 22 80 8 12 66 92 23 70 83 27 46 57 27 62 54 54 65 41 80 83 13 23 77 2 46 10 83 90 25 60 66 47 86 48 35 93 57 35 5 95 38 33 80 37 68 93 87 56 24 40 27 14 59 49 20 62 86 24 45 38 17 53 59 43 99 89 31 
34 27 81 4 9 39 65 99 46 25 63 56 41 84 52 56 61 25 88 58 91 48 15 46 59 3 16 15 83 43 96 29 69 26 11 6 38 34 85 36 34 6 62 33 18 76 41 3 87 64 13 97 4 32 74 87 82 83 83 64 22 48 7 51 21 22 4 78 45 51 12 60 76 16 80 23 8 52 74 98 10 0 98 100 25 47 94 12 61 14 21 73 63 46 91 2 70 31 72 13 75 41 63 16 96 54 80 96 40 48 88 97 64 44 84 11 16 56 26 23 
5 75 47 67 36 40 55 9 22 21 1 76 66 74 18 22 56 36 12 60 56 71 21 96 12 23 61 2 93 2 49 14 47 26 100 28 10 31 19 58 92 61 23 62 59 38 89 53 86 58 92 87 68 0 88 14 44 77 69 22 55 36 7 54 79 77 61 61 9 20 33 72 48 36 44 70 7 90 63 15 97 25 29 18 41 52 45 57 83 62 71 52 94 31 74 70 14 26 12 87 73 96 43 30 49 58 26 4 34 25 20 78 93 49 47 52 92 93 31 73 
1 6 29 14 35 37 38 74 90 38 71 30 71 23 31 48 80 3 75 30 28 19 23 65 35 81 41 34 65 55 56 76 15 54 64 35 45 88 31 90 96 84 32 76 9 68 46 32 79 63 54 100 11 99 88 96 81 32 22 56 63 24 100 89 97 82 21 9 40 57 53 40 17 73 90 16 50 69 68 66 86 21 35 85 1 81 11 83 69 21 13 34 47 1 47 69 70 2 9 10 81 69 41 31 74 35 89 6 98 25 55 47 32 0 14 50 6 28 34 34 
57 66 50 31 4 52 30 40 27 18 8 18 24 86 72 89 46 12 78 78 87 14 40 79 20 14 54 52 39 41 48 78 67 60 83 40 61 26 17 100 97 19 94 24 20 82 59 38 4 76 11 5 20 25 85 58 33 25 20 3 35 7 52 8 46 47 51 47 3 27 0 62 12 59 47 95 19 4 8 81 55 66 8 75 0 43 99 94 33 44 70 12 69 30 73 86 100 67 83 5 63 65 96 14 80 27 79 4 49 42 11 31 26 34 5 24 21 31 25 95 
0 93 81 19 6 76 14 98 64 45 30 1 64 62 94 3 15 87 14 82 63 73 25 39 3 84 58 73 22 52 24 47 73 42 3 32 13 10 45 75 80 67 16 4 28 80 18 10 91 48 57 11 30 11 82 63 33 99 47 61 73 96 73 26 59 99 34 33 73 70 4 50 41 23 72 40 93 93 50 100 100 92 75 83 68 69 0 56 86 55 84 38 40 30 52 62 15 45 16 39 7 20 9 14 50 19 31 79 88 53 77 32 24 52 99 62 12 84 27 11 
64 17 11 25 99 45 19 78 47 70 47 0 44 8 23 87 86 71 47 57 79 59 70 0 60 4 51 9 72 15 43 52 53 50 53 5 49 11 57 2 80 30 61 87 75 81 94 63 71 9 46 2 51 58 4 60 74 5 20 2 96 68 87 5 56 71 37 31 87 66 91 73 70 48 18 62 31 94 31 33 94 9 22 14 87 4 94 58 97 41 43 53 71 46 8 69 95 88 61 37 74 68 37 97 72 29 81 14 46 43 98 53 74 70 93 30 76 90 8 77 
23 21 78 53 61 84 65 27 18 97 0 87 65 3 54 34 35 45 15 58 4 84 70 22 93 89 64 68 8 55 7 61 7 62 87 38 42 88 55 47 92 62 32 38 16 18 99 10 69 70 73 25 1 65 83 75 99 67 46 40 89 16 75 93 98 33 22 9 26 30 83 78 70 72 46 45 41 40 17 14 16 34 58 4 50 13 97 87 5 83 62 75 48 86 93 85 41 10 51 4 51 74 26 62 31 66 45 32 53 31 30 3 88 8 15 81 20 8 3 7 
38 96 46 61 46 56 68 75 45 42 47 42 21 15 56 66 14 76 41 9 50 93 53 46 2 0 10 100 52 18 29 67 10 77 72 50 89 8 23 92 12 70 29 42 79 83 0 0 69 61 47 43 88 47 85 38 73 22 60 22 20 75 33 80 80 88 21 92 38 18 62 75 39 32 4 5 49 95 1 25 4 81 4 80 51 19 85 22 38 37 63 31 61 78 96 88 88 25 23 15 32 71 84 7 34 61 33 30 5 92 8 34 27 98 73 2 0 47 86 81 
29 39 55 94 80 57 7 6 2 74 52 7 13 82 16 10 68 3 32 46 72 18 98 53 37 45 38 51 4 87 8 56 95 62 5 28 8 68 49 33 81 88 11 79 9 95 84 67 84 84 43 88 78 33 10 84 3 83 82 72 32 73 31 37 45 83 51 94 7 2 80 42 27 8 5 51 74 91 40 72 22 82 57 99 1 75 45 37 19 79 20 78 53 85 34 3 21 28 57 32 44 3 98 58 34 65 95 96 74 80 34 99 56 49 41 63 70 92 87 7 
42 21 40 33 55 92 28 58 47 27 98 37 20 64 89 33 7 65 40 23 26 36 37 22 92 63 65 67 79 79 54 77 87 1 29 49 49 36 13 49 98 91 24 32 48 25 44 76 23 87 95 44 94 35 94 79 99 92 37 18 73 57 53 5 54 85 35 67 11 65 66 77 78 64 10 85 85 75 62 79 34 77 36 56 85 4 95 22 5 24 97 70 43 24 48 43 66 51 18 29 57 87 50 95 58 5 100 60 14 51 74 14 9 81 4 27 97 70 22 92 
45 23 66 22 9 54 6 71 95 50 11 6 80 6 53 78 90 79 8 3 89 38 8 5 67 99 79 88 54 9 34 21 64 100 89 22 90 28 77 63 24 35 88 40 27 44 96 36 72 51 84 24 37 68 37 97 19 28 39 82 34 22 70 34 9 96 82 70 6 91 95 69 22 90 97 77 80 18 40 75 52 30 91 40 94 27 74 96 73 89 53 8 39 57 87 40 28 55 9 44 4 92 72 79 79 2 90 81 13 51 97 54 76 54 84 1 13 58 27 88 
44 72 88 71 70 78 86 85 37 75 17 47 16 40 7 62 99 71 59 71 16 45 66 7 41 13 43 69 25 9 50 68 79 34 75 72 8 98 51 73 35 78 90 15 43 24 55 25 93 5 63 15 87 47 68 59 6 10 99 82 49 44 74 29 71 7 87 86 8 24 45 17 60 51 87 7 19 5 32 35 19 14 72 80 14 85 39 49 23 74 39 4 48 65 10 29 42 12 4 45 54 96 42 67 61 10 45 1 27 16 86 72 100 75 30 50 6 54 85 51 
