30
30
46 5 49 37 82 54 37 3 25 27 44 33 10 82 54 53 44 92 12 72 49 60 59 43 20 78 57 14 18 98 
82 81 87 65 0 54 64 75 96 95 42 65 79 28 45 77 11 7 65 32 36 54 52 33 27 27 7 80 5 100 
76 35 11 30 87 86 50 23 40 100 20 31 0 13 96 68 100 66 68 48 31 41 52 25 30 94 86 21 35 68 
60 13 74 59 98 28 66 77 2 5 28 75 90 12 5 50 27 0 95 78 93 8 59 89 47 38 81 0 94 28 
17 20 31 67 59 77 28 9 80 2 94 83 33 43 87 48 1 8 44 84 23 63 60 8 41 24 26 88 43 32 
9 57 15 63 52 56 83 42 100 27 36 67 51 73 50 12 48 20 86 13 80 14 48 56 63 97 39 74 79 24 
3 58 10 64 7 86 22 12 67 41 38 3 3 87 58 27 44 11 86 55 72 6 1 10 82 41 85 33 9 88 
62 98 37 94 46 48 46 67 43 49 50 93 55 28 87 86 33 7 26 11 21 63 40 92 24 66 58 65 16 9 
2 43 18 26 58 81 32 31 1 16 60 52 74 52 47 68 89 76 93 43 61 74 83 34 25 83 50 3 95 51 
35 62 2 58 72 20 66 42 93 11 50 46 52 0 79 60 68 92 22 88 61 85 94 8 1 7 22 20 3 74 
53 80 82 25 27 9 85 56 33 46 37 82 36 57 8 46 45 23 37 59 25 42 27 3 38 19 18 4 21 55 
30 15 95 45 20 84 5 19 51 10 71 0 30 95 1 32 29 41 19 3 4 52 24 43 32 27 87 52 87 64 
23 33 76 44 58 83 41 65 38 78 71 19 12 8 77 71 22 4 80 29 38 14 37 83 31 75 59 32 22 50 
62 46 23 22 36 55 90 94 52 34 17 60 2 26 55 23 80 50 96 55 3 8 45 94 59 83 88 56 34 61 
76 32 54 21 17 16 66 91 18 52 39 31 14 28 86 29 18 2 2 30 37 60 79 77 14 22 48 100 42 0 
50 67 27 76 23 22 58 60 20 43 61 47 49 94 2 100 50 47 69 93 1 37 57 46 86 69 49 83 77 54 
74 91 11 40 44 34 1 72 73 77 34 7 67 14 35 92 61 81 16 82 12 87 10 96 15 30 79 67 45 55 
47 34 77 81 25 76 17 71 44 60 85 86 1 82 73 83 29 95 79 53 72 21 39 62 26 99 30 0 80 51 
48 94 100 21 89 28 66 57 60 55 55 15 29 24 38 46 95 51 43 79 17 45 52 45 10 58 87 55 18 77 
72 31 62 96 34 85 24 57 64 95 51 71 63 28 2 83 27 4 55 69 68 79 78 51 47 2 30 48 21 66 
26 78 48 17 80 56 89 28 91 50 40 85 26 42 0 3 97 58 53 68 30 94 22 9 62 59 58 61 45 12 
22 45 8 26 62 73 10 70 95 68 50 49 9 39 35 11 97 9 86 61 16 55 8 31 65 8 77 93 29 29 
78 77 44 79 82 92 75 79 13 68 100 20 47 67 3 11 44 79 76 15 33 12 85 34 13 54 63 61 73 13 
97 55 16 58 84 45 16 52 82 65 73 47 66 17 99 27 0 40 78 56 77 58 55 61 76 5 16 63 56 30 
59 62 73 81 50 92 91 83 43 1 76 3 38 3 34 56 70 65 17 97 14 54 57 54 28 9 61 49 53 48 
73 70 83 50 70 39 97 21 38 33 69 23 82 76 90 56 15 50 92 18 82 13 62 26 92 98 63 50 14 20 
59 20 77 30 2 43 57 70 2 60 14 98 47 32 4 27 99 72 49 93 5 26 11 46 66 44 1 75 72 52 
95 68 25 2 73 1 77 25 38 19 50 15 74 52 67 28 25 59 8 77 86 24 87 67 46 70 46 54 69 48 
6 1 69 90 19 91 4 50 30 98 1 3 1 93 65 26 44 87 69 92 21 59 20 98 43 67 17 5 59 55 
48 3 12 97 73 20 87 23 58 4 73 73 54 8 4 30 69 88 63 65 63 41 46 69 2 36 28 72 11 21 
