90
90
92 66 97 70 91 70 78 86 64 21 3 68 44 78 13 18 24 44 78 2 63 47 95 52 91 34 79 66 59 64 28 18 5 97 94 99 72 38 81 42 52 33 29 88 64 36 52 61 16 65 54 99 37 67 72 74 86 63 18 89 52 92 97 9 40 49 64 17 42 41 86 57 33 34 54 54 19 17 53 24 75 46 21 60 44 75 16 11 34 43 
35 48 82 59 52 71 61 66 32 84 58 93 84 26 86 82 9 73 26 98 21 5 86 25 53 16 33 31 92 99 97 83 92 31 75 95 18 60 61 88 23 74 66 20 40 34 31 34 6 54 38 78 84 67 19 81 64 83 25 89 12 60 16 42 53 18 31 45 61 90 16 47 8 86 55 57 46 74 44 93 23 64 96 14 90 58 78 97 95 99 
38 85 54 20 94 28 23 76 56 32 99 31 96 58 6 90 10 64 68 62 98 77 16 97 54 11 86 47 6 94 52 25 36 100 1 76 59 5 48 85 46 30 65 20 51 62 62 46 19 75 41 61 79 43 41 31 0 15 30 32 1 12 22 15 31 31 68 92 78 81 85 100 92 84 77 22 88 27 58 84 75 11 88 32 18 29 44 51 48 2 
33 76 37 99 88 48 37 47 56 38 57 48 57 27 22 7 34 96 35 14 56 92 81 66 67 16 7 0 84 77 89 10 75 88 100 7 28 89 69 38 34 23 79 87 67 13 83 94 71 99 37 97 43 17 86 32 79 59 29 100 79 48 16 6 34 53 49 92 90 79 8 70 7 78 4 54 66 97 93 21 35 47 0 87 62 69 24 44 4 22 
87 69 90 67 61 57 0 49 83 15 84 40 77 31 61 76 71 11 23 5 10 93 67 74 51 95 74 23 28 75 35 30 71 62 38 60 13 95 41 40 51 80 45 16 22 21 33 53 55 9 91 62 7 18 26 27 52 84 84 93 41 98 26 5 97 31 70 92 93 14 49 73 78 57 86 12 44 95 80 6 75 42 25 10 42 51 65 43 53 76 
49 85 24 31 21 66 3 61 43 29 28 29 59 77 32 44 97 75 7 21 51 7 14 2 22 66 15 6 14 42 38 24 30 83 92 41 49 39 9 42 80 48 12 70 89 87 9 87 75 98 29 41 4 50 10 21 2 26 98 94 34 29 31 5 65 61 59 58 98 94 92 48 10 92 94 0 47 2 66 5 81 78 29 85 97 62 92 47 93 78 
48 33 79 4 95 17 40 90 61 27 57 98 14 42 43 94 85 33 65 43 36 34 68 33 66 4 53 7 65 91 28 86 5 76 25 85 35 55 26 93 17 75 26 2 77 82 44 5 73 40 27 6 84 69 28 50 60 16 58 79 60 75 59 5 13 37 99 14 20 76 15 49 97 10 62 77 92 10 87 41 68 49 45 96 67 41 80 82 30 25 
60 36 79 0 44 8 22 91 22 18 38 5 68 60 54 5 3 89 10 47 28 49 63 64 77 34 17 59 4 94 83 51 79 0 34 44 38 36 49 15 94 38 58 2 74 16 36 20 74 72 32 25 78 43 8 73 66 63 1 53 25 53 82 19 58 87 60 70 6 77 83 34 51 90 14 47 19 49 49 41 41 78 70 94 24 63 63 27 7 30 
37 76 47 89 17 26 97 40 78 88 67 1 87 76 24 10 63 70 79 68 21 59 43 42 53 100 91 80 53 13 58 0 23 54 40 93 60 22 13 7 4 18 44 42 4 68 73 7 1 43 74 71 99 70 17 37 60 19 34 31 98 11 62 44 50 22 3 12 90 98 86 4 78 95 99 91 90 84 26 6 28 38 59 46 81 91 31 81 83 28 
59 34 97 45 30 25 59 9 41 95 30 78 91 46 91 73 27 90 42 46 49 31 7 65 24 29 49 63 30 0 43 87 30 56 92 77 39 54 85 43 86 58 28 29 9 68 37 55 25 10 3 59 93 58 62 28 27 41 60 1 74 35 68 3 33 22 40 14 1 52 71 23 15 64 10 69 7 70 78 91 64 93 88 29 95 28 25 78 94 95 
81 62 47 3 57 51 87 76 57 69 14 34 96 88 27 45 27 53 20 63 28 91 59 38 40 7 39 65 43 73 37 6 69 86 81 25 43 17 72 56 58 70 95 69 10 53 60 35 64 53 69 50 56 93 43 34 37 24 17 32 85 63 9 41 38 68 71 28 92 5 50 80 100 68 30 64 22 57 41 91 77 21 85 17 92 70 62 19 48 76 
69 62 45 41 53 39 89 74 55 79 12 4 4 42 58 52 14 55 98 86 97 25 3 87 72 70 7 86 45 72 1 78 98 42 39 86 99 98 61 76 49 59 11 29 1 12 62 97 87 88 0 88 57 65 29 100 33 93 21 63 73 56 10 29 58 99 27 86 48 60 54 88 5 78 51 36 51 86 45 52 8 13 66 98 99 10 77 91 6 91 
99 37 18 72 81 42 44 1 75 74 89 0 84 54 52 5 16 81 0 72 100 22 18 88 3 16 17 74 42 1 10 11 97 87 30 84 26 76 93 5 52 41 76 70 59 24 54 43 62 50 30 98 52 88 4 39 81 45 36 24 92 49 19 65 2 40 21 20 72 44 36 3 23 12 75 47 35 38 36 1 72 57 59 60 82 91 57 21 1 19 
48 64 98 69 72 90 34 63 7 74 60 71 99 13 79 53 4 16 51 26 78 41 94 100 62 17 59 72 57 43 70 64 67 51 70 5 55 37 95 30 80 75 20 51 6 3 80 82 16 62 55 67 41 87 0 35 28 76 97 23 28 24 9 97 33 93 21 9 18 19 94 64 42 37 82 25 93 95 64 39 1 67 74 33 30 32 2 91 58 92 
20 19 86 93 37 16 80 33 60 26 19 76 94 48 78 64 52 12 2 22 80 44 13 83 9 94 59 96 57 9 11 91 29 16 55 2 3 12 37 22 66 39 34 76 25 38 18 68 71 96 3 1 71 94 92 50 51 10 82 23 36 74 3 22 36 21 13 15 51 82 62 4 76 42 28 63 24 45 22 87 9 19 34 17 89 94 0 19 89 90 
70 80 92 3 73 76 22 70 41 94 43 6 29 86 13 85 17 48 78 38 22 56 23 34 9 70 100 34 42 69 80 28 49 55 80 90 25 17 28 5 25 49 14 72 82 38 60 37 79 11 76 89 25 45 74 3 75 51 16 12 0 13 64 37 58 28 97 39 0 45 73 14 74 100 85 94 74 82 83 21 58 28 92 50 8 1 74 9 21 84 
55 74 76 59 29 57 57 9 9 93 5 56 58 62 0 49 4 72 10 82 80 17 95 50 64 79 47 52 28 10 6 22 53 3 72 80 25 6 82 15 12 29 3 66 14 45 51 68 68 72 27 58 30 15 32 83 55 51 44 92 7 57 26 54 100 20 71 5 76 30 31 96 71 60 76 60 81 21 43 57 65 44 99 91 95 39 9 28 73 17 
38 61 62 37 97 20 46 67 45 21 60 77 70 12 42 54 89 78 79 77 47 93 41 91 40 71 7 4 53 64 49 23 32 97 51 96 31 74 43 58 1 86 9 51 12 17 57 77 7 73 60 88 64 54 5 65 84 56 100 4 48 88 4 8 24 86 62 83 25 75 95 95 73 97 46 13 53 15 9 46 95 39 10 48 80 33 65 35 12 97 
97 4 52 18 13 96 70 64 73 31 24 92 58 13 77 25 76 22 80 42 74 46 68 20 53 37 66 100 75 100 11 73 12 26 78 47 62 81 13 2 95 27 28 78 0 56 7 79 47 92 100 83 22 49 98 73 72 62 19 58 35 8 96 29 95 89 67 43 18 56 68 8 88 76 31 71 12 69 92 85 50 98 14 85 79 53 38 93 59 100 
94 17 20 50 35 79 61 39 99 65 27 40 23 0 52 18 86 79 95 21 51 52 90 43 53 40 83 24 80 64 52 82 22 29 85 22 57 1 8 22 81 53 43 33 22 86 93 39 7 16 55 74 11 58 1 55 41 100 34 13 100 78 74 87 33 14 87 9 53 6 65 46 43 94 2 2 8 47 76 8 24 33 24 9 77 72 83 74 90 8 
8 44 58 1 11 65 65 47 29 42 31 84 48 61 71 32 58 94 53 42 70 94 58 4 78 74 7 15 97 83 48 32 12 58 52 36 49 79 1 64 66 67 78 16 19 1 9 25 98 54 80 10 73 72 11 57 81 48 28 79 74 85 28 28 91 6 95 54 17 4 3 52 97 30 1 58 94 82 62 16 97 34 46 69 23 20 88 53 36 78 
37 14 50 77 52 17 34 59 14 44 20 8 76 19 23 54 14 8 53 47 2 52 43 10 30 3 74 81 76 22 2 61 71 96 89 17 44 37 53 54 34 50 52 31 57 52 94 38 97 27 12 54 32 37 16 38 69 13 9 66 79 0 62 18 11 80 56 10 49 86 81 68 38 98 15 46 12 18 73 70 80 29 68 25 76 93 67 26 72 31 
86 44 97 27 90 70 24 33 68 61 93 9 38 72 94 86 20 21 7 6 83 85 83 33 6 96 52 22 45 53 14 88 65 28 55 10 39 17 84 30 52 4 48 74 49 99 35 76 59 12 92 30 83 97 7 24 26 94 2 31 85 75 67 17 11 8 83 64 9 54 7 74 36 58 5 25 0 69 59 60 68 52 27 81 93 56 42 96 88 83 
25 7 17 20 96 73 84 26 26 31 39 33 12 6 16 16 79 19 29 68 47 70 50 94 15 40 89 64 55 63 59 78 10 31 76 2 64 71 15 6 7 89 97 56 95 70 82 88 96 76 92 44 57 48 97 41 52 72 24 32 32 13 86 13 80 90 93 57 91 56 59 52 77 46 89 69 1 85 52 31 95 36 13 12 57 56 83 9 82 4 
45 29 30 18 4 35 55 73 96 70 28 25 96 85 24 87 56 89 35 89 4 42 75 62 85 40 48 74 56 62 92 69 85 51 63 60 23 16 40 85 90 19 16 41 56 68 79 29 82 76 58 68 25 6 92 52 62 97 74 49 13 22 96 66 94 40 8 52 26 14 15 10 35 95 48 19 70 18 50 63 80 17 66 42 21 25 16 73 17 34 
69 4 24 52 96 78 5 85 69 81 44 47 21 33 71 79 45 69 28 87 37 52 90 76 26 83 43 47 32 82 15 61 43 85 8 86 42 98 52 73 29 63 63 8 42 51 81 71 54 83 29 17 37 48 29 13 54 44 48 58 90 26 91 71 91 83 96 79 49 56 26 89 58 8 88 53 95 64 32 8 79 90 25 80 17 15 7 82 14 80 
39 61 52 1 28 99 38 93 41 33 95 77 39 60 3 52 86 66 52 82 32 88 42 82 99 57 40 31 37 7 84 25 21 3 42 44 51 62 18 37 91 34 13 42 98 58 7 3 43 73 23 99 1 83 48 66 14 42 54 40 95 40 28 3 49 85 98 41 85 89 19 78 81 76 77 57 3 43 2 35 92 28 35 41 73 13 99 48 40 21 
28 24 62 40 60 66 68 30 38 12 52 42 93 95 2 61 13 34 42 28 58 36 53 49 59 12 18 88 71 50 68 81 93 1 1 38 81 80 93 79 73 1 6 8 15 87 16 81 7 98 60 47 92 64 84 83 36 72 27 96 71 39 82 59 21 85 31 57 34 85 86 45 37 87 28 37 86 96 68 36 62 88 100 14 60 45 25 18 76 88 
53 0 56 2 50 34 59 14 37 62 8 82 64 65 17 84 55 81 20 20 16 64 100 97 69 47 59 53 34 70 76 27 38 62 69 87 63 78 76 96 17 38 54 84 47 4 34 13 9 94 22 36 85 37 90 40 54 1 80 56 83 94 22 45 54 59 73 51 53 33 100 16 9 0 56 57 88 41 12 4 77 33 4 18 32 24 67 24 59 1 
56 3 40 50 80 31 23 44 10 13 6 45 18 84 27 2 45 42 61 8 40 75 88 40 18 62 50 47 38 87 94 28 36 53 32 10 11 56 4 62 89 21 9 50 38 0 9 93 94 45 88 80 62 58 98 95 6 82 10 68 77 92 35 88 18 95 92 22 90 8 91 41 21 63 41 0 96 29 89 91 16 41 68 2 37 57 53 67 64 81 
96 9 13 92 100 5 43 18 86 11 27 90 6 93 95 69 77 36 80 17 42 27 85 35 21 5 51 80 90 75 57 20 14 85 36 20 71 73 58 63 27 61 53 84 19 78 4 79 47 98 7 25 27 34 17 7 77 92 71 76 15 36 18 99 79 29 33 30 86 58 10 67 31 9 14 67 98 94 14 25 41 86 84 10 90 96 90 21 35 93 
64 81 30 55 97 29 29 15 16 75 87 84 43 99 23 86 26 77 3 67 61 16 32 62 39 28 3 44 8 49 22 100 6 20 90 20 80 61 59 46 24 23 8 53 73 53 62 2 28 14 7 75 24 53 88 79 65 52 70 0 94 99 4 10 3 80 32 48 41 84 18 36 82 60 51 51 67 67 50 52 17 28 31 0 62 89 68 71 73 6 
51 36 100 20 68 45 98 40 14 12 38 41 69 65 24 64 18 12 5 72 19 13 15 65 91 97 1 77 14 25 60 20 99 57 94 1 29 71 90 66 11 25 81 71 61 93 82 8 45 36 22 69 61 19 78 84 90 49 58 14 36 65 72 90 55 46 64 92 96 60 41 61 57 85 76 100 21 89 8 83 19 2 40 28 31 62 39 90 93 2 
68 6 74 38 82 60 59 26 74 21 16 18 86 52 27 25 29 19 69 37 25 88 22 53 67 45 36 78 16 1 25 11 49 29 63 55 75 42 94 64 36 93 6 21 95 64 41 62 90 49 50 44 11 32 54 86 23 33 75 16 47 33 39 92 65 86 11 81 1 15 45 35 10 50 65 34 50 77 39 44 89 68 84 7 45 13 39 87 25 62 
57 29 47 35 40 64 33 6 76 26 27 49 78 62 19 31 97 22 29 97 99 57 24 40 73 59 40 87 17 9 72 72 4 40 9 19 5 42 75 3 45 18 11 95 24 51 12 23 97 37 40 49 51 7 53 0 3 48 4 60 92 74 0 35 36 70 1 75 91 83 59 89 45 59 53 99 3 15 95 74 4 1 13 24 70 1 33 47 56 49 
88 0 22 51 36 30 56 69 98 9 91 19 5 25 74 33 24 7 45 18 26 14 90 97 16 16 57 2 26 100 83 22 85 19 67 2 23 80 84 12 5 22 30 38 94 50 4 17 62 6 11 10 19 1 48 100 31 97 50 92 4 88 4 91 42 18 29 1 67 22 6 87 11 48 99 46 81 80 59 28 36 94 54 82 47 74 57 52 45 89 
70 63 30 97 90 92 3 38 39 21 30 73 82 80 98 60 83 89 84 70 58 36 68 91 39 9 12 71 14 33 80 23 48 50 45 56 84 87 57 11 46 46 1 70 31 5 50 39 81 84 58 62 16 34 45 65 31 4 94 42 78 61 21 24 4 50 2 63 29 100 56 2 47 95 14 48 99 66 41 1 42 79 23 100 26 92 82 73 47 96 
31 86 39 93 10 54 19 65 31 11 47 86 9 59 82 100 95 78 51 48 47 30 9 68 70 9 89 60 22 7 26 92 0 45 72 13 26 47 80 54 70 69 39 73 89 74 93 56 56 94 62 55 40 7 4 87 66 90 58 87 65 70 29 44 85 4 85 68 92 25 97 40 9 64 94 61 45 95 23 14 92 68 37 37 77 6 19 62 28 80 
12 65 56 56 86 46 11 78 14 12 29 40 63 73 83 26 92 81 11 78 87 39 84 36 53 35 7 28 38 76 61 10 10 16 93 40 39 30 4 23 3 26 16 100 30 99 67 59 67 58 75 22 61 12 54 34 45 50 13 12 40 10 22 17 17 5 70 61 17 84 42 23 87 7 6 59 98 18 71 44 76 26 53 45 40 85 47 83 1 74 
79 56 51 17 30 47 59 56 75 66 14 79 47 64 91 11 53 2 28 47 50 10 34 34 66 7 94 81 100 76 54 75 15 59 87 2 82 84 7 9 40 26 12 81 90 7 61 45 64 13 61 65 78 75 95 9 95 54 33 97 59 34 68 26 80 44 93 56 56 42 32 76 21 57 5 30 78 6 41 52 65 60 43 89 97 5 20 97 81 50 
90 95 72 79 19 9 65 73 62 25 84 45 94 6 47 77 29 21 8 30 8 36 58 98 44 77 40 12 18 67 3 54 95 10 54 92 92 45 81 40 12 51 88 21 67 98 20 23 10 79 98 49 90 0 1 14 45 98 45 51 84 71 57 42 82 30 86 88 68 69 86 20 10 33 89 44 16 19 90 94 43 61 83 23 94 73 34 41 69 37 
80 84 82 54 13 75 61 41 72 97 91 50 79 93 37 99 6 6 26 15 82 26 41 65 47 4 31 47 93 23 51 59 15 88 0 9 36 76 62 69 82 4 79 21 67 26 72 73 74 8 80 58 49 17 68 29 35 22 99 33 19 73 70 32 97 98 87 16 26 75 65 39 82 66 63 82 67 42 79 43 41 50 96 49 80 61 16 39 85 69 
28 15 82 19 34 46 75 23 94 3 96 14 60 92 92 12 21 21 55 27 57 0 79 35 98 99 14 52 27 86 57 58 4 7 26 59 39 49 79 8 7 19 4 70 48 46 8 50 29 92 25 19 80 11 60 44 45 85 19 41 75 11 59 86 55 76 7 33 57 32 14 91 82 52 55 56 71 59 36 31 43 30 93 60 52 18 15 46 64 32 
99 64 43 51 55 71 74 52 53 37 19 39 21 85 41 8 58 19 39 98 30 42 13 41 73 38 76 18 76 62 37 43 27 66 82 83 67 84 47 7 86 0 40 94 54 25 91 66 37 82 22 17 10 35 40 97 61 34 7 82 94 68 7 57 25 7 16 82 69 27 55 72 51 27 78 37 68 49 14 6 3 7 81 68 9 28 24 57 35 96 
74 16 94 87 19 35 21 74 53 59 24 60 12 96 25 33 26 29 40 31 7 55 46 62 48 12 83 8 35 46 25 18 99 8 14 9 86 39 40 14 22 41 18 100 9 91 55 100 85 31 72 61 90 63 4 93 83 66 32 13 55 46 53 93 79 29 39 58 49 65 14 82 31 61 46 71 59 76 96 0 33 100 7 33 77 24 61 78 100 12 
58 69 75 31 52 59 39 0 9 83 84 89 69 89 48 4 19 55 33 51 73 71 9 33 14 71 98 28 37 11 39 81 0 95 11 99 62 55 77 50 39 1 98 77 21 71 68 56 23 45 1 3 83 71 57 39 28 38 48 28 54 66 62 98 20 86 52 82 32 69 18 46 100 59 90 46 37 74 4 84 3 81 64 82 71 15 73 85 86 40 
57 48 39 31 50 0 33 78 0 66 26 20 26 22 38 75 47 8 5 94 7 23 85 72 18 64 24 55 91 74 42 50 67 92 82 50 91 68 49 81 36 94 79 24 68 41 13 60 10 64 67 13 85 1 39 15 7 16 86 90 72 29 76 15 31 70 4 27 82 1 74 22 35 51 98 22 92 78 30 74 12 58 27 40 1 92 73 27 36 30 
54 62 49 79 61 71 64 0 81 90 31 82 69 3 97 74 89 18 45 36 94 25 50 49 91 63 33 99 31 46 9 89 27 34 68 6 88 57 35 69 10 40 30 49 26 23 51 79 96 71 46 24 14 37 16 34 58 61 62 2 76 87 66 75 49 55 77 53 90 33 47 5 78 27 85 20 80 93 98 3 21 26 70 10 50 47 8 15 20 67 
89 7 79 67 6 73 94 59 96 31 36 93 19 35 32 59 25 71 86 49 87 59 92 92 89 45 35 54 76 25 48 85 9 85 70 85 36 91 7 50 34 41 67 47 63 63 75 45 28 2 49 1 2 44 74 15 13 50 14 19 84 86 48 19 99 11 28 52 0 17 68 45 13 79 96 53 53 96 48 51 35 49 96 29 65 98 31 30 30 71 
63 60 21 65 56 6 86 6 78 88 68 82 78 4 81 7 97 77 23 98 89 75 79 66 89 11 93 96 60 91 35 10 20 77 8 92 9 25 12 52 81 75 14 44 94 37 8 23 29 98 89 5 52 10 82 6 86 33 75 25 79 88 49 95 1 29 34 15 75 68 39 9 99 85 7 63 97 51 93 96 85 73 51 20 1 2 78 73 85 24 
86 74 73 66 25 46 99 84 15 82 54 96 46 77 86 20 10 59 50 24 12 30 21 63 27 0 31 98 69 35 93 36 63 70 36 23 20 97 31 72 22 7 61 10 22 46 51 16 1 29 27 79 8 31 71 45 65 62 94 100 57 37 17 30 30 62 58 7 56 27 34 63 23 40 34 57 5 82 67 73 58 34 4 57 47 47 13 47 7 74 
3 44 60 16 52 100 84 22 13 58 65 69 88 51 88 31 68 11 69 45 20 0 46 53 47 42 31 35 28 35 49 66 38 57 15 40 49 15 82 86 33 76 11 76 31 77 35 27 50 92 10 41 99 57 36 12 0 65 97 40 93 48 25 39 16 83 11 59 90 68 44 54 41 96 82 61 43 50 93 42 71 84 38 0 51 70 78 34 71 12 
33 27 60 46 32 12 37 46 11 99 42 96 75 71 97 44 82 47 90 95 64 41 76 79 66 7 66 44 53 66 71 23 37 72 13 32 1 44 1 68 24 40 42 79 52 4 91 73 15 80 4 26 39 35 24 63 51 69 42 41 81 55 90 15 69 50 21 52 77 50 44 68 87 38 27 57 78 17 63 34 80 46 12 33 6 94 42 3 23 62 
19 5 14 6 49 70 36 18 26 57 50 52 38 23 67 25 82 92 68 7 66 91 11 87 49 32 62 84 27 59 77 27 89 35 63 100 49 89 66 5 63 45 85 66 22 57 26 79 78 62 69 63 100 62 72 29 20 21 65 32 79 11 81 99 68 37 100 15 27 87 69 5 63 97 0 27 43 48 50 34 96 69 72 24 33 38 81 85 37 64 
29 41 25 41 90 12 29 89 51 68 5 63 99 56 79 5 67 50 5 41 34 63 26 92 2 51 5 3 7 58 3 26 43 6 84 58 59 52 87 1 87 28 80 78 62 23 18 97 20 23 68 58 71 55 84 40 63 79 2 81 20 19 48 14 87 30 36 4 76 60 58 39 72 23 43 93 0 24 29 92 79 70 57 68 97 25 22 90 8 32 
50 24 10 94 38 24 84 75 33 92 15 55 53 59 1 54 40 42 3 43 16 24 18 38 49 9 94 49 6 94 39 55 1 56 49 27 68 32 18 35 50 69 6 33 18 29 69 15 61 68 52 17 30 61 2 92 96 8 47 40 65 70 27 44 18 25 28 82 2 77 75 41 27 38 75 22 27 8 19 92 72 92 80 51 42 99 40 70 82 48 
59 65 93 44 26 11 45 34 44 28 57 52 47 22 51 42 63 84 29 55 74 24 85 59 79 87 7 16 44 69 93 95 84 29 95 77 28 8 28 2 100 26 41 54 25 81 58 33 0 54 43 84 11 69 77 1 94 19 71 74 32 93 37 24 63 82 32 91 77 83 28 79 84 0 58 44 18 83 55 42 41 18 40 47 48 72 87 38 45 91 
85 16 83 71 36 89 12 97 44 81 24 86 82 94 26 67 62 65 1 59 74 44 9 77 84 40 15 86 3 5 37 83 96 69 47 14 52 58 63 44 30 86 94 87 54 48 48 16 40 60 8 0 12 41 41 34 36 76 25 33 77 19 78 43 84 80 84 22 16 86 65 7 59 41 63 83 35 43 27 98 95 42 49 0 21 18 71 71 23 18 
78 23 94 24 84 41 61 78 26 23 97 13 6 18 93 70 67 63 30 24 0 23 94 12 68 53 8 69 7 89 67 80 84 98 64 51 41 29 16 63 80 77 82 18 55 3 70 73 0 57 8 27 90 16 21 63 26 57 75 88 69 38 36 59 79 59 23 99 56 25 84 47 11 87 70 64 8 32 67 84 95 75 78 77 36 96 73 92 63 36 
2 7 17 3 54 95 56 86 1 89 15 81 58 8 27 30 6 66 83 91 74 64 84 46 76 78 67 34 70 33 80 10 19 6 74 29 4 47 17 92 98 2 71 5 93 28 17 27 25 16 20 41 80 79 11 27 99 1 74 15 6 32 85 71 19 64 92 53 71 17 88 81 31 79 53 41 44 38 9 59 82 23 91 37 0 98 90 53 16 15 
79 15 7 93 33 73 31 40 19 48 59 95 20 61 82 71 62 59 53 22 81 31 64 68 26 33 68 33 36 83 76 49 9 36 75 26 65 6 57 94 64 100 49 49 74 41 73 70 26 66 35 86 63 48 37 30 94 82 29 81 61 63 76 77 62 19 64 20 55 61 90 56 42 68 95 56 27 62 15 79 27 91 80 54 58 38 96 58 5 90 
76 65 43 33 3 42 98 17 45 83 23 86 9 2 22 30 73 51 86 100 59 8 24 44 2 29 21 4 82 9 73 31 51 45 53 16 63 28 18 62 64 59 99 68 20 70 62 40 53 93 84 86 74 81 16 64 13 0 23 83 25 81 19 84 100 38 98 92 21 48 73 98 16 0 45 9 95 90 68 22 86 13 78 12 29 12 11 67 3 66 
88 87 83 70 92 88 69 48 68 62 36 11 99 49 44 95 76 82 37 100 44 51 10 67 98 40 53 27 78 27 41 26 87 36 51 98 88 20 9 36 93 92 68 20 97 68 32 70 15 95 60 44 59 17 52 69 10 21 49 38 99 13 27 22 23 74 61 9 43 96 17 94 35 49 31 14 49 76 92 82 68 30 30 55 19 84 61 14 45 96 
83 60 42 74 10 76 43 46 69 91 22 64 70 56 53 17 95 97 41 13 44 66 61 21 61 37 82 65 10 78 9 22 44 76 49 88 17 47 34 27 21 76 65 69 96 25 50 79 84 27 65 99 81 18 10 60 9 30 13 10 63 81 35 6 24 20 39 6 36 67 3 69 88 34 82 39 58 77 49 50 8 24 62 14 13 21 14 94 56 32 
11 98 48 0 40 21 52 85 75 60 96 57 32 17 68 70 32 30 44 45 21 44 33 64 60 52 96 68 24 95 75 30 21 68 75 59 69 88 96 100 31 50 76 61 27 55 69 6 48 55 92 63 39 39 54 38 72 48 10 99 39 13 77 61 48 8 84 58 69 86 6 48 53 56 25 27 78 77 1 58 98 88 76 63 46 65 39 2 45 58 
90 81 89 85 55 48 21 84 26 73 39 15 46 39 40 22 24 64 35 70 52 36 55 43 51 63 51 43 98 26 9 51 49 92 66 72 90 84 14 3 82 70 57 87 55 100 73 62 35 44 66 63 19 47 34 0 36 1 5 6 33 14 47 91 67 37 66 62 92 71 81 43 27 12 81 10 2 27 16 98 49 17 45 48 63 90 4 84 12 35 
72 67 27 60 0 5 4 35 98 92 59 93 34 99 91 89 26 52 15 42 96 14 59 28 54 81 8 24 85 87 96 38 56 33 93 29 73 76 68 72 42 54 61 29 60 13 50 39 64 36 53 40 60 59 92 45 91 38 44 76 24 24 36 96 9 95 61 82 79 84 43 85 18 23 93 49 79 51 17 74 26 82 84 74 48 95 92 61 39 70 
43 53 51 51 95 63 77 5 74 32 15 86 69 33 14 81 69 31 69 31 58 26 86 95 84 46 6 35 89 53 46 65 1 10 2 46 54 41 65 59 96 36 53 33 91 58 91 42 4 45 70 99 49 17 94 17 16 33 47 86 34 66 83 20 44 88 57 81 0 94 20 23 8 45 76 25 32 10 3 53 94 0 33 73 80 1 13 85 48 92 
96 85 71 27 69 77 91 89 52 20 86 2 13 97 46 12 98 30 44 21 92 53 90 67 59 7 78 38 59 39 20 6 2 11 73 90 7 94 27 61 9 79 6 88 41 18 64 88 31 88 76 84 73 79 53 16 45 10 100 8 56 62 78 32 55 46 27 34 84 78 85 85 48 7 93 70 31 15 18 31 54 62 20 54 67 76 26 45 59 22 
75 75 0 60 99 15 51 35 24 59 46 13 16 37 65 85 53 36 80 59 78 47 81 77 81 76 64 84 89 1 98 4 94 31 58 31 50 27 21 28 23 80 43 29 35 14 51 97 25 18 21 4 77 9 70 20 62 23 49 71 45 13 99 97 85 26 49 41 43 22 38 36 5 31 89 30 69 35 28 59 46 8 100 23 45 27 4 13 20 1 
33 83 44 78 89 54 62 82 66 77 75 32 39 46 40 37 65 0 23 73 15 58 64 81 15 49 45 29 15 87 93 6 44 27 0 30 71 77 2 78 53 31 13 43 75 44 10 46 98 64 41 76 97 2 24 43 51 83 90 78 76 0 64 6 22 44 92 5 52 18 1 49 58 70 56 47 34 84 62 47 34 6 45 73 50 7 45 22 42 42 
68 44 81 25 67 75 77 95 91 89 23 12 73 43 37 96 69 20 38 60 88 72 2 60 48 85 50 25 24 27 97 44 92 62 61 99 54 83 83 64 79 48 25 90 73 23 66 52 7 74 52 11 86 32 30 28 15 42 1 45 82 15 47 45 88 90 58 91 82 53 21 47 91 22 11 53 39 63 67 79 9 97 99 39 47 27 18 63 96 98 
6 39 92 36 41 31 4 15 14 82 37 90 79 75 50 28 69 31 50 7 80 83 7 23 69 99 47 96 86 16 95 66 7 17 9 25 54 94 47 78 96 42 56 98 84 67 0 81 48 34 36 19 89 57 57 65 72 25 33 71 64 21 1 73 57 18 61 95 89 53 83 65 82 70 78 32 67 71 4 75 2 41 41 83 35 75 31 27 25 2 
86 98 15 42 39 77 92 43 76 3 95 23 16 67 68 26 52 8 91 20 34 91 56 94 54 69 27 58 55 30 86 79 42 24 2 65 89 87 92 37 99 49 42 100 58 3 99 13 99 39 47 4 19 70 2 25 44 98 44 62 73 16 66 79 46 59 23 97 99 78 4 32 78 70 37 28 32 32 5 5 29 56 4 81 36 81 8 79 38 72 
29 48 1 32 41 3 10 97 70 32 64 66 49 12 21 39 0 62 89 67 27 92 46 92 0 20 32 29 64 46 32 41 85 96 78 32 78 9 30 36 52 81 97 62 2 86 97 3 89 93 48 84 70 78 53 42 55 79 12 85 84 36 68 20 82 4 55 30 20 9 82 93 35 58 61 69 23 97 91 2 90 24 5 57 40 83 9 38 87 1 
26 15 72 69 4 21 49 1 59 61 97 96 26 38 73 5 54 81 47 33 30 63 0 14 46 32 32 16 5 7 84 100 58 16 35 90 90 26 45 53 21 30 30 95 95 71 20 42 93 33 30 32 52 46 76 22 4 63 66 14 16 94 50 36 73 47 58 17 9 26 63 5 50 80 45 19 87 8 92 80 10 36 58 32 3 82 31 47 75 82 
41 46 32 56 36 60 33 93 81 3 59 66 19 51 69 79 14 38 40 81 48 31 58 61 42 67 16 74 25 95 27 31 48 24 74 0 65 10 26 25 14 35 32 19 5 79 82 65 68 20 84 39 46 44 72 43 77 63 43 22 17 28 31 55 31 99 15 0 83 56 15 14 38 66 63 51 55 28 60 87 61 64 16 88 77 82 19 97 34 26 
58 13 74 9 32 40 90 81 79 74 95 61 5 45 27 38 77 78 69 85 0 88 60 90 53 20 84 7 99 94 79 66 30 8 22 66 34 59 4 42 19 59 91 61 42 70 22 32 37 29 12 14 99 95 86 99 49 7 23 38 2 61 80 31 10 12 47 75 76 21 67 68 30 8 78 42 67 32 94 44 41 66 74 40 21 30 3 46 86 38 
13 78 27 23 16 61 69 52 79 3 51 19 29 41 83 44 9 95 8 75 63 28 40 32 47 56 61 87 100 38 49 51 23 37 99 65 33 0 59 11 22 56 76 87 40 77 69 69 3 12 53 51 75 59 1 4 32 14 51 94 80 25 59 84 20 13 79 49 4 96 48 39 61 90 58 20 73 42 16 76 38 68 56 12 75 72 9 22 64 1 
91 82 17 50 16 76 34 90 29 16 95 68 46 40 9 88 21 47 3 89 19 22 48 71 30 100 82 34 70 68 75 57 72 39 73 47 37 7 63 70 82 50 74 74 83 21 67 35 19 78 55 10 1 16 2 64 6 100 27 80 97 39 62 72 90 48 88 45 21 71 97 73 39 91 76 28 48 48 55 58 13 53 29 64 26 68 0 15 12 60 
31 6 96 43 21 23 52 93 60 5 11 64 32 74 46 83 20 64 81 51 12 22 35 34 10 40 36 50 92 98 76 54 3 25 67 1 3 36 63 23 18 23 22 93 7 83 33 3 22 91 69 40 83 4 84 61 61 37 55 97 62 85 70 56 86 68 61 16 88 16 58 82 87 21 24 58 27 57 83 56 13 5 61 87 68 65 44 76 64 66 
95 84 39 41 59 88 43 2 0 76 18 4 62 35 4 18 41 66 65 23 67 2 13 92 32 14 85 12 62 43 13 97 38 78 87 70 28 53 30 6 61 34 81 54 64 73 25 59 79 64 99 28 69 93 90 45 13 80 47 73 78 33 27 54 5 72 3 5 9 88 58 70 41 68 77 4 97 39 9 31 3 18 13 97 66 67 92 43 27 65 
22 71 52 98 76 10 43 43 32 45 82 72 3 77 3 17 78 27 79 7 88 32 44 56 10 7 21 15 24 53 84 46 5 62 95 99 20 2 17 97 66 83 15 48 21 56 68 25 63 92 21 3 34 72 47 32 44 25 0 79 61 100 11 61 73 69 31 26 62 73 52 50 73 14 81 1 11 54 68 74 25 55 3 78 92 100 18 75 85 24 
26 53 68 31 45 82 50 52 47 8 0 40 76 43 58 52 30 53 53 6 40 76 21 5 29 77 91 51 73 95 75 0 37 41 78 43 14 90 12 33 45 29 17 98 83 54 40 24 69 9 30 45 39 81 92 6 2 45 90 36 38 75 12 28 44 44 63 14 37 41 78 19 28 12 28 69 8 80 80 0 6 48 23 23 71 11 4 28 58 6 
23 92 13 24 70 9 91 76 15 16 82 78 58 8 10 8 27 100 41 39 25 34 96 36 33 54 97 30 22 86 48 83 37 93 90 56 34 46 92 70 48 38 76 85 80 23 91 43 6 78 46 4 92 46 0 81 57 39 46 72 11 65 87 6 91 37 9 32 34 77 33 58 41 68 15 8 21 2 34 72 81 50 28 86 77 91 27 28 87 1 
80 81 55 27 68 47 52 95 20 4 81 90 44 4 46 73 50 64 84 8 2 39 87 36 42 62 28 22 24 15 2 21 7 95 15 0 70 40 81 95 6 95 16 33 25 98 65 79 56 94 55 70 67 54 76 43 58 92 93 24 53 8 44 19 70 2 60 40 25 91 46 15 55 45 60 65 65 58 43 72 32 8 8 98 71 95 28 99 97 88 
59 48 33 47 74 7 86 99 34 38 13 28 76 52 100 69 59 54 15 16 88 79 93 46 21 30 97 88 66 81 37 94 93 54 41 51 46 51 87 61 69 49 45 17 7 30 5 40 86 49 59 55 14 16 82 76 31 26 37 75 47 6 68 3 1 10 92 44 28 44 75 58 32 66 86 3 93 25 72 35 62 98 2 54 10 46 79 51 71 89 
46 59 25 68 27 85 97 46 35 56 15 49 8 3 39 16 63 97 9 10 15 44 27 36 12 50 74 71 52 77 77 21 16 70 97 32 48 81 30 82 18 78 30 88 73 74 11 78 48 100 60 5 97 75 74 7 70 71 72 61 64 74 66 79 28 30 66 76 25 30 90 77 68 74 49 11 58 25 92 69 24 19 4 6 89 8 47 42 9 53 
83 72 17 97 65 43 29 84 20 62 70 19 39 38 33 27 52 67 93 2 37 15 35 29 57 48 88 67 10 14 11 53 30 99 61 29 33 44 51 17 13 96 16 50 34 10 22 59 79 34 51 26 12 50 98 56 87 13 51 20 57 34 81 57 10 1 23 44 47 11 31 21 47 51 24 14 55 42 8 55 68 15 90 14 53 19 98 55 0 48 
63 55 55 60 96 88 60 33 16 18 41 32 60 71 78 0 94 100 39 8 1 27 16 41 70 87 22 79 36 30 86 59 86 90 31 12 57 49 77 97 25 4 79 88 65 48 31 15 6 84 63 87 88 98 78 95 58 67 53 67 57 4 9 23 74 69 46 86 66 6 93 27 59 3 70 59 48 81 4 78 22 26 4 100 92 3 85 50 46 47 
