80
80
16 37 56 4 7 55 23 34 6 35 91 19 41 36 48 54 94 99 41 87 53 19 96 81 100 24 26 25 95 10 36 35 7 34 73 42 33 91 100 48 46 5 26 87 81 15 100 21 60 46 81 84 42 64 52 21 42 3 68 22 36 49 71 52 79 51 86 44 86 92 42 50 68 78 3 63 47 62 35 47 
63 11 15 61 25 10 97 92 55 78 79 51 8 57 76 44 22 88 5 40 84 79 83 85 49 52 11 51 41 98 10 13 36 36 5 91 8 29 91 3 1 50 66 63 76 37 71 18 6 12 47 72 11 56 64 64 37 19 47 65 67 20 57 83 58 85 19 13 72 15 12 70 40 79 7 80 77 33 84 47 
17 74 43 78 48 15 28 59 44 94 97 95 27 84 82 72 11 1 52 44 75 91 77 36 29 87 26 25 61 52 19 10 1 23 78 68 31 73 11 85 7 10 85 19 67 52 18 55 6 74 50 65 76 25 79 10 65 97 62 76 83 28 76 13 81 35 25 79 96 66 7 4 44 92 54 70 35 70 50 44 
82 79 54 23 57 54 27 3 41 24 56 43 69 68 34 78 0 30 45 58 97 63 47 56 92 16 14 80 5 56 61 58 38 63 8 25 96 19 91 45 96 99 30 80 50 92 78 71 50 34 95 23 54 92 56 99 69 93 83 50 53 63 27 34 83 66 29 7 51 8 82 82 83 18 57 80 51 85 98 47 
75 2 77 75 78 50 20 94 38 54 68 11 82 86 23 27 16 42 6 34 62 89 49 34 33 98 44 14 64 42 16 20 53 7 37 56 34 0 1 48 20 13 77 18 19 41 100 65 1 54 26 62 29 30 25 12 11 23 42 35 23 12 90 83 89 67 100 11 82 56 66 20 80 89 8 33 25 2 49 71 
9 82 15 60 73 55 34 75 77 75 5 53 52 25 39 39 71 70 21 4 0 56 56 20 72 25 67 43 38 17 26 78 85 99 90 7 24 41 54 58 55 27 62 54 72 32 2 50 22 22 65 82 18 11 89 20 44 6 45 56 3 40 56 76 50 95 12 85 82 41 35 31 27 40 7 89 56 96 13 97 
37 9 89 79 1 1 29 12 40 79 47 96 52 53 79 59 69 100 27 5 56 47 15 86 23 52 30 22 18 48 28 68 69 41 21 73 55 5 93 7 70 57 62 50 70 88 79 82 23 56 85 80 57 71 50 57 80 72 45 33 52 55 34 97 37 54 96 34 89 45 81 40 70 5 90 4 42 92 95 33 
94 33 16 55 32 96 18 99 57 29 16 15 58 44 34 40 28 23 45 72 71 51 73 11 96 16 41 10 100 54 69 78 62 3 72 0 23 66 38 21 5 77 46 60 20 80 29 38 68 22 54 88 79 24 62 27 97 45 94 37 99 68 24 34 30 60 95 74 37 64 91 76 15 82 1 87 23 69 3 71 
68 97 26 39 28 31 100 44 5 60 26 86 27 32 50 3 54 9 95 87 7 28 94 28 20 77 16 16 67 89 58 20 90 54 53 35 91 8 54 32 61 74 72 11 45 76 25 33 9 50 99 29 75 47 94 92 21 32 63 100 86 73 97 48 0 12 74 23 43 31 75 4 17 35 98 41 27 62 8 45 
30 70 17 48 84 12 4 10 68 21 54 1 82 41 0 18 29 6 39 74 11 87 93 63 85 65 9 20 20 69 47 25 19 35 7 52 39 90 90 70 35 26 59 31 60 61 83 100 98 86 31 34 21 0 47 16 40 20 27 57 50 43 37 3 63 66 15 59 64 46 54 30 54 20 79 97 56 84 34 74 
70 88 8 28 83 3 23 91 62 48 41 17 28 96 12 7 2 87 18 39 19 96 71 23 23 73 64 92 91 98 46 40 98 46 29 17 4 51 66 90 85 86 42 20 87 37 49 14 68 31 86 38 79 52 47 91 23 46 79 100 42 69 18 98 25 81 96 84 65 46 23 84 13 33 39 29 15 31 71 58 
9 87 22 7 49 28 69 39 82 59 60 90 20 69 39 100 35 3 98 85 34 27 75 6 57 27 45 29 9 0 52 60 4 93 53 22 75 79 62 23 67 38 49 58 22 95 5 39 35 6 94 85 35 22 29 79 56 53 37 38 37 50 68 60 14 20 99 53 65 33 58 81 1 47 22 66 89 31 33 65 
7 67 11 4 61 24 87 21 84 53 62 61 84 37 54 7 2 31 62 36 38 89 84 71 44 42 22 8 29 63 88 58 72 72 43 43 71 72 90 11 43 12 18 92 33 61 21 38 32 23 14 4 55 19 51 70 37 10 72 32 26 45 70 11 89 92 59 26 13 19 77 5 32 66 32 54 93 33 11 1 
8 97 99 3 68 43 28 32 41 81 35 88 81 27 69 18 50 81 41 35 64 72 89 82 57 82 48 91 34 9 87 46 98 0 38 85 35 14 81 50 89 52 99 19 39 73 18 10 18 72 92 25 0 48 74 41 36 48 84 68 72 83 48 57 95 97 49 68 20 54 4 16 16 29 67 30 10 66 61 87 
93 49 94 57 97 91 2 59 86 12 61 20 78 60 43 16 32 26 60 76 10 73 0 77 75 70 22 68 66 32 92 51 19 61 76 56 8 46 98 47 31 95 3 18 95 89 47 78 41 45 54 62 93 83 12 88 88 77 42 0 86 50 17 12 15 22 45 99 39 23 4 76 12 64 56 38 92 26 76 14 
86 24 39 40 38 85 47 53 37 56 59 65 37 54 46 26 77 2 28 32 35 12 73 93 16 46 96 91 18 24 61 3 6 52 71 33 60 18 68 89 98 49 29 51 95 15 87 81 68 99 7 100 68 94 58 65 7 67 12 93 71 16 53 74 84 36 93 1 50 77 77 79 96 81 38 87 96 43 82 66 
3 46 45 99 93 83 71 83 64 99 93 89 62 35 43 56 86 80 60 83 5 36 39 20 82 21 24 19 64 63 27 41 27 71 99 12 7 41 95 41 71 71 26 39 60 22 84 36 55 73 7 80 42 75 51 64 93 65 90 47 63 51 47 1 93 65 25 97 82 48 8 46 3 71 94 73 12 48 83 34 
46 13 84 56 92 59 52 89 7 90 86 62 77 56 84 47 34 43 35 42 23 59 44 55 28 20 36 74 22 86 79 31 34 75 46 23 47 22 54 55 2 3 42 32 13 38 80 24 4 31 6 51 46 10 53 86 27 69 65 77 28 24 64 29 82 13 82 2 36 70 13 33 92 6 54 95 68 85 23 89 
46 66 46 45 4 24 85 88 15 71 28 74 73 20 60 1 42 86 69 65 85 50 33 54 73 7 27 7 25 52 37 55 62 17 87 74 78 27 62 1 71 54 9 72 29 34 82 20 65 100 14 74 26 38 70 16 77 63 30 30 85 62 86 63 97 50 70 64 65 34 32 86 81 4 68 10 9 0 36 58 
27 6 39 90 64 78 73 57 78 24 80 50 45 80 4 6 79 22 82 54 7 74 85 13 85 35 86 84 53 90 86 41 55 61 8 63 34 81 44 5 95 97 35 56 92 72 97 80 66 39 74 0 86 73 52 73 73 0 4 77 63 23 76 10 55 18 5 8 100 27 31 92 25 82 81 60 78 98 31 3 
59 11 77 59 17 18 33 37 23 59 8 100 91 19 88 89 88 51 17 41 22 44 64 56 60 19 57 70 92 53 12 69 78 7 97 41 52 85 38 61 12 26 13 48 19 19 46 1 70 75 46 57 61 91 11 93 25 27 34 75 3 94 13 50 66 59 4 59 70 48 99 82 68 93 80 29 90 19 36 92 
63 58 22 55 19 78 21 98 46 57 14 95 94 81 18 73 0 74 71 1 93 95 100 42 15 45 43 89 32 76 25 58 34 5 84 68 75 99 4 86 71 69 82 11 30 8 39 96 28 13 39 37 13 31 30 84 77 1 41 72 89 9 2 73 36 43 34 71 99 49 92 4 84 9 39 82 2 37 81 77 
5 12 78 92 95 13 83 19 0 69 7 70 55 32 83 80 24 100 14 35 78 2 11 23 51 44 80 54 8 50 63 27 90 2 26 63 40 98 43 51 75 60 26 87 45 67 2 29 25 64 19 99 15 31 5 70 38 95 48 85 36 45 74 10 29 29 49 27 54 73 67 49 61 4 90 83 100 69 92 55 
8 52 24 87 22 94 65 66 78 49 18 23 73 90 97 52 30 75 56 31 74 51 12 82 47 10 69 38 52 51 27 14 42 69 6 49 99 72 3 39 48 44 64 95 90 72 94 60 53 82 30 81 0 39 59 49 85 20 92 67 35 63 97 68 14 74 30 38 52 11 55 32 5 66 29 10 10 34 96 42 
95 8 29 76 97 9 9 40 8 45 84 73 65 47 7 3 15 73 69 41 86 86 83 54 98 26 17 67 8 19 3 56 50 29 2 95 98 19 41 86 94 4 53 41 59 18 80 79 93 7 30 9 66 38 54 0 80 75 47 61 13 45 13 21 14 70 13 64 0 31 33 40 100 27 97 49 45 77 30 96 
93 89 52 88 44 11 42 30 5 90 6 69 52 14 96 89 9 29 10 96 20 81 53 85 80 92 86 47 48 6 45 20 39 11 56 3 25 62 27 29 23 55 29 65 16 73 26 39 27 35 24 70 22 66 90 60 36 68 92 94 86 41 88 6 34 91 63 99 46 97 86 7 82 63 47 50 46 11 45 87 
99 15 65 24 97 29 78 61 53 40 64 69 22 55 49 63 77 6 51 34 58 20 49 74 60 62 89 84 97 50 89 56 86 80 48 100 9 39 89 63 45 44 40 49 59 9 41 28 83 55 17 79 71 56 45 34 40 56 64 47 80 16 0 45 70 39 78 84 29 100 65 42 16 85 67 43 97 69 23 39 
89 37 57 33 99 82 31 14 75 28 60 55 84 87 100 94 61 63 35 16 18 62 57 58 25 35 79 35 4 14 65 19 34 46 30 28 79 97 22 47 69 17 40 71 47 93 63 30 43 23 99 32 57 51 14 0 4 67 14 55 98 97 40 70 54 75 74 90 38 99 14 32 67 72 11 70 95 98 85 53 
57 28 92 42 34 92 89 43 7 15 84 3 31 4 49 92 44 74 39 99 27 49 74 95 72 50 21 79 79 86 67 59 98 68 91 3 9 42 23 47 43 21 78 20 67 10 73 32 7 93 71 88 40 53 24 92 77 52 13 70 28 48 100 30 25 87 30 45 46 58 20 66 19 72 14 70 7 24 7 81 
33 40 21 70 37 53 41 4 67 49 5 78 45 96 69 23 64 34 49 21 29 20 25 38 99 6 77 24 67 40 93 9 83 22 40 93 47 51 92 31 16 85 72 32 79 85 22 82 43 92 41 42 60 30 21 22 55 80 84 93 81 16 94 37 95 38 16 83 61 73 38 52 94 55 87 88 39 79 67 5 
100 37 48 14 73 46 27 95 86 54 47 84 22 43 65 30 20 26 94 24 55 74 33 14 19 92 38 12 86 93 41 12 15 59 85 58 83 12 49 58 42 69 74 67 91 53 21 74 25 96 69 56 56 27 17 51 43 23 41 71 60 87 20 10 57 19 69 14 10 61 76 79 43 67 74 79 30 96 11 45 
90 44 22 99 94 11 50 95 100 80 31 33 75 0 8 45 1 87 49 15 7 10 55 56 77 89 3 36 23 43 22 81 54 99 18 70 33 18 57 38 61 73 96 68 69 82 61 3 81 47 48 58 34 33 6 53 77 16 91 0 25 66 16 39 58 96 31 64 40 8 31 33 11 96 95 86 53 31 88 30 
35 38 27 87 86 53 52 40 24 88 55 10 31 32 98 12 92 71 77 40 100 25 5 29 75 63 64 37 24 71 89 77 49 37 33 69 53 51 36 1 53 0 87 38 98 45 96 51 27 63 27 73 15 5 67 74 17 40 87 90 98 28 41 13 9 7 71 99 12 99 66 28 62 64 42 8 35 15 44 4 
40 62 60 85 46 2 55 91 49 100 96 94 37 53 90 0 60 91 57 27 28 6 66 91 57 31 0 89 43 67 99 45 21 1 86 100 56 70 64 45 76 6 89 7 72 78 74 10 33 94 47 76 24 65 17 20 91 41 52 70 22 42 62 72 25 11 64 67 22 65 54 74 37 42 96 83 89 11 85 7 
65 16 79 90 69 27 58 10 27 75 8 76 95 54 74 65 25 31 4 88 16 44 100 7 51 38 35 38 39 25 61 49 56 6 97 69 44 14 8 46 50 68 60 18 72 68 66 16 76 56 48 50 33 64 27 83 95 27 88 98 28 35 72 89 1 52 82 0 32 5 71 84 43 73 41 82 63 59 56 24 
89 4 56 8 59 30 72 65 23 54 59 81 18 11 86 32 61 31 31 28 3 30 21 66 84 48 57 99 14 37 3 85 2 77 60 88 42 14 1 4 98 100 43 12 71 64 8 17 54 5 18 51 88 75 17 16 20 14 62 34 66 6 70 71 61 82 2 73 87 9 50 47 52 58 76 16 88 9 57 74 
71 4 3 18 13 77 73 59 92 39 29 97 42 56 7 12 65 13 42 83 23 73 84 94 70 4 58 51 15 35 94 50 46 84 35 90 83 6 66 96 30 52 51 56 30 36 21 12 51 75 39 75 9 49 52 73 44 17 99 13 48 94 86 13 27 33 95 10 67 89 24 29 9 28 21 39 84 61 3 2 
11 63 74 21 47 71 96 51 50 95 44 46 44 66 44 86 61 85 72 79 4 46 24 94 47 91 5 39 32 94 22 71 63 31 81 97 58 36 98 73 39 54 21 37 35 74 14 92 78 85 98 32 36 34 43 57 18 46 74 40 95 35 62 35 71 31 100 66 37 99 21 5 55 63 75 71 68 90 27 91 
91 88 9 32 40 60 85 26 60 80 7 99 87 76 18 46 14 54 37 56 60 27 13 61 60 44 78 69 11 73 11 34 48 97 56 75 89 64 99 70 75 2 25 96 55 85 40 30 65 15 70 22 37 34 74 10 95 92 69 35 66 26 57 99 12 99 23 63 36 57 39 63 72 23 42 0 5 29 9 56 
18 19 91 25 0 90 80 92 31 54 1 89 67 7 51 28 69 64 60 58 66 23 24 14 24 28 0 28 63 58 10 82 70 96 71 15 100 18 21 35 52 2 78 37 66 90 59 90 77 24 23 61 57 70 40 3 89 49 61 71 33 45 90 86 100 47 75 46 40 58 70 77 27 89 16 100 29 76 81 14 
5 82 58 52 8 39 72 0 30 5 31 9 47 24 86 62 48 92 23 0 87 36 9 98 45 78 36 53 15 98 24 53 4 51 90 82 47 78 56 9 82 92 51 31 67 65 65 77 67 8 51 82 85 60 74 25 27 55 22 73 41 79 3 95 81 78 43 96 96 98 89 7 71 82 11 41 34 85 74 80 
81 91 81 62 45 95 56 47 14 13 47 50 30 21 71 56 30 82 46 61 34 51 35 10 57 66 57 96 57 57 26 5 44 2 34 82 10 40 53 33 96 84 69 34 8 11 18 78 51 20 10 20 96 84 82 48 7 24 85 4 7 40 80 90 21 6 99 31 16 32 80 44 51 48 67 20 31 2 19 93 
39 21 93 10 63 19 38 4 55 64 55 23 44 47 7 83 30 61 3 55 92 18 89 68 26 98 42 92 45 35 86 63 71 32 11 60 91 84 91 77 90 21 73 58 69 21 43 87 86 41 65 52 34 25 88 98 100 44 7 99 17 10 20 90 89 57 49 17 76 33 24 25 81 73 39 36 15 15 91 97 
10 11 6 15 59 100 41 92 53 42 58 67 27 77 81 62 24 88 43 8 2 26 47 69 32 2 39 18 83 92 89 91 68 21 21 64 47 95 35 37 32 32 65 57 40 33 67 30 96 39 33 33 60 7 17 15 60 76 46 37 1 43 76 17 89 59 69 12 99 48 66 38 42 31 74 59 23 70 99 42 
49 92 2 69 80 21 73 35 53 47 68 48 52 86 50 69 56 79 16 19 28 72 57 0 97 8 96 25 95 6 54 88 51 69 85 65 41 96 40 44 13 24 34 1 52 43 34 54 17 16 56 59 29 32 22 17 89 59 29 63 86 9 10 73 20 91 40 22 80 34 0 69 40 0 60 64 37 60 12 79 
12 98 96 13 3 31 97 9 42 42 62 85 36 32 62 73 97 60 46 4 72 94 72 88 7 85 69 27 52 45 24 44 63 100 99 82 21 78 29 61 32 25 9 76 89 3 76 96 13 84 28 25 16 70 47 56 43 80 60 29 11 21 39 12 39 88 25 85 87 57 83 6 77 66 59 76 38 61 27 37 
50 30 52 70 4 100 34 28 37 7 5 76 1 53 9 82 12 3 97 39 31 21 19 39 50 20 90 34 58 16 22 0 34 51 14 64 99 43 23 59 82 100 7 90 16 66 38 80 70 58 86 22 55 43 56 77 45 6 95 15 17 34 85 68 89 86 76 21 48 82 77 70 3 78 13 5 61 0 26 35 
79 26 6 21 81 80 18 42 99 1 80 5 47 97 59 8 84 68 43 66 54 35 51 46 1 95 52 17 26 85 54 1 99 9 46 83 14 74 78 19 81 82 12 79 53 59 61 9 17 9 20 55 65 10 3 100 2 54 7 45 4 31 14 94 53 72 8 63 53 48 72 74 47 3 81 3 42 87 4 26 
39 16 59 49 41 23 67 3 99 93 84 88 46 90 73 9 44 42 9 31 49 86 14 70 56 100 61 84 69 25 57 10 41 96 86 30 71 50 63 100 26 77 98 29 75 65 31 57 74 97 30 45 42 50 17 91 2 66 2 87 53 35 93 56 12 64 76 4 79 9 92 91 23 88 19 46 94 25 82 81 
53 67 24 31 2 21 23 33 10 33 92 43 74 9 97 62 32 7 31 26 91 97 75 92 73 5 68 33 77 86 10 33 92 91 59 1 10 95 64 74 18 43 52 17 61 0 39 99 42 31 97 10 22 72 83 64 39 79 77 4 9 36 71 58 12 50 27 15 11 27 96 56 8 59 34 10 6 22 44 29 
27 51 91 63 42 77 91 53 8 4 81 43 58 35 84 23 83 1 32 71 71 93 51 66 90 46 94 29 21 40 95 94 37 31 97 77 28 79 7 47 55 32 18 44 85 31 77 9 7 81 84 54 87 57 18 95 3 59 34 39 98 25 68 20 61 31 16 63 97 53 32 88 97 51 1 21 14 72 13 50 
41 67 50 14 1 99 44 76 90 33 70 47 96 100 71 65 16 67 87 47 80 11 62 63 94 95 90 81 16 32 53 70 34 33 98 33 82 9 96 87 88 87 28 100 36 63 60 70 27 44 88 32 2 1 34 36 78 80 99 16 49 61 20 86 85 81 40 50 19 7 69 87 22 44 31 67 53 53 9 99 
100 38 84 65 17 44 24 15 95 37 17 95 58 92 66 70 36 89 29 97 76 74 83 14 3 46 99 65 45 18 69 24 46 76 84 6 91 1 36 86 14 10 62 34 61 24 73 86 4 39 62 41 63 31 24 13 22 19 49 40 2 86 54 1 71 58 11 41 27 63 10 100 49 83 95 65 44 44 80 59 
46 92 75 90 80 6 1 91 50 4 77 2 71 34 14 43 27 93 45 12 24 34 57 96 79 55 92 77 72 11 63 14 39 31 61 60 30 1 0 38 11 76 62 2 57 6 46 62 89 47 66 57 14 34 70 95 76 85 90 34 98 5 60 55 76 81 18 11 76 13 76 89 67 74 57 98 92 27 48 70 
12 98 52 25 27 85 8 2 55 57 84 97 38 46 53 84 48 83 88 97 53 87 66 63 100 80 3 64 23 94 58 93 19 8 63 100 77 54 56 19 23 60 79 65 67 39 52 61 19 2 56 93 18 96 36 25 66 40 6 83 81 85 85 19 9 19 16 17 24 47 3 94 95 82 75 3 70 53 13 95 
13 65 93 92 72 36 64 1 59 92 59 9 60 28 95 21 9 66 27 27 58 7 27 67 21 77 93 30 47 80 95 96 4 100 40 57 75 32 33 94 89 96 28 10 80 10 50 87 60 43 39 54 55 100 90 82 21 16 29 19 57 11 24 33 48 72 55 15 3 76 10 59 36 69 65 95 51 92 68 67 
55 51 71 49 16 26 50 77 38 87 44 75 8 46 97 35 32 49 94 10 45 83 53 53 18 97 69 3 43 92 64 45 46 44 100 100 63 80 77 47 38 12 54 63 13 61 9 76 91 44 15 26 34 45 75 70 36 78 93 14 63 29 49 19 22 85 64 100 80 40 87 35 12 25 19 25 93 89 86 100 
82 1 11 88 64 81 6 100 79 91 13 78 38 96 25 22 86 14 38 44 76 56 40 11 2 33 90 95 37 8 35 53 55 9 97 98 9 30 69 93 48 78 6 89 67 56 71 97 95 48 1 97 17 11 71 42 25 99 46 11 29 31 19 42 15 68 85 3 61 32 61 38 61 65 14 56 61 4 35 2 
46 59 42 36 49 53 8 16 53 71 75 34 38 89 21 60 77 70 26 2 72 96 71 45 40 93 1 90 35 92 49 91 68 24 62 6 14 37 49 100 4 75 26 90 88 27 57 53 69 47 57 61 33 93 40 80 34 56 4 74 29 83 38 91 86 51 60 74 99 43 85 87 52 62 97 16 49 10 77 39 
65 22 85 50 41 88 61 32 92 36 26 4 32 32 42 59 40 19 32 24 33 87 27 97 100 7 14 40 12 30 14 25 2 22 64 28 25 2 36 88 74 100 28 81 54 19 79 95 44 98 95 31 79 22 1 54 15 43 44 39 1 92 38 88 17 60 45 66 60 6 56 98 91 60 20 18 3 42 48 4 
64 85 76 96 66 13 80 28 95 96 79 93 34 78 47 74 24 56 79 81 29 12 28 26 91 0 77 90 22 6 46 6 79 38 47 92 62 64 61 55 7 91 59 83 18 22 41 99 14 14 3 26 85 69 27 81 32 59 68 55 57 6 89 66 21 50 64 52 50 28 4 20 5 94 76 1 70 28 49 27 
57 93 55 26 73 13 81 51 33 0 88 53 89 77 70 98 40 4 92 62 99 62 75 41 27 11 42 57 13 46 37 99 57 58 69 72 49 72 43 60 78 20 51 17 16 97 53 23 40 41 40 75 100 81 72 49 45 49 8 73 94 93 99 98 90 0 94 39 28 70 95 38 13 15 13 81 8 84 67 5 
71 93 46 40 23 71 71 20 61 56 46 40 46 11 2 54 98 8 64 33 66 51 30 56 93 79 58 10 74 53 10 59 40 51 49 21 55 86 15 28 69 96 31 49 58 82 78 64 34 6 56 64 11 79 14 47 11 83 71 3 45 60 84 88 76 90 44 1 60 97 53 85 94 71 78 19 62 5 7 60 
44 74 91 70 84 75 58 9 35 62 85 75 18 40 29 17 61 3 68 73 76 38 22 22 86 61 2 61 89 32 24 17 55 78 28 91 85 57 50 82 31 74 10 53 64 100 15 64 81 72 16 99 10 3 76 49 63 25 21 98 90 50 77 51 44 91 88 67 31 12 40 27 7 21 71 80 11 64 82 96 
59 94 11 56 2 25 8 69 83 36 99 9 47 75 18 65 4 44 60 3 90 76 43 22 16 47 82 84 57 92 28 74 63 100 79 11 26 66 84 27 58 55 79 41 3 14 82 68 24 83 41 14 15 17 75 37 69 91 73 63 13 11 37 78 8 38 80 4 37 53 95 61 46 59 26 79 72 50 77 32 
39 9 35 72 1 74 58 8 93 35 70 74 23 8 24 74 10 24 74 31 70 34 76 53 1 15 92 76 24 75 42 60 23 76 7 32 32 80 63 13 53 6 6 95 19 93 42 41 40 28 38 79 16 20 22 32 81 47 19 75 78 37 23 22 37 21 2 88 10 72 5 18 44 5 30 93 61 49 94 59 
68 82 46 66 71 76 65 12 55 65 11 31 12 90 45 52 59 13 76 45 58 80 14 93 63 9 46 75 81 56 27 76 30 81 86 72 46 36 78 92 40 27 91 2 68 61 18 34 91 16 4 81 99 62 77 77 87 13 93 80 3 39 11 66 56 37 82 56 19 90 27 88 86 26 8 89 98 17 2 5 
48 43 26 47 26 90 1 55 67 26 72 29 6 13 9 25 39 3 0 83 74 65 83 36 24 13 8 4 20 43 42 30 29 59 60 76 54 58 54 9 65 40 37 87 26 76 47 0 70 28 27 67 68 8 0 62 74 58 91 70 69 25 24 76 93 42 7 1 51 27 26 90 14 76 31 81 25 58 68 61 
27 43 60 80 50 90 88 88 30 60 67 9 94 45 91 68 65 45 17 31 9 94 83 35 17 16 52 4 77 99 87 72 40 34 39 6 96 62 65 32 39 82 72 60 24 25 85 23 86 59 83 3 36 74 37 27 59 94 77 79 3 57 74 29 34 63 88 54 72 57 60 30 14 67 42 35 84 17 17 46 
98 74 71 34 95 68 44 91 11 49 94 80 72 38 4 20 9 38 4 33 29 92 58 12 20 28 65 39 32 37 52 49 29 92 21 58 51 89 96 60 16 37 9 74 63 54 66 26 4 74 77 55 97 74 87 36 37 78 32 35 63 64 93 79 87 63 48 45 87 25 76 9 29 64 14 24 13 15 71 18 
48 18 67 91 67 56 37 5 84 8 75 23 26 63 51 21 51 64 15 16 13 66 52 1 27 42 62 18 5 26 11 31 63 80 4 10 59 85 42 55 32 33 45 51 26 66 98 1 69 73 60 79 36 66 18 48 12 18 71 43 33 99 61 5 14 41 57 49 42 39 56 63 75 60 2 42 39 73 92 81 
55 49 62 0 56 47 94 4 54 98 9 75 13 63 70 40 74 37 8 39 98 11 65 4 0 46 48 0 20 96 1 38 22 7 32 38 31 88 14 95 13 22 71 53 96 19 25 67 82 52 1 0 30 2 81 99 42 88 63 6 86 67 49 10 80 68 32 99 77 67 16 80 94 76 97 52 36 1 37 38 
29 78 46 95 13 56 75 58 87 64 89 18 5 50 20 51 55 46 73 75 22 19 30 37 41 54 21 89 46 69 10 84 99 96 37 67 100 72 13 18 2 56 9 16 12 88 42 13 78 14 83 97 39 35 89 61 48 63 73 30 15 70 89 19 88 79 15 3 37 91 60 55 74 70 13 71 26 54 20 27 
27 57 19 5 12 16 99 34 41 90 64 0 32 83 16 67 20 93 100 8 19 71 28 97 38 61 58 58 6 34 10 69 63 86 62 31 28 72 52 84 64 8 75 24 80 84 70 88 77 83 34 80 98 27 5 62 31 0 21 91 82 46 78 22 78 89 14 17 32 33 45 57 63 23 99 76 65 51 62 12 
91 7 97 29 60 38 90 76 78 10 58 30 89 71 30 75 25 50 80 31 68 63 24 52 85 7 89 72 41 62 23 5 37 86 84 61 49 72 45 81 59 54 10 28 24 92 85 9 46 59 32 88 81 28 27 95 6 24 88 60 41 21 75 83 10 76 24 6 67 22 5 18 85 19 28 85 27 20 99 21 
26 7 17 1 74 34 96 65 79 39 73 84 27 81 34 34 61 16 67 58 9 72 96 6 1 26 15 57 84 96 94 33 66 5 80 59 29 9 18 36 65 72 66 88 15 24 29 83 17 27 57 47 58 39 93 97 56 22 97 35 1 98 90 4 96 80 61 8 79 60 82 53 74 46 91 37 89 55 94 84 
35 95 44 92 98 14 66 2 13 2 79 63 67 30 82 78 62 88 72 90 59 89 12 41 33 26 51 4 66 86 11 54 34 78 73 55 42 79 86 47 11 29 41 47 93 13 38 22 77 61 34 93 53 67 23 2 32 97 1 87 45 47 66 24 9 26 86 33 30 8 38 92 19 5 8 53 53 40 99 21 
25 26 39 75 52 95 18 26 72 84 18 39 54 14 67 53 80 56 16 66 5 38 45 64 1 35 95 46 25 30 82 88 57 46 89 34 97 85 4 62 63 38 43 75 6 98 99 7 8 16 65 54 78 35 4 90 50 12 97 0 3 95 43 83 57 94 4 89 13 31 88 40 0 78 18 17 83 87 54 73 
63 47 14 98 26 85 74 22 63 64 33 50 26 84 28 100 16 13 3 60 35 5 7 31 85 4 17 29 14 43 39 42 85 59 54 41 86 49 94 72 87 68 33 77 67 78 59 77 66 66 83 76 6 5 85 78 95 60 84 56 72 56 8 25 56 51 73 56 3 79 85 20 96 96 76 65 79 39 68 43 
12 87 29 66 66 81 60 51 20 71 82 93 19 9 19 42 75 3 23 83 54 8 72 85 76 21 38 75 18 85 14 76 20 54 23 64 92 94 77 69 35 30 90 55 62 83 16 1 34 10 68 92 58 13 41 59 5 6 62 10 65 85 22 27 22 51 81 10 55 6 98 62 0 84 73 12 7 0 42 64 
