130
130
95 31 46 4 43 33 63 86 10 97 88 31 98 94 93 87 10 67 78 90 40 43 8 14 11 85 7 0 56 0 35 61 11 30 65 100 58 73 99 92 25 53 5 60 38 88 29 10 6 96 16 25 77 74 84 92 93 64 80 50 99 67 28 55 67 72 35 27 48 50 32 77 39 74 7 26 14 100 41 21 58 72 20 58 65 84 19 71 12 12 31 42 96 23 29 26 35 14 55 95 54 26 74 23 31 92 42 45 29 15 66 93 71 45 79 41 82 55 30 50 48 10 33 11 89 12 58 98 68 11 
16 48 17 48 1 11 61 26 21 71 23 28 20 89 83 76 18 91 73 20 59 93 22 10 78 27 97 40 87 76 30 87 18 78 45 58 19 90 62 11 32 4 48 83 28 7 1 78 61 5 72 98 37 99 80 37 82 82 60 25 3 57 35 61 48 99 44 17 39 32 4 100 54 51 58 23 64 77 20 95 95 29 94 49 91 68 14 24 74 4 78 9 98 77 70 47 35 70 62 64 98 29 57 25 44 50 100 84 37 62 80 19 16 8 90 75 46 10 27 79 87 10 93 48 66 24 80 87 83 43 
78 72 85 12 45 98 99 28 3 11 6 13 10 46 97 8 64 94 19 19 61 10 39 10 57 20 47 52 47 73 10 92 60 13 38 99 71 52 26 10 14 44 0 33 4 78 2 84 32 10 53 13 60 23 91 47 77 45 38 6 53 28 63 80 81 97 64 44 44 71 3 24 91 94 45 24 0 20 3 66 24 98 11 95 91 13 73 62 13 10 5 8 99 2 29 42 44 75 100 55 82 79 54 41 31 77 95 14 4 48 4 94 75 25 22 37 74 7 87 91 79 97 66 8 98 76 12 34 79 57 
15 95 66 71 51 26 12 56 63 7 39 5 82 52 48 25 63 20 43 22 20 37 12 45 65 34 29 37 77 71 3 44 77 96 14 69 59 10 27 43 27 35 1 56 21 26 56 70 38 42 92 90 79 78 9 59 69 70 41 27 34 94 72 55 54 95 17 12 42 40 15 59 14 97 21 51 30 94 95 71 96 31 71 43 0 60 3 92 93 61 63 29 92 39 2 2 74 74 96 57 30 97 86 44 100 12 83 43 75 23 33 17 68 15 10 100 39 25 53 58 99 11 0 23 67 8 14 66 45 1 
27 84 87 90 45 31 6 66 62 86 50 24 48 47 78 21 39 80 74 40 100 80 68 65 100 88 3 3 59 53 15 79 73 82 36 31 39 82 41 74 91 66 9 49 78 57 56 86 80 62 62 54 21 91 43 54 16 15 76 10 15 36 37 39 58 44 59 24 90 61 96 17 73 74 37 67 40 75 69 28 27 67 76 90 51 90 98 47 66 49 49 93 46 94 38 62 95 7 3 4 70 16 37 16 15 65 36 95 24 52 7 90 31 89 68 98 44 74 5 57 28 60 9 70 60 2 6 4 86 18 
19 1 97 78 59 57 67 8 80 35 81 55 49 81 70 17 19 64 94 47 92 80 29 91 75 76 76 70 74 68 16 78 63 20 25 15 48 7 3 0 90 22 71 64 15 7 92 72 100 20 71 41 1 99 51 7 94 38 19 90 48 70 93 22 11 43 91 48 62 52 100 63 86 55 25 18 91 51 17 31 50 73 29 90 90 79 67 48 3 54 59 33 2 25 16 15 78 1 47 47 58 43 75 59 28 1 57 28 30 1 100 52 25 24 52 73 58 26 87 69 42 22 22 15 39 57 1 77 36 44 
22 93 9 10 11 18 58 23 5 21 79 1 19 100 96 28 3 78 73 85 62 61 40 69 92 73 7 65 6 0 64 10 47 8 89 19 39 68 26 54 78 73 4 64 65 39 53 78 44 94 61 29 72 1 29 36 89 57 19 89 71 55 93 95 17 35 7 64 26 12 41 28 1 42 61 31 100 49 29 77 98 63 42 100 18 71 60 13 23 89 30 16 83 75 1 90 65 56 17 92 18 33 29 40 30 87 9 78 6 21 15 78 68 4 33 36 87 31 18 80 82 47 69 67 31 11 84 70 61 56 
44 62 5 75 97 29 69 61 72 56 27 42 31 89 27 78 60 38 11 61 28 62 72 30 86 49 56 72 76 92 48 40 71 74 6 31 27 93 4 89 26 41 81 3 58 20 87 90 6 99 60 48 58 83 23 84 19 91 30 63 51 94 31 22 90 25 2 26 63 1 56 75 42 14 19 47 27 50 33 43 18 16 17 42 25 42 8 92 73 25 22 73 38 39 79 23 61 84 53 62 13 61 52 35 86 25 75 98 53 65 28 99 34 82 12 43 66 16 100 28 58 27 9 68 17 51 36 32 56 25 
58 77 66 61 60 69 5 37 14 98 70 65 16 65 98 49 32 73 95 8 47 49 96 94 89 36 95 22 35 36 42 61 43 33 4 94 69 79 17 66 67 72 53 87 36 20 98 87 0 75 97 88 50 93 91 71 51 26 11 70 17 92 40 46 33 1 47 38 95 55 46 76 15 53 85 56 94 14 32 89 28 31 69 47 51 88 92 61 5 20 85 3 58 15 54 35 98 10 64 64 60 51 2 79 5 62 32 42 35 1 77 27 69 28 21 56 81 33 62 27 48 41 71 4 15 66 61 33 17 52 
95 68 65 64 65 53 12 12 0 14 19 67 29 39 50 21 38 9 78 7 61 17 85 90 27 77 89 69 79 4 6 78 74 29 21 21 0 82 74 95 37 54 67 24 21 56 44 56 18 40 11 58 67 12 12 46 91 66 23 94 60 79 71 72 67 52 84 59 69 11 94 0 25 17 18 73 80 34 4 98 18 10 30 43 62 66 34 90 30 2 34 93 16 29 86 24 12 35 39 9 16 12 19 69 42 36 8 19 86 49 45 5 92 71 89 40 60 45 67 77 14 42 54 70 21 71 18 15 11 98 
8 41 43 26 91 27 40 79 29 82 26 95 60 80 77 82 47 37 30 89 99 60 76 86 44 15 99 38 81 46 49 64 50 86 19 24 15 36 96 34 81 25 83 45 6 26 36 21 4 81 94 54 92 94 100 41 50 48 3 79 42 38 95 19 0 45 5 94 83 84 26 21 40 67 19 69 69 29 57 3 76 95 89 74 32 49 83 3 96 26 63 91 94 80 22 11 80 66 58 66 69 3 70 91 95 56 72 33 89 95 66 87 2 23 5 70 67 50 5 4 62 89 100 97 97 82 30 24 87 27 
8 50 82 77 96 67 32 80 5 34 100 11 62 71 41 78 75 74 30 90 75 20 37 13 23 0 44 28 13 55 39 96 26 78 60 91 6 9 71 13 65 1 41 25 5 81 14 98 61 36 18 51 58 93 43 59 19 37 96 23 85 51 2 72 88 47 62 40 0 82 52 15 100 73 2 35 18 52 63 77 82 50 4 23 78 68 74 60 52 33 30 60 76 40 76 46 81 84 36 73 8 88 9 35 89 71 26 35 50 44 86 1 14 6 83 46 33 33 82 21 13 53 52 33 63 87 32 31 66 5 
43 3 36 23 61 53 24 57 12 25 9 52 5 97 87 1 68 20 27 24 81 23 46 36 46 9 22 33 22 57 96 60 41 99 36 86 7 27 14 70 88 64 91 5 71 76 26 2 23 51 35 18 97 20 3 32 9 46 30 20 8 85 63 91 100 7 43 29 90 25 96 34 49 80 31 93 80 14 93 65 3 1 53 62 58 2 50 85 36 75 36 66 13 39 34 7 17 78 38 41 74 15 34 10 92 43 77 17 59 95 54 63 36 67 23 100 59 88 83 46 92 4 46 27 79 65 68 65 82 68 
88 87 68 66 32 48 72 64 58 58 46 85 64 82 41 16 59 39 28 84 26 49 2 30 77 53 49 67 98 73 14 65 23 78 15 6 92 22 3 81 6 53 66 17 59 23 92 31 65 85 48 9 67 85 30 58 10 66 65 41 78 17 87 64 15 89 87 16 52 7 15 21 28 37 83 81 27 11 21 11 54 35 48 27 82 35 41 49 36 49 47 20 38 14 33 62 46 4 74 13 82 22 20 34 57 44 35 54 50 6 69 84 44 0 3 42 41 61 69 17 37 30 97 30 59 86 54 85 52 37 
81 98 88 24 29 71 11 27 82 49 48 73 78 90 36 39 19 3 33 66 23 1 3 67 18 90 21 13 32 10 46 89 81 77 92 6 79 86 13 83 45 11 59 46 94 25 47 51 39 44 54 38 43 97 87 56 35 68 82 12 29 24 84 33 18 91 79 18 54 20 79 70 4 89 3 51 19 34 54 90 28 20 74 73 67 56 8 25 41 99 38 61 71 81 59 2 73 19 1 97 25 79 49 68 36 100 48 66 8 74 63 28 71 17 38 51 10 35 96 35 22 27 91 98 16 18 65 4 54 83 
23 30 70 35 66 53 39 57 34 7 93 13 90 95 7 18 86 48 2 94 27 71 75 6 36 29 87 4 4 82 27 68 76 49 27 90 42 32 45 99 75 79 33 29 100 3 5 12 54 36 75 70 15 97 15 62 32 2 68 25 7 44 21 23 0 27 16 22 95 3 51 76 33 72 46 79 22 50 34 63 98 17 72 79 34 3 82 93 47 52 49 71 26 26 23 21 22 82 79 87 47 48 1 21 62 39 57 25 71 54 4 36 14 88 81 53 17 51 56 52 41 50 78 54 13 99 97 38 95 19 
67 46 93 61 74 66 59 18 32 19 70 39 16 61 62 45 10 95 17 35 76 76 4 46 41 88 28 18 66 17 61 82 43 78 47 61 5 56 7 81 100 89 1 53 90 95 91 83 53 79 30 81 5 54 8 92 90 45 95 84 64 60 77 48 25 45 0 32 5 18 82 4 65 36 4 59 11 33 28 91 22 65 61 29 49 0 4 43 67 100 41 68 66 63 81 77 72 87 77 6 52 39 38 79 88 88 71 29 17 80 78 71 97 9 14 15 20 81 65 8 35 49 70 3 10 43 91 50 41 68 
72 80 26 52 85 60 65 19 31 60 33 85 98 72 26 28 41 68 73 73 40 89 0 97 75 11 41 90 39 38 34 88 12 57 54 23 27 43 83 14 23 83 64 61 59 81 96 87 89 55 0 97 3 27 59 39 83 81 86 32 31 4 47 34 100 32 64 35 74 4 74 49 17 45 37 53 90 45 21 14 28 82 61 7 67 66 6 27 67 78 49 18 12 36 84 6 38 76 14 7 41 12 61 95 73 71 53 85 57 37 70 77 79 67 49 54 29 36 52 16 26 2 23 45 10 8 64 23 70 28 
15 92 90 73 90 45 58 29 87 18 81 43 31 29 59 31 66 0 19 44 41 22 54 59 22 17 1 32 78 39 6 99 17 65 45 62 86 82 6 4 55 93 39 22 13 15 73 74 58 97 54 4 46 93 96 99 44 56 96 45 36 92 73 0 68 51 66 79 71 92 100 100 59 78 14 50 23 81 28 29 100 30 8 74 31 37 38 30 88 84 44 22 81 91 100 31 57 17 23 47 33 21 0 93 66 85 90 88 33 72 32 24 52 64 13 33 5 10 40 7 22 96 84 80 66 61 44 70 58 81 
91 60 30 17 39 95 46 19 20 10 21 60 64 28 49 70 76 74 61 29 84 54 78 46 97 55 68 69 64 30 76 57 11 41 48 72 95 75 32 74 78 98 94 57 53 3 87 40 44 8 88 64 52 17 45 34 93 42 12 22 100 77 26 52 3 91 50 60 72 59 93 51 8 35 97 71 18 70 85 13 68 89 45 20 25 97 26 22 34 82 37 91 24 79 37 67 79 7 77 79 76 85 16 0 67 60 0 77 99 65 0 92 69 100 74 0 6 79 20 4 25 30 76 94 56 67 42 84 32 48 
16 66 98 66 75 35 86 81 84 0 87 58 54 14 29 56 62 48 14 37 65 50 96 65 44 16 30 100 60 54 8 44 47 97 31 16 11 47 61 89 5 7 46 4 40 12 44 75 70 47 55 10 81 60 85 100 29 98 65 23 41 34 61 58 47 60 75 63 55 95 84 41 98 28 88 38 71 68 89 60 1 90 14 28 61 78 42 100 4 53 68 56 75 16 14 60 100 58 93 9 52 80 76 80 8 9 81 28 87 25 99 80 37 59 9 57 32 55 95 83 32 96 58 43 77 21 85 22 68 50 
42 77 87 46 76 39 4 36 44 79 86 77 92 5 96 27 44 93 22 92 95 19 98 32 83 38 48 17 28 49 39 23 71 68 10 70 66 2 18 21 82 36 6 19 50 8 70 26 97 13 71 33 47 89 17 23 65 52 56 55 68 40 62 13 94 55 6 10 29 6 99 41 61 89 18 59 40 80 62 27 54 84 32 54 21 30 29 73 22 56 55 69 48 36 77 71 75 53 65 90 73 44 89 13 50 42 21 36 37 60 64 65 68 20 49 80 67 73 69 89 79 100 98 59 63 60 30 17 44 79 
46 47 34 88 92 77 59 92 88 19 46 73 0 20 14 50 24 47 30 45 14 79 0 36 68 60 68 55 26 96 27 1 59 43 70 60 66 38 93 68 79 7 50 75 56 87 64 92 5 35 23 41 62 45 30 33 92 24 17 85 49 20 38 38 53 22 27 44 37 70 40 41 14 63 27 85 54 58 55 65 82 52 71 18 77 37 62 77 77 68 96 2 8 68 56 69 73 24 57 71 3 34 23 55 15 45 93 55 58 94 52 78 89 83 42 54 24 78 85 53 64 60 95 92 67 98 57 3 47 73 
64 67 57 16 60 32 45 22 54 64 23 17 10 2 40 3 72 10 38 16 86 80 99 28 60 6 81 39 31 47 5 88 34 35 95 81 79 38 10 57 53 67 41 23 77 60 1 81 67 97 8 41 63 33 47 58 20 6 96 60 32 31 16 54 91 96 19 57 86 26 2 32 29 12 91 16 43 83 22 22 8 44 54 93 96 4 71 56 95 95 23 99 81 98 78 8 22 33 62 5 46 50 52 98 94 70 5 47 7 77 73 9 83 82 69 13 78 6 56 85 67 81 89 24 58 95 2 28 48 44 
64 72 97 76 33 8 44 58 89 64 75 17 71 19 19 22 15 82 18 52 33 34 14 2 27 1 45 19 52 57 68 99 53 56 81 63 63 84 24 26 48 90 25 88 37 13 14 96 100 37 61 92 32 32 5 40 86 45 73 35 24 41 96 24 6 92 33 65 67 55 73 94 9 44 36 61 97 63 80 77 83 52 76 17 28 9 55 30 50 60 88 28 28 82 80 33 93 37 85 16 65 85 23 45 11 14 77 8 27 63 6 20 3 70 40 86 65 18 37 72 36 72 75 25 32 55 38 88 70 38 
77 73 19 66 68 12 87 50 93 42 65 70 50 82 46 38 34 30 60 1 5 40 31 74 46 58 94 54 12 15 4 7 84 66 2 40 5 60 35 53 78 83 1 22 7 21 14 75 62 21 86 12 30 98 9 94 70 84 92 19 40 91 76 54 40 53 29 15 71 67 57 72 74 90 64 85 30 35 21 36 66 20 54 67 3 96 32 59 55 78 25 66 12 79 4 44 87 92 82 11 8 5 30 55 10 11 18 54 64 20 81 38 4 29 56 92 35 78 1 75 0 41 65 94 19 6 29 82 25 67 
82 59 91 88 64 59 100 74 18 15 50 79 51 55 20 8 42 61 48 83 52 90 56 87 90 30 35 36 95 19 61 28 13 91 80 46 91 10 27 79 57 72 39 77 85 32 49 65 50 1 30 89 93 37 83 2 4 1 51 56 96 64 39 92 19 82 60 76 61 1 80 60 54 14 26 10 4 60 51 37 94 45 93 13 69 81 39 36 48 14 9 91 99 29 49 53 46 36 39 87 15 60 79 86 52 24 54 46 45 63 43 70 38 68 45 82 76 96 94 11 68 79 25 55 78 17 67 15 86 9 
50 57 38 16 14 55 15 84 68 39 58 72 100 30 6 35 47 33 45 65 35 84 91 3 72 62 86 18 79 49 40 77 2 3 16 63 0 60 39 14 72 44 56 46 66 80 81 35 18 19 97 65 52 83 12 10 59 64 24 98 33 48 96 16 65 26 27 2 61 76 35 28 69 88 29 78 27 9 29 66 20 12 54 25 42 21 17 89 74 85 3 31 34 96 76 72 90 1 72 49 72 11 23 38 89 11 100 5 95 97 10 52 50 88 39 38 85 89 98 10 19 46 100 6 79 28 13 100 14 53 
33 32 46 75 45 10 5 67 52 80 63 13 46 43 3 59 44 71 83 80 7 52 94 11 58 78 39 74 27 42 76 67 26 92 33 91 20 23 83 33 23 59 1 100 70 74 29 31 96 42 3 61 13 72 43 37 44 84 88 37 47 22 60 92 86 57 41 6 17 25 40 77 3 71 39 31 20 33 49 6 61 33 95 79 56 36 46 0 15 21 83 68 98 62 41 94 10 28 38 82 5 57 43 70 16 44 25 80 60 75 89 22 2 81 42 48 7 51 99 50 41 33 57 75 64 83 5 83 0 8 
82 34 63 48 34 67 85 17 55 70 50 73 81 37 82 30 49 60 96 6 24 48 73 56 7 4 62 72 21 57 21 63 85 85 74 3 38 56 91 67 38 15 3 72 9 28 33 87 24 19 44 25 80 21 91 96 95 54 82 99 36 25 18 71 35 21 11 44 36 3 93 57 5 71 2 39 100 13 59 27 20 26 49 32 14 52 37 96 96 25 70 10 34 34 50 90 18 55 9 55 93 41 59 36 60 6 82 85 97 44 61 37 55 91 87 12 76 87 12 49 46 49 62 0 90 60 48 32 90 81 
68 73 35 81 87 59 9 78 95 82 34 97 30 76 29 47 95 99 3 24 76 21 56 87 86 8 41 20 10 91 99 39 71 27 2 56 45 61 11 27 54 23 59 95 80 32 80 56 23 57 45 37 97 20 66 74 44 13 91 41 22 87 46 65 26 70 4 40 67 10 70 19 40 75 72 74 50 23 78 65 67 23 14 4 80 64 60 85 9 29 33 65 36 74 74 80 27 27 12 84 82 52 40 67 31 12 70 84 72 8 6 55 83 3 69 14 87 42 41 83 1 66 83 100 68 30 33 3 1 10 
47 40 96 6 13 82 13 25 48 36 98 100 28 35 18 22 44 72 35 85 72 17 55 27 25 25 88 12 71 52 73 100 45 13 48 70 91 76 94 74 41 88 65 81 3 52 94 38 38 2 9 95 58 65 7 77 61 23 8 80 98 74 36 9 2 39 17 66 76 23 58 46 38 61 1 46 28 66 19 44 88 94 65 29 28 58 50 44 11 48 45 74 33 28 64 40 44 86 29 51 83 79 42 5 26 71 74 14 51 83 34 94 28 60 75 73 78 37 54 77 93 56 35 9 57 69 88 60 4 40 
11 44 66 39 56 69 81 57 38 24 30 72 99 49 97 47 64 26 93 69 3 41 21 58 91 98 73 11 73 5 100 87 57 18 38 11 78 4 24 7 36 10 1 36 23 67 39 82 93 33 60 54 60 76 73 31 15 2 17 6 73 93 97 8 78 88 80 39 71 93 74 44 16 58 44 42 77 73 79 29 64 37 28 8 37 49 93 54 9 30 87 44 60 88 62 89 20 24 16 41 3 56 73 2 75 88 99 55 90 44 32 98 10 71 81 87 49 98 40 60 62 93 64 71 85 50 87 8 27 90 
99 21 99 22 70 97 100 33 13 52 97 47 25 77 100 75 91 75 57 70 41 40 51 48 13 60 43 3 100 42 71 11 73 4 8 24 60 19 5 36 37 38 56 93 30 53 24 72 1 34 87 52 0 25 69 34 97 85 64 32 100 37 44 98 4 23 1 23 20 91 85 54 79 34 81 32 6 39 16 29 4 33 58 86 88 69 78 19 93 22 17 58 56 19 82 29 53 46 78 24 44 92 0 24 6 72 9 35 45 17 100 39 38 31 81 67 54 38 76 97 68 72 70 35 66 62 48 68 89 2 
44 23 70 55 81 41 32 46 75 39 57 88 24 38 17 4 92 9 85 81 65 64 78 11 95 12 100 61 17 37 95 36 88 45 7 81 97 85 51 50 46 1 46 14 20 16 75 49 0 78 19 87 16 79 2 5 81 78 100 70 9 44 47 83 46 84 55 49 74 38 24 71 52 91 84 86 3 57 82 2 68 63 87 21 85 76 76 73 80 32 29 90 61 4 3 69 55 79 4 66 63 99 55 76 69 26 50 82 45 58 75 40 50 15 81 75 16 27 54 97 2 60 93 62 74 34 9 19 26 60 
66 26 43 4 31 82 2 72 45 41 82 83 18 94 46 53 34 65 77 46 59 11 45 75 46 87 89 61 44 36 56 32 40 11 59 21 92 63 80 78 33 3 32 31 27 90 86 73 55 81 34 9 12 68 16 27 40 82 22 52 63 21 79 90 63 96 17 82 47 21 79 85 16 97 76 7 93 68 84 89 54 12 6 43 73 94 41 91 20 94 31 35 29 21 44 56 7 71 15 9 6 93 62 68 37 63 33 31 11 22 39 64 76 23 94 57 94 74 8 19 95 88 78 29 31 72 84 7 66 24 
44 61 17 14 71 37 73 75 2 29 47 92 76 29 62 75 100 99 63 78 76 8 80 52 25 20 47 72 48 81 64 24 32 70 71 72 90 46 25 6 42 12 38 80 37 57 93 75 94 71 35 0 78 41 95 87 10 9 67 88 48 74 54 46 5 78 51 29 24 89 76 52 65 33 49 96 92 70 100 52 77 58 57 53 55 99 19 87 48 33 64 68 77 36 20 93 63 19 29 21 96 81 19 89 56 67 24 19 69 39 89 93 71 38 48 51 39 68 49 100 83 12 29 66 64 83 91 100 64 59 
76 81 30 84 64 72 36 29 64 91 5 39 3 81 87 98 76 9 74 0 63 76 38 71 67 19 17 56 2 49 71 30 96 11 8 6 86 5 8 31 70 68 57 29 16 85 75 44 91 16 53 73 43 26 27 34 64 79 92 14 91 82 17 89 47 18 47 87 1 98 3 36 49 85 17 3 41 54 19 54 50 15 33 88 80 33 90 6 87 10 40 86 54 21 91 3 78 86 73 61 9 82 50 38 100 54 90 73 42 62 99 93 37 52 79 25 91 0 41 90 32 0 17 76 58 18 19 8 38 97 
93 58 12 65 89 78 14 81 83 100 79 75 27 61 9 93 72 18 34 70 82 43 64 25 20 58 21 54 63 35 99 39 86 72 54 56 1 7 83 73 83 46 54 69 59 69 23 2 22 64 35 31 32 80 14 18 94 45 60 55 8 11 91 9 20 96 77 61 92 6 30 76 100 65 30 94 61 74 33 80 6 48 53 57 40 88 98 26 32 59 63 94 3 95 72 14 95 69 69 47 8 31 63 44 12 55 26 25 26 77 85 93 52 25 7 6 18 98 41 71 34 46 54 21 60 29 20 82 28 60 
68 90 94 93 83 99 95 46 3 28 7 95 58 3 100 27 86 28 78 52 83 15 5 84 8 25 53 18 70 51 2 86 6 41 37 13 96 40 26 7 29 12 99 74 82 60 48 49 22 17 55 2 52 66 8 6 67 1 7 79 42 34 37 4 57 46 75 64 62 27 43 92 72 64 48 5 67 22 65 39 98 25 24 18 65 25 25 31 21 99 99 22 53 65 0 56 78 10 16 91 56 69 73 21 82 24 83 98 36 78 43 80 53 94 96 6 46 1 46 75 78 91 72 73 30 57 98 72 9 96 
37 19 51 91 66 46 25 67 47 31 63 57 84 54 34 91 58 8 90 85 88 28 66 92 53 25 30 96 47 56 69 14 100 8 11 55 0 97 3 35 7 60 67 52 11 81 6 76 54 92 98 85 35 37 83 37 22 95 51 87 96 84 77 27 6 77 3 96 91 25 66 52 85 22 60 61 84 13 95 91 8 53 78 89 55 0 3 100 95 0 20 54 5 91 53 50 40 71 42 6 42 28 50 33 22 94 34 0 63 66 86 97 24 87 21 62 62 19 33 80 0 12 4 99 6 87 49 59 57 23 
75 40 31 84 81 87 7 54 76 95 7 2 98 23 9 61 12 35 70 71 23 74 28 67 3 18 24 68 52 74 20 29 2 71 57 77 6 100 32 97 78 77 19 19 20 62 87 19 46 5 20 36 9 45 55 96 65 35 72 69 69 17 5 78 81 26 95 83 82 97 11 61 36 72 16 33 80 54 100 59 50 61 36 90 92 30 49 76 6 63 40 1 65 27 11 74 23 58 5 62 93 86 93 92 1 98 90 67 52 41 4 59 32 58 96 99 16 20 50 98 27 54 39 47 30 3 82 20 80 31 
57 52 91 24 37 19 12 100 2 38 56 3 78 35 21 8 84 16 47 65 63 92 4 0 93 77 82 89 72 76 53 82 76 74 7 0 8 55 82 80 32 39 36 17 34 0 23 56 99 57 86 2 68 6 27 59 56 83 21 96 14 16 38 98 96 2 19 10 35 11 27 20 82 53 67 60 34 34 65 36 70 19 32 93 88 77 22 17 47 68 33 80 46 91 54 13 84 54 5 24 93 96 15 73 98 89 65 57 28 45 8 47 57 11 91 52 81 89 64 10 55 22 30 77 47 8 73 20 45 62 
55 3 15 80 51 6 18 41 55 62 85 87 17 29 87 13 72 71 3 50 21 33 25 92 16 63 30 58 64 16 43 58 74 38 10 40 56 28 15 27 14 69 74 35 50 40 23 27 43 18 21 93 84 36 29 70 63 63 8 3 14 6 53 47 38 86 87 84 50 44 89 10 100 70 28 33 88 72 11 19 37 18 6 18 40 83 67 54 2 16 45 77 9 5 60 18 48 56 18 19 13 61 87 57 93 26 91 47 77 58 39 53 60 76 33 1 96 71 28 17 86 24 53 83 2 63 85 40 8 41 
31 43 11 91 34 42 10 1 22 34 0 89 75 72 20 90 70 50 96 38 26 1 32 94 16 28 100 20 28 40 66 45 54 89 76 16 33 78 33 73 55 37 46 8 36 51 66 82 97 62 68 48 33 30 28 66 34 11 9 61 35 7 37 28 49 37 17 49 69 68 91 49 80 72 88 98 95 28 92 81 38 80 15 46 91 4 63 100 94 70 87 49 59 26 81 40 34 73 74 81 74 30 56 86 73 1 80 56 37 87 85 62 80 70 35 66 65 59 88 4 75 88 94 88 42 56 2 23 13 75 
96 54 4 75 35 32 28 74 99 61 84 35 26 72 44 61 15 45 29 88 69 30 27 31 31 79 81 31 79 57 91 96 67 61 44 0 13 54 6 87 73 22 16 95 90 89 73 17 96 12 29 10 96 81 42 18 31 9 46 23 7 87 25 65 94 8 91 9 15 58 37 75 47 38 87 46 31 32 38 60 16 36 82 84 8 6 67 20 26 98 95 54 50 23 69 36 89 32 66 86 10 65 61 31 45 95 66 77 68 25 52 91 81 74 62 87 60 37 60 40 61 61 10 68 25 57 26 38 8 25 
58 64 84 59 80 28 44 86 98 20 81 0 43 56 93 25 32 38 47 24 35 0 12 36 82 58 18 98 16 71 2 71 19 60 58 30 44 52 52 30 83 22 59 85 98 89 2 88 53 92 75 71 52 8 4 95 95 44 75 83 65 86 63 89 87 73 3 33 59 52 26 76 73 80 74 45 97 58 50 81 24 81 67 35 3 47 70 16 52 32 22 67 42 15 64 62 46 2 40 50 31 9 37 97 58 83 19 65 9 83 30 14 96 71 56 30 27 7 11 72 95 15 34 0 43 30 23 55 81 90 
93 28 77 31 19 93 49 87 85 18 98 61 100 35 80 83 98 63 35 95 48 5 62 34 62 36 94 64 54 37 32 57 61 18 13 37 88 13 10 76 45 80 82 32 27 64 90 95 36 78 83 27 14 18 82 34 89 57 42 24 40 48 20 76 42 89 28 24 78 70 76 20 38 37 40 9 83 58 62 13 71 0 20 22 0 89 59 16 73 93 31 71 90 54 3 7 8 30 25 43 32 93 42 26 96 72 80 5 91 23 6 89 57 6 73 7 79 60 68 85 8 83 40 70 32 80 11 15 32 76 
11 66 90 8 77 60 29 3 34 88 72 98 63 23 82 61 22 39 75 2 5 19 2 54 19 60 38 83 61 50 98 93 46 93 91 83 81 57 43 57 88 7 47 50 31 76 46 83 49 6 75 68 5 90 31 61 20 65 18 29 57 30 91 3 67 22 38 99 62 90 65 94 95 56 51 50 17 95 84 71 65 72 15 59 7 84 50 60 34 65 89 3 42 72 64 35 72 81 1 87 87 52 68 31 21 1 51 83 70 66 50 89 86 89 13 14 41 93 48 63 62 26 82 22 51 4 84 1 51 73 
65 13 93 49 14 11 53 93 13 9 9 48 28 62 30 1 39 95 78 45 96 8 28 34 96 31 25 88 58 9 32 75 48 69 75 73 51 22 35 28 84 4 57 21 68 90 39 68 31 7 83 69 25 38 67 86 13 91 86 72 51 27 0 93 46 31 94 62 52 79 38 39 23 25 22 73 26 50 66 20 97 94 63 88 73 26 78 0 22 51 52 2 43 1 35 9 39 87 9 33 95 70 7 86 66 83 40 12 49 64 20 2 71 95 2 16 23 60 45 52 94 63 92 0 72 42 17 81 64 8 
10 71 98 30 92 87 69 72 32 81 39 80 23 59 96 15 16 29 90 54 48 81 76 31 71 17 71 1 33 18 37 67 76 76 5 40 73 85 31 15 99 58 91 26 79 73 22 76 17 100 46 19 53 24 51 74 41 32 52 12 7 75 43 93 87 30 51 55 64 64 37 48 68 93 2 56 68 95 92 94 90 39 78 89 72 79 100 21 100 47 53 97 26 9 18 87 55 71 54 18 34 21 80 79 95 97 6 70 83 94 49 49 5 96 89 7 13 88 48 17 46 90 11 66 10 11 29 40 29 75 
50 74 92 68 10 96 98 58 18 42 92 53 17 80 1 83 53 8 71 38 35 91 45 55 16 100 25 35 90 14 61 77 35 60 74 31 81 12 19 66 11 80 89 92 86 39 63 9 35 11 53 37 26 72 19 16 60 86 80 77 26 70 50 71 16 70 10 62 77 2 75 1 71 79 37 4 79 76 87 83 6 83 52 77 56 97 41 5 76 83 71 45 49 35 34 59 89 70 50 26 57 40 54 52 53 52 99 96 25 96 54 2 14 100 100 92 92 32 26 88 24 28 76 90 76 9 44 6 19 76 
5 52 29 11 0 76 78 59 69 23 62 100 60 87 69 34 69 23 3 89 15 40 75 76 61 21 44 19 74 78 84 80 50 65 69 81 32 66 1 66 98 11 53 1 27 33 33 9 74 20 40 100 78 12 25 34 16 49 70 50 57 23 37 60 32 61 76 10 4 96 94 81 59 15 59 30 3 20 68 13 76 20 7 58 34 11 25 87 53 98 5 96 7 55 41 0 35 24 88 38 34 49 48 44 53 80 23 10 83 41 34 18 96 62 44 70 100 69 43 90 53 97 97 84 45 87 36 1 94 45 
44 26 7 66 53 99 70 69 76 76 77 16 62 85 27 10 78 66 74 22 95 77 65 80 31 9 57 97 2 89 15 79 42 61 54 9 29 57 87 20 55 75 4 59 15 81 64 56 13 12 89 68 65 22 5 78 72 0 78 59 7 84 39 77 89 41 45 59 80 78 22 96 60 87 71 35 60 83 19 13 93 83 50 25 97 63 73 60 34 68 11 12 22 12 44 19 14 25 14 67 26 100 77 54 79 31 24 56 66 12 56 30 78 38 62 67 14 66 58 87 66 46 52 6 8 15 8 88 25 91 
58 42 49 97 21 49 11 93 0 11 33 42 3 3 0 67 16 0 96 90 43 42 73 93 30 90 13 10 35 0 86 90 2 86 60 18 90 95 34 94 54 51 85 7 88 58 22 52 49 22 56 57 90 29 34 49 88 38 39 9 67 58 79 79 30 93 83 94 51 13 84 29 80 76 74 25 29 12 63 8 60 99 48 23 75 78 20 12 87 0 31 77 92 32 24 17 91 14 56 22 57 26 63 28 22 77 83 9 12 78 27 36 27 84 56 89 92 40 77 88 91 0 15 63 41 29 43 50 58 85 
51 65 33 36 87 0 90 47 75 82 78 48 24 77 68 83 55 59 71 72 10 32 49 9 22 51 74 24 63 80 85 12 76 25 95 31 81 73 35 2 81 84 40 61 71 66 5 68 1 13 7 98 39 34 13 88 3 40 76 89 72 35 42 62 74 19 35 6 44 25 24 82 23 69 12 90 74 71 42 4 4 80 79 18 60 70 80 7 91 39 34 46 92 19 53 85 88 81 95 63 82 3 1 99 100 85 59 85 74 74 90 97 94 88 51 24 15 11 99 98 14 35 11 27 0 46 61 72 72 97 
70 42 29 94 60 35 51 71 96 1 10 10 7 75 27 74 30 52 57 86 2 14 26 90 87 87 28 61 12 91 56 35 45 30 4 88 93 63 27 10 38 89 14 82 64 73 64 59 13 37 8 10 77 9 41 37 94 64 48 58 3 13 20 74 23 54 67 74 30 80 86 18 66 95 72 4 12 2 2 88 34 29 41 63 18 43 9 29 59 97 34 13 55 64 6 55 99 42 93 6 82 84 52 75 89 56 97 47 6 86 58 10 43 92 18 85 91 44 40 76 75 24 44 8 77 64 0 43 35 33 
99 41 16 44 13 0 77 68 97 13 64 48 85 7 18 28 40 84 86 35 53 4 91 14 97 100 81 70 69 58 9 48 31 40 21 33 63 91 48 78 41 69 6 4 77 60 57 71 14 29 53 4 65 61 84 93 30 94 59 25 32 52 17 93 76 73 91 78 0 0 79 7 59 39 39 52 36 92 76 40 66 0 64 87 42 82 52 21 20 5 22 70 50 34 57 12 30 28 100 3 48 53 83 12 89 82 100 71 44 7 6 94 71 97 58 13 81 14 18 32 100 89 98 55 35 96 65 92 38 94 
100 54 11 5 10 56 61 96 21 77 25 37 74 65 45 43 69 15 78 26 50 80 60 91 25 11 52 37 8 23 76 27 84 67 78 40 48 63 36 6 1 28 92 84 80 37 47 34 20 27 6 50 81 74 85 36 52 66 57 69 83 50 78 56 74 11 60 7 67 99 5 7 91 89 26 91 77 27 68 68 38 53 67 94 47 14 12 64 4 1 31 54 3 75 54 44 79 14 3 96 6 62 21 79 22 21 11 6 43 89 45 85 55 15 61 65 0 8 89 37 98 92 18 22 95 30 91 85 25 68 
40 25 23 80 15 45 52 78 90 99 6 37 4 10 88 23 18 57 74 13 88 35 70 45 54 7 58 37 56 29 39 60 53 90 75 100 0 37 81 89 78 53 97 50 10 1 3 26 37 91 20 98 45 27 17 14 60 71 47 1 20 55 13 60 46 12 37 68 49 31 84 14 88 5 54 28 56 64 21 46 13 25 95 70 24 72 17 50 63 33 36 1 7 38 7 83 86 27 47 30 1 83 92 73 60 19 9 69 92 7 50 90 41 41 66 30 61 34 56 82 14 94 51 31 17 96 18 28 24 22 
44 95 28 29 95 90 70 3 11 6 15 78 7 37 19 6 14 34 48 91 4 45 70 97 91 15 84 8 38 85 77 30 74 15 12 85 50 38 93 57 5 83 66 27 17 22 15 95 32 39 73 29 87 62 99 39 100 55 55 64 85 76 18 52 98 44 29 37 83 90 37 89 51 30 17 91 53 30 14 74 62 86 81 72 42 81 37 75 49 8 95 30 20 23 91 86 50 21 43 1 17 95 77 40 3 34 68 70 38 56 54 62 21 13 84 0 67 77 83 51 55 23 49 38 10 70 94 29 23 20 
7 95 43 24 88 40 66 41 28 49 51 14 69 25 2 97 58 21 68 38 97 81 97 10 84 88 41 21 53 48 83 56 4 71 13 79 18 84 69 28 55 44 90 0 94 27 57 85 47 53 12 52 48 3 88 89 46 36 46 58 35 59 73 39 29 94 2 42 79 85 16 26 20 87 56 33 47 72 84 61 71 4 24 28 10 54 2 11 64 43 4 80 68 63 13 97 74 13 61 90 96 95 97 85 16 37 11 18 49 5 4 95 47 0 34 45 38 29 67 45 59 35 37 12 90 0 19 95 20 60 
57 87 88 18 43 31 56 51 96 23 82 85 52 47 94 90 60 70 2 39 35 57 54 92 12 3 55 81 32 27 17 25 20 4 54 63 38 32 23 58 95 14 32 93 72 83 96 65 22 24 34 47 100 46 39 90 36 4 9 10 69 50 35 17 80 91 73 77 60 34 19 82 13 94 72 12 43 90 40 27 18 30 22 17 52 3 49 45 13 2 67 44 87 18 9 24 58 52 96 9 84 51 44 12 25 29 76 74 23 66 37 69 85 15 48 63 17 63 55 98 2 1 55 43 37 15 23 37 8 37 
40 53 24 87 40 5 80 56 28 92 87 73 38 44 18 39 15 93 41 65 86 16 72 81 44 36 73 26 31 47 69 63 26 65 52 34 55 76 64 77 13 28 93 88 35 82 5 90 74 8 59 76 49 45 75 41 92 7 9 75 77 98 60 72 79 61 23 53 10 44 34 10 81 4 23 4 83 60 29 63 95 37 85 86 43 70 28 22 24 69 72 62 79 5 84 58 74 91 32 90 51 35 81 91 80 85 23 59 23 56 26 83 29 88 77 38 6 27 67 30 8 26 29 15 82 66 50 59 9 8 
87 9 82 21 73 78 65 53 72 86 39 86 61 34 25 47 68 61 100 20 100 25 41 95 88 47 61 60 80 4 31 43 42 89 57 3 66 87 81 2 36 31 0 88 78 44 75 12 23 12 77 78 53 28 93 20 39 67 98 10 10 70 38 37 33 1 84 48 37 27 56 22 33 80 67 100 38 7 74 29 16 57 25 52 19 40 91 25 74 45 56 93 23 88 26 92 1 82 14 9 36 28 7 83 41 74 12 25 23 93 83 34 90 85 14 97 53 17 53 2 15 69 84 44 4 76 18 18 25 26 
96 87 4 43 66 15 7 72 96 44 63 83 27 4 82 96 22 99 55 45 28 86 34 11 33 61 9 21 61 24 46 92 55 61 45 36 3 42 75 6 34 52 39 48 89 54 5 62 3 36 79 28 79 1 6 53 21 17 38 97 12 51 77 90 87 3 92 19 69 61 82 14 59 43 14 82 57 86 32 21 24 22 98 2 13 23 93 21 43 31 61 10 26 94 80 41 40 95 13 10 2 54 76 95 78 68 12 56 27 98 9 4 54 80 92 86 32 60 72 28 4 82 37 9 25 29 78 58 66 68 
58 27 28 90 30 82 40 89 14 10 59 72 84 70 78 5 50 13 99 3 45 42 95 97 8 44 21 23 29 9 9 46 23 18 23 44 42 8 83 82 46 19 86 56 98 49 4 18 91 66 23 100 12 32 12 51 53 61 97 71 28 46 27 38 34 4 88 75 76 89 76 1 20 4 6 81 60 71 61 0 76 17 33 98 84 31 84 29 2 9 87 89 3 45 20 85 80 24 53 62 80 63 73 89 62 12 63 69 86 52 30 30 38 13 42 4 22 10 61 69 63 83 9 27 69 13 62 23 60 4 
10 42 19 51 38 5 71 89 37 66 29 9 81 3 81 5 81 22 91 26 19 8 81 53 4 76 50 40 96 95 87 57 40 0 81 1 74 61 22 8 43 14 2 35 39 70 37 67 40 89 20 100 6 34 59 55 46 5 3 95 72 2 60 47 53 33 75 89 89 22 100 92 39 74 2 98 3 88 94 9 24 28 26 13 90 58 96 24 4 56 20 62 6 44 52 67 86 23 93 60 79 52 59 29 24 0 60 76 47 44 15 11 81 59 73 10 24 15 80 80 86 14 93 80 38 86 55 40 57 27 
82 16 81 25 98 7 8 33 53 45 9 35 96 43 2 29 17 100 35 69 65 98 29 63 9 78 74 22 58 60 77 77 72 58 82 12 45 71 4 63 6 64 43 98 13 60 61 79 85 8 91 66 13 44 32 52 26 72 4 35 31 3 10 83 41 30 11 93 91 7 100 40 95 72 23 78 37 16 49 97 67 14 99 14 18 33 13 25 99 79 48 14 86 47 81 50 11 47 18 59 48 19 63 82 87 12 58 86 13 1 48 7 55 56 63 79 65 92 100 92 70 3 91 68 82 59 0 41 69 68 
71 65 55 63 93 69 72 85 0 34 49 51 60 95 79 84 45 41 30 44 26 87 56 36 67 90 19 97 78 75 39 46 87 93 90 86 91 79 89 58 36 39 31 60 6 49 76 68 94 56 11 24 5 81 91 72 77 52 78 63 58 15 55 96 82 46 23 87 68 49 58 31 5 15 47 43 92 1 77 25 23 8 78 100 77 40 60 4 85 1 42 12 14 87 32 46 86 6 26 88 62 13 69 100 14 55 83 76 34 9 0 5 22 41 88 77 80 26 26 52 6 30 75 56 21 40 35 50 32 9 
29 53 79 63 87 27 19 66 53 96 99 72 70 55 1 77 85 12 84 71 71 71 69 50 27 23 50 94 10 13 1 36 82 37 67 34 76 13 43 97 15 87 94 42 4 42 91 89 65 62 35 58 9 52 67 99 14 11 66 16 88 52 41 59 84 89 74 17 61 65 81 65 52 52 98 73 33 59 100 85 49 2 68 0 74 7 3 42 32 15 51 8 98 84 43 21 43 16 50 23 49 63 90 47 72 34 42 43 75 71 87 7 9 26 14 90 29 78 39 81 7 41 23 47 85 32 87 43 90 92 
3 75 47 33 29 93 44 46 66 68 89 25 67 74 41 75 45 45 54 42 35 18 89 13 53 0 79 39 67 66 88 8 19 80 0 14 24 81 49 45 5 12 14 78 0 71 14 41 36 72 64 27 95 52 1 25 43 82 76 68 33 46 60 67 76 97 43 66 39 54 85 39 73 17 11 10 19 28 93 41 9 13 49 24 88 57 5 4 44 21 0 16 26 96 95 82 68 75 49 85 70 12 24 28 70 73 93 87 39 16 65 98 46 6 85 33 30 35 33 66 18 55 68 20 10 77 21 40 17 21 
34 53 24 66 39 14 95 62 44 38 56 58 76 23 15 0 89 97 66 65 81 94 33 65 58 71 77 16 72 90 51 19 24 4 95 6 1 29 37 28 49 77 27 13 50 74 77 11 66 49 26 2 90 53 6 20 70 17 28 18 4 27 60 83 36 94 54 1 77 8 37 28 19 44 100 65 2 75 66 13 72 92 14 43 91 60 20 3 56 51 25 15 32 79 40 48 81 59 75 41 90 1 26 43 62 35 2 86 19 40 12 20 72 65 95 33 44 18 14 44 88 59 83 31 63 11 55 31 4 24 
53 63 72 50 82 100 91 39 11 52 10 88 86 61 28 74 45 47 86 90 15 18 65 19 31 24 15 73 62 73 50 83 34 40 60 12 50 20 66 20 34 48 10 39 86 14 39 70 68 42 38 2 84 46 95 23 87 53 88 52 31 17 95 29 96 9 44 2 75 81 63 94 36 51 60 76 11 60 46 94 20 35 20 2 0 79 68 70 8 41 56 97 53 74 14 21 27 92 23 69 76 95 45 67 21 98 96 43 36 90 39 7 16 15 50 77 26 44 30 24 67 12 59 59 34 5 91 89 40 70 
52 43 54 98 67 3 30 12 55 76 7 81 22 13 34 28 12 83 35 18 13 58 85 65 88 52 61 39 41 71 27 76 4 37 33 64 6 13 70 32 21 17 75 89 91 29 93 34 87 95 63 48 18 94 77 12 94 11 95 87 21 13 98 1 25 0 12 49 70 6 6 75 6 86 27 98 42 2 53 65 8 57 40 37 7 31 69 73 98 92 12 54 79 26 81 89 84 5 15 86 8 66 29 36 76 63 71 78 89 76 7 27 38 8 65 74 65 27 21 24 63 26 4 94 93 27 94 33 58 9 
77 38 12 44 44 8 17 53 55 57 52 0 3 92 13 43 67 4 58 3 93 12 91 100 47 13 22 56 24 4 47 35 99 30 41 45 25 83 42 40 30 83 87 43 41 15 75 45 85 19 55 63 67 86 91 82 68 62 19 37 77 12 87 29 39 18 67 43 45 70 7 48 17 92 24 65 99 94 72 38 7 41 35 40 96 2 94 40 77 22 74 69 87 72 6 56 34 4 46 72 78 15 25 73 50 55 75 5 78 90 22 98 45 67 74 17 38 88 90 52 36 59 43 66 65 35 78 25 38 85 
100 98 40 84 81 43 23 41 3 55 61 64 91 69 75 40 83 93 19 14 4 72 40 66 36 42 17 82 40 2 54 25 94 62 18 72 84 91 7 28 60 88 98 42 48 14 63 81 27 52 39 18 79 17 90 51 31 52 48 13 43 22 32 65 65 96 85 0 80 62 95 22 31 28 19 81 51 50 10 27 94 43 100 31 51 96 6 12 46 47 19 10 11 0 75 36 4 97 3 6 91 58 88 67 87 3 52 39 47 100 60 89 97 92 31 39 71 60 49 50 74 78 5 21 44 98 1 71 19 64 
16 38 74 50 71 98 7 55 81 84 51 52 49 49 76 24 44 86 81 75 43 69 61 83 59 4 33 22 34 5 69 80 59 24 58 75 31 3 80 17 89 76 91 23 28 5 42 66 57 79 22 80 31 60 42 75 16 60 41 32 63 89 16 78 38 38 3 96 4 97 36 92 91 65 22 95 88 42 21 20 73 98 28 19 52 7 92 56 48 7 37 26 36 77 97 20 46 14 96 24 19 86 32 56 99 1 38 99 71 70 90 95 34 33 68 34 56 34 75 81 82 65 69 54 18 69 90 25 73 75 
70 63 61 25 42 17 78 31 98 97 52 58 70 90 45 80 75 85 80 75 47 68 65 68 80 86 23 9 43 5 12 7 69 86 93 67 100 5 34 0 59 8 43 40 33 3 71 56 41 99 50 77 78 67 28 89 100 65 58 48 9 31 32 79 83 30 0 76 53 28 90 94 1 70 42 58 10 0 61 84 76 44 95 72 65 6 28 8 71 75 48 100 26 70 72 28 15 50 39 74 75 11 80 75 29 8 91 52 13 23 86 5 64 61 1 74 31 46 46 92 44 95 54 80 100 49 92 96 48 22 
100 83 18 88 39 46 10 77 94 16 23 86 59 87 42 67 89 33 20 68 74 43 100 36 13 53 37 26 36 73 89 64 31 8 28 77 79 75 100 87 68 18 87 16 18 70 50 75 74 8 65 17 70 92 71 13 56 71 89 24 59 69 20 13 79 77 58 58 31 36 24 38 66 71 76 67 55 59 91 83 70 91 42 42 10 57 14 30 79 83 19 64 80 64 86 91 40 37 43 27 34 49 60 80 3 38 92 96 78 62 5 65 90 31 89 34 96 51 11 72 98 5 17 18 69 8 94 40 21 15 
83 35 14 67 20 65 75 48 58 63 13 50 99 86 37 3 67 3 78 63 97 31 91 33 60 79 9 67 50 69 80 59 92 23 84 86 15 65 97 75 0 17 91 54 16 45 42 58 33 65 1 62 18 67 8 3 84 63 90 82 69 15 97 100 41 0 72 56 9 31 37 97 48 84 60 11 68 36 32 15 19 19 23 38 4 89 13 53 82 70 43 74 73 91 21 32 93 38 60 87 90 37 58 73 18 70 32 69 75 83 57 87 94 85 7 21 12 9 48 88 7 6 51 72 10 48 62 38 24 80 
63 82 50 68 18 90 46 67 70 35 60 31 65 7 20 16 39 72 65 6 27 11 52 88 12 78 67 83 59 31 52 7 85 61 85 78 91 42 92 75 80 54 65 18 27 31 82 84 40 52 83 1 37 55 6 53 68 35 88 47 68 75 45 52 16 96 86 11 1 73 76 57 23 84 74 31 29 27 59 74 10 33 39 26 21 40 80 28 69 31 29 53 1 28 83 82 2 66 85 43 71 36 75 19 21 30 87 99 96 26 76 48 69 42 93 57 7 82 54 72 53 38 14 98 66 78 32 98 64 83 
19 58 76 10 0 4 47 42 14 9 91 99 77 53 13 0 80 4 72 17 83 2 0 86 35 14 31 71 7 73 45 56 86 69 51 65 73 25 65 49 86 94 59 96 85 27 89 31 46 65 86 27 5 30 37 73 30 59 58 0 12 38 23 56 61 46 94 82 1 27 60 26 40 18 99 45 90 57 53 79 95 43 50 89 71 74 36 47 22 65 56 80 28 76 42 90 46 51 1 43 95 80 78 98 11 23 19 47 92 43 58 18 36 6 75 16 54 65 42 74 40 3 98 50 42 66 30 76 7 70 
97 80 51 79 73 95 94 38 59 71 58 12 4 99 4 43 22 4 98 42 21 4 28 31 34 77 6 8 17 15 76 83 15 96 98 30 14 86 61 31 21 0 8 69 22 58 83 91 84 80 87 29 66 61 31 51 23 36 100 8 20 99 41 89 53 83 52 83 0 28 39 82 30 54 18 1 57 1 2 42 56 32 17 51 74 57 38 62 69 23 87 15 44 75 72 83 35 89 35 26 93 87 60 31 23 69 57 56 46 78 64 91 38 0 72 32 27 12 22 22 3 57 11 48 56 98 73 26 5 82 
5 74 45 75 95 42 66 16 70 63 51 50 2 28 36 9 47 95 81 77 48 71 22 86 0 31 21 99 70 43 56 38 56 93 19 35 6 16 26 35 63 62 58 53 97 88 29 59 33 5 31 59 3 45 52 91 70 76 40 93 53 71 97 81 53 85 12 43 6 55 70 41 80 89 89 56 68 10 61 74 37 65 39 30 19 52 51 15 43 64 63 70 88 68 35 78 81 33 38 3 5 7 45 62 44 27 29 63 24 79 25 84 23 84 74 59 50 64 29 11 93 63 5 64 46 59 79 24 63 18 
78 99 98 71 83 76 19 22 54 28 91 15 25 88 74 2 7 35 61 36 3 60 10 32 12 81 72 25 85 62 81 1 28 6 23 49 14 88 95 74 29 31 76 59 6 69 63 31 25 49 56 15 49 60 45 73 57 77 42 70 71 24 90 11 70 38 81 34 37 59 58 89 99 94 81 43 92 38 78 12 59 0 94 65 63 63 96 65 26 32 46 66 86 62 81 22 17 16 35 75 11 96 71 99 100 57 19 23 32 31 7 93 91 40 26 68 29 58 3 46 17 99 14 11 22 97 81 26 54 54 
23 12 11 58 68 10 18 75 87 58 84 5 17 80 40 22 0 54 67 82 93 30 67 13 75 48 8 32 99 36 55 10 21 3 85 17 1 94 64 30 41 91 53 68 64 35 18 62 69 30 9 24 14 76 45 59 13 11 41 99 34 68 74 6 28 77 13 62 25 42 47 21 71 38 31 78 99 9 82 55 37 53 4 89 22 73 100 57 68 24 71 41 40 94 14 68 77 69 36 91 9 16 0 87 81 62 89 91 5 42 29 25 24 81 73 10 68 19 62 15 100 44 66 11 88 91 52 2 46 67 
56 5 21 16 31 44 48 15 50 96 63 16 25 71 79 40 53 8 88 91 36 8 55 10 12 100 38 40 73 39 55 16 36 98 93 10 94 84 13 88 33 66 86 59 2 11 53 36 85 33 86 0 13 3 29 38 91 46 89 47 91 0 55 70 70 69 56 13 91 49 6 98 39 43 47 72 3 10 8 10 94 7 74 37 9 27 39 8 15 0 5 3 37 68 94 25 29 29 48 41 94 41 69 21 80 1 100 89 20 84 0 28 66 12 95 35 53 71 18 27 70 68 49 100 51 60 31 18 31 88 
88 68 5 65 28 68 52 91 50 26 31 27 87 45 1 14 39 96 7 90 41 65 56 41 75 11 55 22 1 26 30 69 5 13 31 22 23 76 9 73 58 41 43 61 89 87 6 97 59 91 100 98 19 95 26 34 0 28 4 45 0 20 77 25 71 62 91 100 41 54 41 100 86 40 43 16 78 5 80 61 75 69 34 52 13 100 20 38 87 87 57 63 100 21 72 34 70 65 54 37 63 62 13 70 13 88 36 79 33 2 23 74 75 77 37 88 69 68 2 88 19 30 92 79 25 93 11 100 10 57 
20 96 46 59 32 100 67 28 83 65 15 78 1 83 99 2 6 22 54 39 39 33 46 40 70 21 84 74 35 39 31 79 77 84 58 45 47 46 2 14 28 32 42 77 97 71 3 52 3 40 28 7 19 9 7 59 60 85 4 66 100 39 90 44 64 5 49 83 81 71 46 89 43 73 15 7 32 57 99 31 14 80 9 3 28 58 18 42 85 7 90 8 1 24 77 96 32 68 22 55 53 44 31 78 51 54 31 31 15 84 12 44 30 72 38 13 74 52 9 55 85 90 50 97 29 77 53 14 53 31 
32 67 47 91 12 21 88 56 41 93 83 61 74 0 4 47 49 55 0 88 12 71 10 29 72 22 80 90 29 66 12 48 21 88 75 16 61 48 91 30 58 50 11 0 6 24 62 94 18 73 97 10 100 18 85 34 42 89 7 34 86 10 37 23 50 11 79 62 13 15 85 31 90 66 99 67 68 39 11 45 63 64 10 59 19 92 41 59 67 58 21 83 28 79 42 95 14 89 77 26 67 94 35 81 68 19 5 2 96 10 29 53 65 88 39 93 76 24 76 92 63 43 66 91 0 70 80 15 72 28 
91 100 55 1 10 19 73 69 75 78 73 66 93 93 38 27 77 86 91 70 42 17 95 10 94 23 70 100 12 70 9 91 21 61 20 0 4 4 9 70 50 40 89 46 62 24 70 84 21 74 52 95 17 71 81 40 52 78 8 17 64 33 24 62 63 81 75 83 4 31 89 7 21 44 85 12 99 23 69 15 19 87 34 6 9 36 4 0 75 55 19 96 53 5 17 83 77 4 7 82 72 32 17 14 62 54 100 33 87 7 44 55 77 68 85 49 35 12 82 37 83 34 11 20 71 38 27 22 91 40 
97 91 51 68 59 68 59 35 23 43 98 15 31 56 45 13 56 25 65 74 38 22 72 45 61 75 7 64 22 26 50 61 55 54 42 62 90 64 44 28 38 10 100 41 34 9 42 91 3 3 71 23 8 15 9 13 47 9 24 10 89 32 28 58 36 76 82 96 90 32 49 72 41 21 97 24 75 5 27 92 52 61 25 86 87 34 82 36 78 2 13 54 42 72 69 41 52 61 53 78 99 20 10 13 91 8 43 69 0 3 87 92 38 45 50 92 73 29 33 67 73 93 60 96 25 80 13 42 76 76 
24 24 99 30 73 40 87 26 13 10 31 81 95 87 13 57 36 59 74 81 23 85 77 14 68 53 30 95 80 71 48 83 95 66 27 10 0 96 79 42 39 95 77 56 0 48 34 65 32 25 0 80 98 78 45 40 56 86 43 30 40 49 4 86 73 5 93 89 50 1 45 50 82 34 23 77 38 54 23 36 18 53 56 11 99 5 7 55 18 42 58 83 74 14 7 57 88 100 28 31 26 100 12 72 32 45 57 89 72 15 89 5 17 88 87 11 6 53 87 35 38 32 79 60 38 98 79 52 41 93 
85 58 60 92 22 84 31 92 25 38 25 70 76 72 6 16 6 35 35 14 18 44 65 68 28 81 36 87 78 11 94 41 15 34 61 89 59 45 81 68 67 56 82 91 27 42 39 18 61 87 30 7 61 48 89 58 84 64 39 0 6 13 93 15 6 34 45 76 48 94 30 67 21 93 10 45 14 38 89 6 37 4 46 78 45 45 40 98 79 26 87 3 25 5 65 66 13 83 29 79 16 62 78 59 64 64 4 95 82 75 94 75 50 56 15 15 80 2 47 6 78 35 64 6 0 4 79 91 80 3 
7 50 9 71 64 90 1 17 85 40 80 91 63 22 27 100 62 94 60 96 58 87 46 68 78 96 35 25 15 20 90 67 39 97 0 66 32 99 31 77 61 23 2 88 67 75 75 28 14 78 14 40 79 39 99 48 10 8 73 3 50 56 54 44 2 45 86 35 55 82 58 69 35 66 47 88 5 38 25 73 4 55 36 31 74 99 2 8 3 49 17 52 50 13 65 68 52 70 58 59 9 41 71 27 24 66 47 72 39 18 72 37 2 82 96 67 7 84 0 59 58 65 37 91 90 92 48 99 54 0 
28 9 46 35 93 59 92 19 25 10 96 26 20 44 42 36 84 7 36 64 14 49 15 23 50 93 87 95 45 45 78 41 66 88 34 16 46 2 66 99 61 91 76 30 69 9 90 82 89 22 14 27 60 95 4 78 94 5 92 73 8 9 78 26 89 59 26 21 47 22 3 12 94 82 30 57 95 25 40 98 45 61 81 42 25 56 40 4 13 46 6 8 18 46 8 34 50 77 17 19 43 26 4 46 9 67 50 57 0 42 68 37 78 95 25 87 75 96 1 58 74 35 38 20 79 77 71 49 32 49 
93 31 6 22 51 25 52 91 10 98 3 19 63 57 40 39 20 18 86 21 57 62 43 42 27 48 26 84 27 20 32 74 91 100 5 48 77 58 59 25 35 75 90 14 16 11 60 66 29 31 13 71 71 3 11 2 31 70 37 11 16 71 69 15 59 84 68 67 61 29 0 9 13 55 83 34 90 8 50 12 100 39 9 6 37 83 69 61 30 63 77 100 43 70 13 46 12 19 12 82 9 10 65 76 8 41 50 54 21 74 68 90 42 44 58 16 23 89 40 55 1 33 93 41 32 51 71 0 100 27 
45 72 98 26 38 40 60 1 67 26 34 26 99 41 30 25 30 1 53 6 31 72 51 62 39 8 97 55 26 27 97 59 53 83 34 32 67 37 35 35 63 40 19 17 29 18 85 50 38 34 48 79 21 76 97 13 37 96 30 64 20 78 67 41 45 94 81 27 12 44 48 70 1 24 44 22 26 54 53 46 79 28 52 1 37 11 47 28 78 29 77 51 10 22 76 79 68 38 96 71 31 8 51 94 50 71 18 88 20 99 53 28 9 53 62 100 35 73 79 66 84 76 28 73 79 16 79 24 29 87 
59 22 61 1 34 76 25 44 33 51 68 54 87 79 15 68 51 99 7 63 28 84 34 23 35 49 9 31 25 33 55 27 91 19 44 79 26 42 82 18 61 13 28 8 85 9 47 72 28 4 35 43 97 13 71 91 0 28 38 10 10 13 98 54 0 17 97 40 20 66 56 34 83 7 86 79 5 28 45 10 20 61 32 70 81 86 77 12 89 43 6 5 1 66 20 97 23 15 46 71 82 13 46 59 32 78 19 74 8 4 96 65 75 24 66 39 55 25 53 57 29 66 47 8 92 29 93 42 98 41 
50 98 3 80 82 34 74 5 43 29 72 77 32 86 10 31 96 76 93 49 91 54 4 68 63 66 45 30 65 89 80 23 28 100 19 21 48 81 33 75 15 49 27 41 22 28 97 76 80 10 14 8 48 13 28 26 5 3 96 65 51 1 87 80 92 61 75 0 16 63 35 2 92 23 99 18 54 21 33 91 51 77 8 32 20 4 35 91 92 94 49 1 29 88 39 14 20 23 12 4 77 95 45 46 81 18 28 83 25 78 56 72 100 19 68 82 37 39 56 84 81 99 83 51 96 7 19 85 75 27 
46 42 100 56 15 8 58 31 71 80 46 65 42 47 36 60 35 12 31 41 88 14 55 48 27 84 45 28 100 10 94 3 9 12 43 13 34 87 74 23 81 21 18 88 32 46 79 25 34 71 85 15 45 2 26 34 76 2 57 49 58 15 62 92 7 63 91 88 49 35 6 49 81 51 71 74 19 67 29 20 83 0 14 25 56 61 21 47 81 11 45 42 28 89 68 48 66 78 96 42 83 52 25 9 32 32 2 78 39 26 30 7 69 17 16 15 51 20 71 100 61 61 21 63 94 89 50 27 100 54 
28 25 44 87 18 1 36 15 58 79 29 5 51 7 89 15 0 75 73 56 63 71 54 22 66 63 4 63 86 84 16 80 6 13 97 50 72 21 18 22 75 21 99 20 42 43 79 45 3 14 21 69 74 52 52 82 28 65 15 5 72 48 84 7 97 28 97 71 22 29 32 86 21 92 23 5 33 21 13 85 91 53 17 57 31 20 23 62 69 11 28 20 74 43 69 78 43 58 54 35 64 16 75 13 67 21 18 41 80 55 37 76 32 68 100 33 71 63 18 11 11 86 11 42 43 91 33 37 1 94 
3 15 99 73 66 76 88 72 2 40 16 74 0 97 43 67 82 44 68 12 78 57 80 90 89 21 37 0 25 61 9 38 56 69 42 6 99 39 6 55 69 78 73 70 55 49 80 6 39 24 29 60 9 91 15 46 7 46 97 0 96 14 23 29 63 6 15 63 10 76 65 24 69 8 89 16 57 47 23 25 43 77 1 97 82 34 92 81 83 38 53 67 69 21 30 52 72 79 7 19 15 66 53 99 37 1 3 37 33 60 65 34 3 20 33 52 86 48 9 52 1 34 2 99 71 57 94 68 20 43 
38 19 89 3 13 97 100 23 96 15 99 35 28 53 90 11 94 46 5 18 79 27 81 14 89 54 6 26 81 34 33 61 52 56 57 18 54 29 94 45 49 73 58 74 56 100 46 56 68 4 16 1 6 50 24 77 18 92 1 80 9 81 36 45 42 89 73 98 95 37 87 70 57 18 92 87 56 79 39 61 94 73 21 51 70 25 86 80 12 35 67 75 18 6 87 0 54 49 14 76 77 9 74 51 49 82 92 3 67 73 52 50 5 22 18 67 87 31 47 27 55 26 54 11 35 52 23 90 11 2 
9 88 46 56 34 39 0 8 16 29 43 2 13 28 30 8 82 54 100 11 22 10 63 54 11 55 78 3 29 44 72 70 87 19 84 82 28 45 58 65 38 28 5 84 21 49 93 19 59 73 97 19 92 99 61 51 83 87 41 92 74 66 7 89 75 19 27 40 91 37 6 47 20 72 9 59 71 70 100 54 2 94 67 90 26 63 48 64 72 64 12 5 51 24 77 11 1 64 98 58 21 16 91 85 9 84 71 7 21 0 64 13 100 33 21 89 60 37 73 82 71 96 12 95 73 23 28 6 73 59 
72 10 6 50 95 44 10 77 59 22 100 64 55 70 79 82 0 11 34 60 85 23 36 44 26 5 83 13 26 65 49 89 83 87 32 58 26 8 69 94 6 89 45 87 88 62 74 85 81 48 13 32 39 50 62 90 95 84 76 70 13 17 46 31 36 39 10 68 27 34 62 44 95 68 61 78 34 41 71 82 31 20 28 28 32 89 41 3 52 51 7 14 16 60 38 23 3 5 64 42 96 81 1 85 51 32 48 86 21 11 100 73 25 51 8 11 37 96 87 61 34 53 80 86 58 54 24 9 30 66 
73 39 97 49 78 17 49 32 46 12 100 79 79 29 28 74 100 18 41 40 35 82 75 27 24 57 74 100 97 85 45 19 97 77 87 10 60 49 49 5 95 96 76 7 93 4 39 26 56 71 69 98 38 82 19 94 45 9 8 90 68 78 69 61 25 12 16 95 18 26 74 69 65 47 79 9 59 64 63 62 62 63 18 88 36 13 0 88 97 6 78 57 90 7 62 95 77 26 3 68 31 8 3 91 82 66 76 25 90 28 56 18 52 64 74 97 44 68 40 85 67 40 21 86 11 68 72 93 36 88 
28 22 77 21 84 40 12 25 3 61 48 82 28 65 90 88 13 82 68 74 58 54 16 45 66 11 12 64 94 4 93 94 79 67 69 61 47 65 79 62 74 96 59 23 43 15 94 37 10 96 27 42 2 54 6 69 31 39 31 22 56 16 7 91 60 10 10 71 56 82 84 30 42 58 50 15 98 83 36 60 94 6 41 100 92 81 60 61 51 6 79 70 21 32 44 82 58 73 68 82 3 59 52 30 4 31 40 77 6 56 91 50 14 90 51 47 13 30 63 23 49 32 1 74 60 10 9 48 89 1 
28 80 64 71 66 33 27 43 24 60 92 33 35 19 35 35 66 76 66 87 21 36 73 99 16 3 58 10 82 16 60 26 40 11 3 68 71 98 98 17 36 28 45 61 2 46 3 100 26 90 55 3 41 86 60 75 61 69 0 12 96 23 24 61 50 32 46 53 70 31 87 97 48 99 31 83 65 4 79 72 18 24 50 86 5 96 90 58 88 85 40 89 13 90 15 49 85 97 63 41 98 83 5 29 84 49 10 100 10 61 28 40 63 1 98 13 65 95 89 10 25 36 78 93 44 77 55 27 95 5 
24 13 91 57 75 30 68 39 98 23 10 79 24 54 6 94 89 16 82 58 96 64 81 72 10 61 41 13 68 30 70 62 11 59 88 31 99 68 77 67 1 87 23 45 69 33 23 78 76 35 25 54 53 5 63 62 93 87 25 38 36 59 30 26 58 36 25 70 94 71 64 2 68 4 96 48 76 10 1 66 34 70 52 17 32 45 97 86 33 16 16 28 36 63 81 9 8 49 41 0 17 14 6 44 92 87 50 67 31 3 77 77 40 96 30 44 38 85 86 47 5 61 17 30 69 69 2 38 56 2 
78 68 81 66 22 22 90 3 32 25 24 31 83 31 93 37 47 80 84 90 78 55 62 25 5 70 100 27 0 10 15 64 58 76 43 13 4 9 31 94 37 30 91 10 60 37 26 46 6 49 47 17 98 83 38 29 55 27 98 99 33 67 63 98 27 36 90 77 36 13 17 49 33 74 74 58 99 0 72 14 26 68 38 2 10 25 79 3 5 85 35 13 76 82 99 86 93 38 80 6 34 70 35 20 37 43 65 6 0 7 23 84 17 63 87 96 98 52 92 58 53 4 4 8 92 72 8 50 4 85 
58 84 58 59 37 43 16 89 40 55 51 61 59 87 36 24 66 12 88 44 35 62 99 63 56 17 46 47 16 65 14 70 91 87 7 100 51 12 41 50 92 5 93 32 10 44 49 86 20 22 37 34 56 35 13 23 91 30 15 92 95 6 0 69 78 63 80 41 99 92 55 39 83 5 34 87 76 27 54 75 34 18 52 69 92 97 1 45 55 52 86 3 99 65 58 23 8 3 54 57 51 29 14 87 22 13 52 20 45 23 69 61 33 65 74 10 3 59 28 16 0 37 4 2 11 42 75 65 0 32 
28 8 100 8 19 0 59 70 22 25 91 25 57 17 57 50 46 35 3 68 23 20 0 38 98 83 41 86 48 21 82 73 10 20 45 47 84 40 33 69 62 61 10 51 72 92 48 34 43 19 47 49 43 19 4 29 19 25 36 38 77 21 38 10 20 45 51 99 68 19 89 30 93 47 88 67 71 44 58 23 49 28 69 42 35 73 19 58 25 46 0 72 85 89 62 61 19 71 79 51 83 49 92 73 90 99 41 77 14 26 27 36 57 68 95 9 89 31 48 84 65 89 94 42 83 94 73 68 1 96 
75 1 25 76 40 3 23 37 64 34 8 5 13 46 94 46 59 77 42 23 55 15 71 29 64 37 92 0 53 43 34 10 99 0 27 0 65 31 13 62 44 5 28 97 40 97 4 46 59 25 48 30 63 66 100 53 100 59 92 63 20 55 10 0 70 56 3 57 14 24 55 26 13 46 16 53 76 69 68 6 100 76 90 85 31 49 81 33 23 87 52 46 15 8 88 29 15 28 85 50 87 78 3 24 73 23 47 94 69 89 58 22 23 36 12 85 3 87 9 44 64 3 10 23 60 28 94 6 78 59 
57 46 28 22 64 81 76 31 97 83 71 13 17 37 43 96 54 72 82 67 32 36 23 92 40 90 16 78 1 93 86 63 16 49 44 72 8 7 77 10 42 68 8 58 31 85 48 45 62 32 24 100 88 68 5 58 95 19 26 7 95 42 9 86 29 94 66 86 55 34 34 1 16 98 14 75 75 83 19 37 74 61 2 28 16 20 8 75 92 92 16 3 5 61 75 17 78 90 74 53 10 50 69 94 54 45 29 46 9 99 56 23 14 91 24 92 23 96 25 86 72 74 92 49 10 24 17 34 64 24 
70 62 21 75 17 36 86 46 40 33 45 82 55 34 89 7 75 91 95 37 58 26 80 7 22 39 7 65 19 67 66 39 73 92 51 68 26 99 44 90 23 95 97 66 38 25 19 95 13 19 84 10 69 23 72 34 1 74 78 37 2 48 71 74 57 3 37 94 30 77 1 48 98 96 81 86 86 9 23 4 45 5 72 70 77 56 71 97 25 94 57 64 14 26 28 11 79 45 30 10 9 62 50 5 87 5 39 4 18 67 92 42 41 54 43 39 11 51 2 64 62 43 80 80 77 79 24 38 45 25 
27 28 94 28 89 43 73 46 26 57 49 52 26 72 7 61 94 92 28 1 85 5 90 83 93 68 40 67 88 22 52 48 44 84 50 27 67 1 66 80 47 63 43 60 43 10 44 11 6 55 53 61 39 33 9 11 95 77 40 69 59 78 62 70 8 7 80 50 78 46 100 45 88 38 92 28 6 99 86 66 9 95 25 100 81 56 41 85 9 71 14 100 69 50 16 31 56 78 17 11 90 4 56 52 43 2 38 0 50 85 69 98 19 75 49 89 91 95 98 24 95 3 7 46 42 62 24 9 93 71 
17 2 42 97 0 2 30 38 33 84 95 84 39 22 24 22 89 18 97 18 48 92 77 44 31 55 43 15 49 27 38 79 87 58 83 65 0 87 61 49 65 52 5 21 74 32 41 56 13 74 74 79 20 18 41 34 15 51 47 33 14 6 90 2 53 74 38 98 59 65 48 13 45 41 58 34 29 1 100 8 55 88 73 26 62 70 65 83 22 7 61 73 49 57 89 1 49 71 82 64 42 31 3 70 57 37 84 62 71 94 31 77 24 88 83 97 18 27 77 20 98 100 59 42 5 26 20 39 67 65 
39 3 17 11 20 83 36 41 33 4 61 22 19 2 12 78 86 50 33 9 50 6 89 92 20 94 65 27 64 63 84 77 37 77 17 18 92 90 43 58 41 1 4 38 37 22 20 30 54 78 49 77 11 33 56 98 53 65 20 48 26 13 62 99 100 74 37 97 98 40 58 37 74 31 85 53 29 21 59 68 10 92 98 8 64 97 50 0 64 87 34 22 50 15 36 91 60 94 73 3 47 41 64 81 100 13 47 39 10 93 4 70 38 46 6 83 27 91 67 88 46 97 76 28 3 58 2 79 16 22 
22 22 69 7 92 47 65 70 94 30 6 19 46 39 59 77 25 97 48 14 80 68 1 99 84 9 11 64 29 9 91 13 43 89 26 73 6 54 81 95 39 19 96 24 50 67 8 71 56 89 96 5 45 41 49 20 48 79 47 94 38 65 30 83 41 13 8 28 11 22 67 61 99 36 31 17 96 42 11 58 77 68 87 15 100 82 92 61 87 91 12 10 44 23 3 88 17 26 72 31 22 6 7 78 98 36 84 29 7 57 77 83 44 6 20 92 61 37 50 6 37 1 15 39 76 100 58 93 62 34 
3 36 98 20 95 90 83 48 63 1 17 9 96 64 44 52 76 92 32 25 56 93 58 94 7 91 34 40 71 7 62 46 30 62 74 51 61 14 79 39 23 27 40 99 63 100 30 47 77 80 50 72 14 51 48 18 31 24 92 0 91 45 65 33 22 19 38 67 65 2 9 21 85 65 86 97 74 55 75 58 32 64 47 84 98 46 63 11 5 62 70 67 69 77 7 66 43 59 75 18 55 18 49 31 76 82 45 100 17 19 17 59 45 9 96 39 38 1 53 69 98 21 95 98 74 69 95 83 29 66 
59 15 10 17 77 51 17 5 36 97 29 27 15 13 5 0 83 73 11 81 79 70 59 80 38 30 56 54 51 64 60 68 1 6 14 94 10 72 69 72 28 60 78 47 45 5 65 82 21 40 12 42 96 37 91 52 89 55 23 79 70 66 59 54 73 27 8 48 89 19 87 34 98 12 84 37 77 69 82 1 20 35 75 9 25 46 82 82 73 62 9 2 65 20 77 98 92 6 68 52 39 98 93 15 10 97 58 49 36 19 96 57 23 7 11 4 21 77 59 27 24 95 89 79 1 14 33 3 35 98 
20 88 31 40 8 98 54 54 74 39 16 89 20 41 59 69 88 16 89 12 0 18 23 66 23 44 69 22 95 92 67 39 37 70 53 35 45 93 3 74 45 11 100 78 100 6 64 39 58 34 62 35 25 0 0 0 55 41 11 55 58 35 21 38 41 61 46 67 62 55 30 58 13 5 9 53 39 72 38 81 78 96 53 62 1 11 32 57 8 77 90 59 10 83 53 11 80 45 37 47 10 69 16 58 64 74 27 60 34 26 100 6 95 95 47 1 96 55 98 93 74 7 91 60 44 61 71 30 57 37 
11 46 80 42 58 37 72 69 31 52 28 42 24 43 49 62 16 11 8 71 81 74 68 0 63 16 52 26 9 69 9 95 46 70 22 14 55 22 86 53 74 95 41 89 24 16 10 0 15 86 69 82 85 2 98 56 14 99 64 53 33 41 75 61 33 42 32 24 97 7 23 11 30 37 83 85 15 39 67 46 57 9 99 1 26 5 45 65 97 37 52 15 86 28 79 10 34 27 92 35 64 98 28 26 75 54 10 6 57 9 74 30 58 12 18 33 90 8 79 39 58 78 50 3 82 26 83 98 81 45 
79 32 20 37 71 42 81 52 62 98 15 48 1 61 31 90 80 95 79 14 33 4 3 59 3 10 60 59 79 88 96 34 61 21 93 91 69 50 81 89 87 71 29 31 5 28 18 100 43 41 74 56 40 85 76 84 7 53 67 90 51 4 18 15 18 92 69 27 80 75 69 90 4 16 32 12 82 97 59 59 69 45 3 71 77 38 1 71 85 91 57 29 57 51 48 74 85 63 11 55 24 24 36 7 25 55 44 24 9 31 35 94 8 94 31 97 72 58 5 77 30 14 61 14 85 49 20 81 92 8 
87 80 8 3 37 90 67 98 93 72 10 19 68 50 79 19 97 48 42 24 74 62 20 11 40 68 88 56 1 99 64 58 25 62 44 83 17 94 89 64 72 8 36 99 83 100 29 55 33 67 21 23 91 88 36 60 93 49 58 38 8 20 91 90 84 72 18 68 12 79 6 80 23 50 71 99 13 27 70 89 63 18 36 59 20 63 47 76 79 82 30 43 67 9 75 28 55 54 75 13 46 14 34 49 48 33 47 38 59 71 61 87 92 55 54 94 91 93 37 24 59 19 6 81 94 89 23 64 100 51 
89 34 49 45 95 72 48 83 10 15 86 55 36 11 26 40 88 98 84 99 88 80 21 38 70 19 87 10 75 100 73 18 37 34 96 53 63 97 7 99 93 9 94 48 78 67 49 6 76 24 36 27 100 14 98 31 58 86 37 71 90 75 2 84 13 90 92 55 18 63 2 1 57 89 87 9 68 60 42 92 1 77 21 86 79 100 51 53 14 13 35 18 73 44 1 24 92 17 94 78 81 12 22 47 71 57 9 16 48 95 64 23 31 37 78 13 14 39 53 92 86 5 47 51 8 77 78 18 39 6 
0 38 21 57 41 36 16 47 56 23 57 10 2 86 72 92 47 81 100 32 45 82 94 60 31 3 10 86 30 4 3 92 44 8 59 25 57 55 62 10 44 19 40 42 49 34 30 71 26 75 87 8 38 86 25 47 84 51 87 99 53 73 27 55 78 33 20 1 33 78 38 3 19 76 68 15 67 34 40 73 55 94 47 64 5 100 57 38 13 4 88 29 3 93 22 2 59 87 36 89 95 71 79 91 37 39 83 48 36 94 40 59 22 86 45 59 43 85 84 90 55 39 61 63 1 69 39 90 100 25 
96 14 48 65 35 31 82 58 98 86 50 38 40 88 53 87 63 100 38 36 95 82 84 41 92 41 95 37 27 0 15 35 32 42 30 68 35 27 81 66 99 50 72 33 5 87 31 76 18 92 61 41 72 35 62 53 34 65 47 19 70 11 88 52 99 67 52 7 77 96 93 40 63 48 53 92 73 90 66 40 14 70 18 96 11 81 38 82 93 51 37 22 87 86 75 15 25 34 84 57 11 77 87 33 5 24 22 17 22 61 5 62 19 98 61 75 40 81 67 53 14 21 92 26 1 2 20 35 26 45 
