130
130
98 72 57 72 91 59 89 16 6 78 75 79 95 65 100 89 45 90 100 23 36 5 86 12 67 88 4 63 12 46 34 80 46 26 94 53 86 18 42 15 18 27 50 61 29 25 38 52 81 59 46 69 22 99 68 33 29 54 28 62 53 4 92 81 60 83 5 96 63 79 87 33 59 69 15 27 55 63 27 78 32 25 24 93 42 13 70 64 86 48 36 97 73 10 61 7 76 58 33 2 50 17 66 48 11 90 53 30 39 10 18 79 60 62 99 58 38 7 86 20 53 45 40 58 40 15 81 94 30 50 
62 25 42 24 97 72 93 44 94 94 18 25 48 75 31 16 26 19 51 74 72 40 10 2 30 5 46 95 85 80 51 67 2 50 91 19 86 65 26 65 69 59 5 37 23 32 53 13 77 12 16 94 16 57 7 11 17 63 3 51 46 81 2 88 78 93 93 76 67 69 86 77 41 76 64 67 28 51 31 84 37 43 32 25 76 16 19 29 71 38 10 56 61 27 33 17 100 47 95 49 10 41 75 77 78 67 3 84 69 90 96 99 66 100 48 65 7 32 11 10 31 0 85 15 20 7 90 71 39 12 
98 19 42 4 17 3 33 64 22 51 67 8 50 94 20 89 68 6 78 1 54 58 73 83 54 85 13 84 63 6 46 93 33 75 15 57 93 21 68 97 74 32 64 41 52 29 7 15 50 78 2 78 89 20 86 1 5 46 79 56 88 44 47 5 40 60 75 38 23 98 61 70 90 13 76 47 28 25 34 25 8 39 90 95 86 87 100 97 56 29 76 31 48 98 70 31 64 0 72 41 1 56 33 8 50 7 76 2 27 94 59 27 26 10 69 73 41 92 32 96 64 77 19 67 18 90 29 40 71 9 
91 77 91 37 28 74 47 80 82 64 5 48 85 47 73 49 55 71 98 8 100 84 85 72 36 1 19 33 31 94 76 81 39 23 22 64 68 83 35 6 24 85 63 51 35 77 42 77 64 42 41 84 65 41 0 44 100 81 57 17 1 93 13 28 61 2 70 20 48 58 64 90 49 54 5 24 66 84 24 18 30 89 99 32 22 25 3 90 94 25 18 27 64 6 59 51 98 25 24 64 40 66 60 39 88 76 99 42 79 9 78 2 77 80 63 52 36 29 79 14 23 17 48 28 46 24 91 72 46 76 
76 3 24 24 14 0 29 25 4 67 42 45 86 6 72 42 60 87 60 70 28 9 4 15 56 15 63 3 36 55 7 3 97 44 5 78 41 46 34 74 17 5 38 23 79 40 6 20 4 45 49 3 90 54 30 48 72 81 50 29 30 36 39 4 65 92 63 9 45 73 4 99 37 56 38 73 95 44 100 23 0 27 31 29 20 65 52 15 6 26 92 21 53 60 6 79 13 67 37 92 62 92 34 29 9 11 96 18 16 25 41 98 90 79 60 89 63 38 7 67 8 32 35 43 42 8 36 9 43 82 
8 16 79 70 81 6 100 92 86 86 1 62 77 42 73 89 12 37 69 19 80 95 62 84 6 89 46 99 52 58 37 15 0 9 57 27 9 32 63 96 51 37 43 6 67 12 60 52 73 93 90 89 21 13 54 98 93 36 23 69 5 96 16 49 62 64 17 13 2 98 77 61 43 0 90 15 93 42 40 27 40 87 80 61 51 64 36 45 64 65 96 73 50 63 49 43 47 98 78 11 42 59 60 83 64 99 61 20 67 35 76 50 91 16 27 64 93 51 31 56 6 45 44 85 16 45 35 55 30 76 
64 1 83 42 77 13 32 18 57 4 13 79 11 66 89 0 27 44 62 14 79 11 8 84 7 45 58 24 84 11 51 51 40 13 91 23 57 69 72 6 32 46 39 23 79 47 82 67 64 24 34 98 19 69 2 46 57 45 36 77 16 44 39 36 10 51 5 14 38 85 86 96 17 89 30 36 30 32 98 21 62 60 98 78 49 29 1 64 45 86 81 0 88 24 85 44 3 44 53 5 10 78 84 2 97 63 55 4 15 100 52 45 28 26 60 57 18 71 79 16 6 17 10 33 89 76 60 25 94 20 
43 43 59 42 46 60 27 22 14 75 18 20 12 57 11 69 63 63 30 40 93 99 69 99 1 16 29 89 31 64 11 88 95 74 63 23 50 58 46 65 71 55 5 93 86 48 11 63 65 70 2 51 36 36 58 22 57 81 69 57 91 10 40 24 65 29 74 13 50 34 95 46 75 73 40 84 50 54 88 23 53 43 71 23 66 0 46 69 61 99 63 87 13 24 45 43 35 11 16 6 46 85 81 100 63 39 26 65 58 15 89 77 10 50 61 46 98 56 99 0 3 77 93 94 49 73 37 94 65 16 
78 13 49 16 56 28 43 89 69 52 19 56 84 14 73 93 60 18 27 99 67 14 61 30 32 49 70 23 57 9 43 63 27 84 97 67 22 25 66 33 82 32 14 54 24 88 4 95 66 18 90 79 61 33 87 52 46 45 77 40 10 96 21 93 21 96 20 11 5 89 63 69 1 66 65 78 78 91 39 43 20 61 13 55 85 52 79 99 52 70 64 65 8 91 66 52 58 32 12 10 72 14 11 31 91 12 17 72 60 47 100 10 10 40 79 88 60 69 61 42 24 65 27 86 46 68 12 47 77 64 
69 14 10 46 60 24 27 79 17 85 46 59 62 71 27 73 88 52 38 13 24 56 10 30 46 78 61 74 47 80 9 99 85 82 20 86 3 16 42 4 45 42 16 67 90 49 64 50 1 34 79 24 67 32 24 88 41 67 85 61 52 13 38 27 76 83 34 23 80 56 81 67 40 3 96 69 95 84 49 65 4 48 45 75 19 57 90 54 89 2 80 47 1 57 64 68 37 59 85 29 57 21 20 27 21 44 92 17 0 2 87 66 77 1 67 77 86 78 95 9 46 70 76 50 0 67 38 24 85 100 
96 73 17 70 11 53 91 2 17 75 48 83 52 33 93 85 35 93 11 37 65 44 64 68 37 11 85 55 51 10 57 31 97 76 61 15 79 96 65 2 28 83 55 35 67 72 19 44 18 59 44 11 95 78 41 47 27 78 57 54 64 61 63 84 29 40 32 78 2 8 72 0 92 81 90 85 62 76 82 85 5 35 31 49 93 42 1 83 41 91 40 9 40 100 21 80 4 34 47 31 68 2 91 38 67 82 98 32 59 21 64 1 28 42 71 88 60 85 40 28 15 89 58 13 62 69 2 48 56 55 
11 44 85 24 93 81 17 32 88 45 12 30 61 86 3 2 87 10 11 55 71 35 97 79 56 26 31 55 2 35 56 8 81 23 19 20 17 5 11 3 64 82 99 70 29 82 68 59 74 46 14 26 80 68 96 40 23 65 46 33 24 98 28 26 49 3 95 12 23 82 44 32 52 73 68 17 10 24 87 35 20 45 40 90 70 61 96 38 57 68 64 96 17 93 83 80 75 96 50 55 75 86 94 20 33 15 9 35 1 85 3 48 53 37 0 39 17 85 24 23 67 95 97 97 49 54 22 35 24 84 
48 31 24 79 41 59 5 49 34 67 13 75 64 100 86 100 94 49 49 92 19 73 53 75 21 19 23 79 63 82 30 72 76 66 88 4 55 73 58 52 86 10 59 47 87 70 99 22 75 76 75 22 40 100 85 39 41 55 23 59 85 46 50 8 31 78 44 68 20 50 43 82 100 49 35 98 52 85 3 93 34 42 63 90 99 41 36 93 50 71 67 90 2 60 86 46 52 24 13 9 63 28 8 99 9 60 70 41 79 37 99 4 14 66 80 73 15 76 98 82 72 37 82 1 55 79 95 58 44 20 
1 72 87 57 38 4 46 29 5 74 19 13 98 100 0 19 15 37 88 96 50 38 81 71 1 6 26 97 12 16 99 50 99 90 20 4 39 3 98 67 83 33 32 89 27 66 87 0 29 82 82 88 5 43 31 42 100 65 93 79 33 16 83 3 37 91 33 89 87 36 69 85 69 48 41 24 12 48 62 42 38 12 23 9 86 79 58 3 22 64 54 74 63 32 7 95 12 86 7 13 61 8 69 3 39 19 97 54 8 59 83 33 27 93 96 88 41 7 10 52 29 31 95 88 29 66 50 87 1 7 
7 12 4 14 73 60 3 66 74 1 54 56 64 78 55 38 34 63 89 100 84 76 48 13 46 35 6 19 88 87 5 25 5 64 20 25 49 88 40 8 50 18 40 67 7 68 37 28 56 62 71 85 16 37 71 35 37 77 28 94 19 29 56 82 49 30 48 1 40 31 99 12 93 34 36 65 34 82 14 75 71 5 47 93 62 75 53 19 34 2 96 10 93 70 87 88 63 30 98 61 94 70 81 14 48 29 3 1 78 83 53 35 12 89 34 65 35 73 17 82 12 53 73 21 90 91 13 91 77 60 
98 26 100 47 42 61 81 60 37 64 32 82 13 50 69 41 65 96 9 11 34 49 42 77 27 45 98 73 87 96 92 46 9 2 72 60 18 75 34 40 46 81 50 93 6 93 57 8 35 69 34 70 44 19 42 33 52 72 96 92 46 13 5 9 92 95 26 52 5 43 55 99 75 71 51 30 17 72 8 90 39 74 28 95 17 32 26 22 64 23 94 96 81 50 68 42 77 98 34 89 54 11 3 37 19 55 51 36 1 91 84 9 11 17 13 54 22 9 57 56 80 19 69 99 54 42 54 93 81 38 
9 89 73 48 70 3 38 9 57 21 84 88 53 25 41 56 9 4 73 75 39 77 37 4 49 91 100 96 31 27 18 53 5 92 77 18 8 95 23 13 64 56 31 63 49 66 36 78 59 17 5 86 11 74 12 33 38 36 82 60 21 19 59 77 94 46 24 21 40 42 18 16 10 49 67 1 44 44 10 68 92 85 5 100 96 7 66 87 44 37 91 33 47 53 54 70 29 89 29 14 89 92 94 64 61 19 51 68 52 95 28 24 14 39 74 12 31 87 55 45 56 72 98 82 87 72 70 55 38 3 
76 92 13 68 64 46 48 63 58 92 81 75 7 50 61 73 89 5 84 25 36 27 13 52 74 24 49 9 25 1 53 55 40 96 15 94 11 75 15 86 40 54 46 27 2 46 66 58 2 81 10 57 20 22 63 50 9 25 64 22 84 14 98 51 55 44 70 38 72 71 56 40 56 92 78 29 67 43 94 70 82 29 21 43 26 78 44 56 92 89 94 24 52 33 62 76 4 3 64 69 57 83 73 67 75 76 93 19 59 68 67 15 98 49 59 35 50 46 5 90 18 65 10 41 86 6 70 6 27 75 
51 2 55 15 58 76 76 51 0 34 43 94 58 3 43 10 20 36 52 76 86 55 92 94 85 80 59 85 38 44 72 0 59 13 50 82 12 76 6 58 14 20 0 6 54 92 77 45 99 94 40 1 0 1 39 61 26 13 84 98 39 50 78 75 11 82 8 52 84 59 85 67 39 71 9 7 31 86 8 80 56 69 96 68 45 72 92 48 64 40 58 58 78 79 32 60 0 21 30 55 3 65 24 23 13 80 39 99 28 40 29 7 37 2 6 38 76 74 96 36 40 49 14 17 97 42 29 46 66 85 
94 40 71 52 13 70 30 76 61 79 37 78 18 35 62 11 36 50 7 63 70 86 81 16 62 4 54 12 34 83 9 31 38 91 6 3 62 29 18 60 64 81 43 52 76 8 82 89 44 49 40 21 28 35 94 34 85 67 60 9 35 94 81 77 65 79 84 66 53 20 24 86 23 14 78 58 86 7 7 100 58 55 66 80 12 29 23 80 69 55 96 39 63 46 99 96 38 55 70 12 59 24 81 61 22 2 93 18 85 62 70 22 87 20 71 52 57 55 90 96 28 8 14 96 77 2 54 67 22 4 
89 65 40 35 27 30 62 14 63 31 95 26 14 76 69 89 65 23 70 97 68 86 55 38 71 50 20 91 45 24 69 44 67 84 8 20 42 16 81 7 38 43 100 16 3 13 66 6 92 86 56 44 95 17 32 62 2 91 66 83 36 100 76 38 7 24 10 59 93 45 79 66 51 59 73 9 27 67 82 92 94 0 69 96 9 5 14 65 66 58 12 56 20 61 6 47 96 17 66 82 36 71 75 98 46 26 16 20 43 40 70 8 74 84 50 85 9 98 31 23 52 91 66 5 19 28 19 76 70 63 
88 50 7 78 93 74 10 13 59 87 69 86 16 81 9 31 58 48 39 65 47 2 65 44 2 56 67 38 82 0 60 55 82 36 59 7 100 84 6 51 67 66 34 45 85 71 7 66 50 56 93 50 1 69 98 52 51 59 13 74 53 73 36 10 1 69 30 48 60 16 21 20 89 39 36 89 48 94 23 85 10 55 0 90 31 85 76 45 34 90 11 16 66 50 91 79 17 82 52 76 38 86 42 14 10 26 79 60 17 92 4 30 75 1 55 50 25 16 93 94 39 18 17 33 82 4 44 70 76 78 
96 21 17 25 39 36 63 67 3 63 84 32 49 70 89 44 79 24 55 51 88 36 14 40 73 25 36 18 47 88 70 100 1 88 66 7 20 28 85 61 14 65 28 94 80 87 60 92 16 95 67 60 14 59 48 56 63 94 87 28 6 71 17 25 34 70 24 17 0 94 73 40 81 45 2 24 70 72 57 9 43 6 99 98 68 40 37 95 58 95 60 57 67 89 93 29 28 10 36 93 22 14 46 43 38 60 60 31 97 72 61 46 45 3 37 82 22 34 54 42 100 24 32 20 45 2 85 93 50 57 
35 35 92 50 37 43 75 53 64 88 22 66 88 15 97 64 81 76 7 18 77 42 16 6 68 60 35 40 41 92 65 51 79 98 1 24 42 27 49 20 47 65 75 56 77 16 30 91 91 57 91 44 21 95 17 73 72 19 96 95 57 86 13 45 85 9 70 61 48 36 20 65 82 64 91 27 25 34 70 52 44 29 71 76 16 48 86 7 52 92 89 12 87 91 64 13 80 40 29 81 72 55 26 78 23 89 66 46 85 49 34 78 4 98 71 65 18 94 51 28 25 75 93 61 52 83 93 3 69 10 
95 56 48 99 15 7 94 23 91 45 66 42 89 89 48 37 77 40 58 82 85 13 37 43 39 38 4 99 92 70 62 84 42 24 15 13 43 99 65 83 70 53 52 45 56 45 75 52 92 76 67 10 77 52 43 2 42 68 21 33 10 8 48 27 12 3 76 95 91 88 24 97 90 66 69 45 85 94 57 67 38 84 72 76 44 75 95 52 8 49 44 95 70 22 51 13 42 36 81 52 58 92 74 0 10 28 20 42 67 31 3 83 11 34 90 32 100 60 30 66 45 33 65 72 73 57 21 20 20 70 
94 23 31 83 79 73 90 78 1 7 20 40 20 77 20 85 68 22 4 50 72 2 54 39 25 82 93 50 96 66 72 39 7 37 8 87 57 49 16 89 95 47 74 57 71 32 77 77 42 51 0 11 68 65 21 13 52 92 46 30 81 91 95 45 24 40 45 20 13 79 50 80 83 72 98 20 22 64 60 46 94 53 29 33 87 17 82 31 87 91 80 38 5 19 39 42 3 93 72 36 44 2 16 48 10 21 60 18 72 63 2 1 57 94 10 39 24 46 39 99 62 95 13 42 83 2 15 53 26 17 
24 52 91 42 57 72 84 74 28 18 64 5 39 96 64 77 35 5 54 61 26 53 95 44 66 28 84 89 20 87 19 33 91 1 8 99 79 55 89 67 21 90 7 80 58 100 13 17 68 51 23 9 51 14 64 69 37 97 27 49 45 35 81 45 89 16 78 88 75 5 35 56 54 83 94 27 90 65 94 82 48 32 8 35 11 65 64 8 12 72 63 80 59 64 46 36 50 80 41 43 69 74 21 25 27 42 61 17 60 22 45 81 50 85 77 60 91 10 66 55 83 54 47 18 74 60 7 86 3 5 
29 57 53 93 76 5 23 78 15 43 54 19 34 92 63 90 39 9 23 49 17 1 23 13 25 57 96 9 54 25 70 96 44 95 24 44 42 51 87 82 3 19 2 51 56 9 77 93 5 7 62 41 78 4 9 33 11 14 28 85 2 96 75 34 96 63 68 56 74 60 94 42 86 23 79 43 98 12 96 73 9 0 3 21 4 89 14 94 62 11 19 18 25 57 32 46 49 24 21 75 67 74 85 6 82 69 65 69 59 55 0 33 92 8 75 38 59 13 100 82 24 41 32 99 59 86 38 53 42 27 
22 68 18 98 98 67 90 98 19 14 31 48 26 63 68 24 78 62 70 95 43 94 92 23 6 27 80 25 98 5 92 75 26 2 33 24 44 51 11 18 51 100 21 90 39 87 23 14 46 93 87 87 66 68 49 57 62 99 39 57 28 83 79 52 11 54 92 73 37 77 98 3 87 85 55 15 57 25 14 72 2 96 45 35 5 30 19 31 7 4 29 30 88 71 92 27 97 26 63 67 53 84 39 15 90 54 33 73 0 56 37 30 96 30 64 79 68 5 49 51 33 1 31 49 50 98 9 1 5 95 
72 97 23 65 39 15 7 16 15 23 9 95 26 33 61 69 32 73 6 1 94 51 78 5 60 89 95 58 25 88 47 20 44 24 68 53 42 32 55 17 65 30 89 79 92 50 3 55 15 41 97 97 89 24 91 51 77 50 58 0 7 72 41 52 55 61 85 11 16 52 50 37 99 11 59 76 67 51 9 17 72 40 27 50 1 18 97 21 13 14 65 100 54 80 89 5 94 93 22 57 88 34 14 88 95 46 69 80 10 65 75 11 0 80 35 90 52 13 85 0 61 85 44 21 43 5 81 88 96 41 
78 66 89 11 61 88 58 97 4 59 1 92 9 61 14 29 1 73 97 76 39 45 6 16 49 36 9 32 43 73 55 40 19 86 8 71 75 62 41 51 63 16 16 87 66 99 30 17 25 53 1 79 17 97 90 7 38 98 85 10 19 93 7 42 49 33 78 11 72 27 88 63 57 75 100 25 27 42 16 41 26 13 27 45 22 28 66 10 30 92 23 47 67 43 50 44 38 45 65 38 13 13 57 42 82 71 16 70 44 52 13 87 42 89 43 28 15 11 44 88 44 42 80 81 11 1 20 99 92 83 
56 29 46 93 7 21 73 15 48 100 9 43 10 90 56 95 32 87 11 100 37 30 38 85 42 51 50 68 28 22 15 17 35 55 1 82 31 23 21 78 44 68 17 50 47 68 36 73 100 92 60 90 75 81 46 91 79 82 54 97 83 57 40 13 49 33 73 5 12 52 1 62 62 77 17 22 83 42 29 79 59 62 53 99 95 34 73 84 59 65 21 17 40 79 41 31 28 84 47 6 59 23 75 47 81 28 68 70 5 72 37 12 42 94 71 13 95 36 60 13 32 4 100 77 73 26 11 32 21 25 
67 39 31 70 68 100 82 89 56 70 14 27 18 70 65 29 71 16 73 2 75 12 9 66 93 27 77 19 19 17 13 82 21 52 78 38 49 10 39 41 49 16 89 78 5 35 4 19 86 32 53 90 65 6 62 91 75 51 7 50 23 0 82 15 61 56 53 63 100 38 24 81 89 85 83 60 42 85 25 14 60 11 30 44 55 63 11 13 67 67 14 77 66 79 40 58 43 83 34 88 55 87 4 73 12 33 98 6 89 32 30 12 69 32 46 31 60 22 32 10 56 45 66 25 85 62 55 6 96 4 
84 63 3 95 0 57 4 72 51 75 89 49 26 47 82 30 11 8 41 30 75 10 68 72 92 48 24 36 73 62 46 5 15 35 78 47 4 40 95 53 87 39 82 77 0 76 81 31 77 43 85 54 11 32 26 98 63 25 18 57 74 36 45 62 23 94 92 70 7 9 14 31 30 51 65 34 35 72 71 100 65 1 41 13 20 17 8 49 86 80 1 38 97 88 31 15 74 70 2 58 72 35 22 31 31 1 54 17 14 7 19 49 3 18 92 58 35 36 89 49 14 13 6 2 4 100 8 66 96 51 
76 80 43 14 2 55 84 96 60 92 58 51 29 64 20 42 97 36 47 2 70 52 54 13 78 57 76 61 79 81 76 69 74 12 10 12 94 0 5 6 74 61 73 58 94 29 63 63 35 90 19 71 67 85 87 48 26 32 47 0 65 16 13 21 53 12 92 28 8 56 29 76 1 22 24 58 86 69 2 23 16 73 94 74 78 42 47 85 32 96 96 0 2 55 50 82 76 66 89 43 57 6 0 80 39 71 54 93 75 94 9 91 96 28 34 82 71 44 91 96 23 68 16 22 77 88 36 19 16 47 
18 1 55 82 16 69 4 18 2 44 72 70 6 0 77 72 96 80 19 81 58 100 94 33 75 70 88 37 14 4 54 93 50 72 7 15 65 34 73 18 56 25 14 86 75 15 17 56 26 32 12 51 68 70 13 22 24 87 0 33 65 47 75 93 36 100 92 16 93 29 39 65 18 68 16 65 26 71 57 62 55 2 80 40 75 70 62 89 17 43 75 69 48 49 56 75 89 2 5 51 75 59 51 89 39 92 54 65 26 12 70 35 33 91 60 67 28 49 17 23 10 35 53 47 84 24 20 57 94 74 
35 25 91 52 99 1 44 95 91 54 50 29 87 39 12 4 9 43 3 57 68 44 82 30 28 40 32 21 1 64 64 57 99 87 70 92 40 91 74 91 32 75 13 97 98 20 77 8 83 17 73 87 58 16 55 72 10 62 62 72 40 33 9 15 71 99 62 20 57 80 99 82 95 75 81 22 33 39 8 94 13 49 90 64 36 32 2 82 61 86 80 9 86 22 85 92 94 78 98 78 71 3 66 27 59 85 93 6 99 70 88 69 4 44 67 24 7 56 74 63 73 71 39 71 75 13 50 40 67 55 
27 71 93 15 64 38 5 3 13 51 79 54 54 59 29 65 92 52 14 57 82 70 14 9 5 63 63 13 43 78 93 48 13 69 47 57 84 10 32 86 34 18 85 38 59 27 80 1 26 30 99 5 9 81 33 0 95 51 83 21 37 1 51 61 41 79 28 98 97 78 66 20 76 62 70 62 45 79 31 8 38 29 3 38 40 15 16 84 64 11 39 97 47 59 71 44 16 90 53 47 51 26 85 30 55 67 97 89 39 7 37 43 25 26 3 43 0 12 59 25 98 19 90 2 53 4 6 28 96 64 
93 60 19 83 47 49 63 94 1 28 77 70 37 69 24 51 45 88 19 34 64 58 27 46 45 64 82 18 45 1 50 13 8 55 62 45 76 16 60 34 73 91 41 30 90 97 32 88 52 40 54 68 86 34 8 83 22 20 38 83 51 49 4 63 33 11 64 40 87 59 36 79 57 94 80 23 87 2 10 39 76 41 94 66 54 40 77 80 99 53 54 30 15 40 2 42 81 60 56 94 51 100 35 30 28 61 16 75 39 40 8 80 4 98 1 59 94 93 51 78 46 56 57 30 11 95 74 48 66 64 
71 45 72 21 66 38 78 37 35 81 57 76 87 80 75 79 21 81 96 63 30 90 58 78 60 36 62 41 50 84 4 21 49 86 38 80 1 38 98 77 95 34 41 97 45 6 99 96 63 100 29 37 8 63 74 25 96 61 13 70 54 13 82 84 21 77 28 39 66 80 49 91 97 77 77 95 86 1 100 16 10 1 81 0 72 59 89 34 52 94 73 84 9 73 72 57 86 46 41 64 40 68 66 81 95 56 6 89 7 57 93 65 62 71 11 54 26 1 56 95 19 70 9 23 59 53 53 68 96 65 
67 16 61 51 55 26 83 81 99 54 11 44 93 12 62 76 42 40 21 92 21 11 74 23 76 2 10 97 90 12 17 81 93 41 31 91 34 9 6 12 3 36 60 19 62 80 88 100 65 34 18 35 5 89 68 14 61 71 86 20 25 34 62 99 43 4 90 26 28 66 79 11 73 93 22 33 46 63 49 24 62 14 7 25 25 34 99 12 3 36 67 95 33 99 93 23 47 87 27 48 59 95 78 5 24 62 56 16 74 64 37 54 36 11 51 11 60 2 82 24 74 24 72 40 100 54 33 23 47 20 
85 57 43 63 43 85 56 30 48 42 88 93 47 50 91 97 34 89 13 58 11 64 30 74 100 4 68 28 13 79 54 67 59 52 36 14 77 29 94 20 65 97 11 87 99 59 26 86 7 84 86 48 17 4 38 26 65 58 10 25 83 17 0 75 5 91 83 70 18 56 48 97 54 42 22 5 10 31 11 2 50 24 10 79 84 33 32 82 23 24 98 61 52 10 52 83 47 50 59 2 24 44 3 65 52 0 81 1 52 13 83 54 42 83 69 9 89 91 99 13 89 27 53 80 58 51 43 82 45 11 
49 47 29 19 4 41 48 15 24 16 91 27 69 80 89 41 88 86 74 44 20 31 15 33 52 89 60 41 100 28 30 88 18 56 88 24 84 98 39 9 37 32 63 22 83 16 66 77 52 73 63 16 27 84 50 91 87 18 82 43 43 40 87 65 35 58 19 1 98 12 71 40 13 57 21 88 7 75 96 89 50 41 23 26 26 55 40 80 68 89 80 17 87 50 58 78 66 36 1 14 71 17 77 53 75 18 75 49 49 50 25 33 30 10 2 29 83 42 75 56 78 98 38 68 21 72 15 71 72 38 
21 10 32 88 100 82 44 88 78 12 31 96 51 75 17 82 67 3 56 75 0 3 55 11 88 83 94 97 85 8 88 91 4 75 96 89 37 17 59 36 54 83 45 43 22 15 52 96 83 77 85 46 64 10 66 87 1 55 74 64 31 47 32 65 59 24 25 40 76 23 75 100 8 58 91 97 68 96 34 32 61 39 27 10 70 81 100 33 63 69 50 37 93 87 86 99 1 7 18 25 29 49 19 44 51 43 71 62 34 33 88 74 89 26 83 22 63 18 44 20 75 55 13 65 90 98 40 41 57 43 
63 56 70 65 80 98 69 26 3 43 70 7 76 83 89 53 5 53 42 5 59 59 81 39 66 30 33 9 8 11 0 100 43 67 76 74 92 68 100 8 10 33 82 30 80 99 39 100 72 48 9 50 22 5 55 99 73 20 85 15 87 10 76 51 15 95 97 58 66 40 77 93 25 92 37 20 17 33 92 12 1 43 5 22 76 96 19 94 50 9 95 67 37 91 56 36 45 44 56 15 96 90 71 55 59 19 72 64 78 46 63 35 58 50 36 38 21 39 55 65 10 90 4 99 13 10 33 43 71 54 
23 36 74 86 58 65 93 78 97 67 29 4 0 97 78 76 2 78 38 2 5 57 3 12 6 63 3 35 19 39 7 47 5 67 11 25 56 48 23 10 85 48 90 39 54 62 5 5 70 71 28 39 13 94 2 95 35 96 62 31 82 49 63 87 98 84 91 76 19 26 73 12 73 96 40 99 61 83 14 25 0 19 8 11 61 31 9 15 11 22 81 43 82 7 15 71 32 14 41 61 40 89 69 86 89 93 41 3 53 34 24 35 6 74 14 17 57 28 71 43 65 38 45 30 59 78 43 89 37 3 
66 45 5 10 67 32 87 88 80 100 23 81 40 22 24 16 75 74 74 1 40 86 34 100 19 19 39 79 88 14 16 95 83 36 28 51 88 78 6 51 76 28 80 61 93 63 54 21 44 5 39 6 98 63 6 37 74 95 10 50 0 87 49 94 73 13 74 33 40 97 96 59 28 1 51 81 72 78 2 64 100 28 10 23 22 53 16 80 78 52 50 68 80 42 83 86 30 85 0 10 39 74 26 55 99 93 12 63 32 1 60 77 85 12 52 3 2 79 100 95 66 49 14 8 59 80 53 78 70 15 
24 75 14 37 9 21 21 32 29 84 14 63 12 70 69 1 61 42 41 6 3 46 39 14 33 44 27 14 71 99 98 45 66 22 41 85 26 15 88 9 99 45 12 43 31 47 99 18 97 69 58 7 12 60 54 12 65 66 81 64 14 56 0 27 60 59 9 16 40 36 94 24 35 34 36 37 67 18 73 100 14 33 54 91 6 18 24 51 9 79 48 30 69 16 35 95 6 55 65 35 73 56 44 24 79 71 42 7 36 78 38 90 53 81 60 11 74 94 72 88 83 85 100 39 30 78 71 45 55 35 
83 75 71 75 13 70 18 32 68 69 4 25 71 65 78 43 75 80 34 88 55 23 64 69 96 9 8 37 72 28 27 24 8 20 82 68 11 75 71 23 32 15 73 30 58 74 53 92 31 60 45 56 15 38 100 81 93 48 65 37 2 44 24 92 45 83 34 49 52 81 64 91 10 28 78 32 14 71 64 27 66 97 12 95 25 20 5 49 99 82 24 42 79 68 27 19 10 11 11 91 56 32 14 55 47 16 48 30 12 74 13 50 51 75 10 18 50 22 28 78 60 49 14 82 26 35 55 83 37 73 
33 14 5 11 50 39 99 55 1 52 97 97 95 12 36 83 57 88 1 74 81 65 63 6 31 51 36 4 97 8 46 80 81 34 57 71 53 35 51 25 25 14 100 12 86 98 28 83 48 18 59 53 10 78 29 50 87 97 1 0 19 30 30 25 70 24 49 54 68 85 19 14 42 71 81 46 24 41 99 9 61 18 39 53 97 93 8 81 78 87 85 82 31 34 10 92 46 83 59 12 75 88 8 29 45 40 28 72 86 60 63 46 1 42 24 37 0 99 87 93 75 35 55 22 5 7 13 1 100 38 
90 30 3 42 48 28 35 17 24 7 27 3 75 70 30 14 59 33 85 4 96 70 24 23 95 45 33 41 11 29 9 40 64 72 59 74 86 3 44 11 17 57 26 7 49 44 25 31 57 4 46 28 75 54 27 16 9 0 59 56 1 35 34 46 100 2 38 64 90 38 79 74 80 3 22 38 86 38 50 57 52 60 49 10 32 100 9 12 50 36 16 6 68 30 23 8 78 28 76 65 96 99 16 31 39 79 49 63 84 76 39 66 20 17 45 30 89 64 19 77 16 4 2 97 98 95 36 66 99 99 
2 24 96 50 92 78 66 90 86 88 0 10 31 1 26 0 56 68 72 86 96 72 20 6 20 57 53 92 35 15 85 16 89 81 33 45 95 25 77 15 33 72 31 78 26 51 13 94 75 20 56 30 49 17 98 25 12 1 45 54 19 47 26 45 18 14 84 90 53 52 9 96 19 10 85 81 25 100 77 54 60 50 38 60 68 20 28 91 62 28 41 61 14 36 33 40 83 58 39 99 25 44 22 40 8 63 76 22 47 1 88 36 9 64 0 45 55 1 24 52 5 13 63 96 19 48 96 64 38 56 
55 64 98 24 55 47 7 64 37 12 82 7 29 46 56 27 59 25 25 81 2 93 53 45 64 27 77 41 98 43 94 77 63 61 25 74 69 5 63 90 89 74 16 32 28 1 91 67 13 66 87 93 96 72 7 64 100 50 80 39 91 20 0 42 18 68 58 13 95 85 83 83 7 28 81 2 43 15 74 79 73 97 82 69 52 93 91 18 88 89 95 71 1 46 60 65 37 17 86 21 1 36 95 84 63 86 52 30 17 61 49 66 6 20 62 88 20 8 95 57 54 98 34 81 65 0 23 97 33 87 
89 74 16 72 77 8 82 88 20 72 43 7 15 84 36 92 17 41 30 73 28 54 16 51 98 80 51 23 65 73 68 67 26 62 51 28 13 19 24 31 26 16 47 65 52 22 88 32 43 99 67 49 70 83 98 79 35 11 28 10 14 100 37 72 92 76 89 45 24 17 34 5 63 61 53 74 9 44 62 42 61 22 74 7 26 92 43 33 84 27 43 11 7 2 89 6 46 91 42 4 60 1 30 90 11 56 88 88 38 25 88 41 88 44 64 7 89 75 38 3 79 83 13 85 45 20 11 2 9 20 
90 16 25 99 41 70 85 51 2 36 64 79 99 10 36 100 80 79 71 37 14 96 45 53 49 25 3 23 64 65 87 45 58 54 46 50 6 7 50 25 34 70 98 4 36 56 4 21 54 41 99 53 22 32 28 87 78 5 41 26 53 24 33 50 82 23 56 68 80 77 63 49 45 52 64 100 1 55 2 90 43 20 20 83 41 90 3 55 64 36 19 30 17 37 27 10 98 32 72 47 44 33 39 29 96 50 6 46 76 68 72 92 23 21 21 3 94 87 74 35 27 69 74 26 9 55 4 10 45 57 
15 9 63 40 27 85 79 61 52 85 71 10 57 58 75 84 40 16 5 18 62 94 56 75 56 66 66 0 14 59 25 97 89 13 27 54 80 48 6 26 34 43 32 1 96 70 0 93 53 86 95 25 76 0 90 100 53 77 20 91 31 44 49 96 42 99 52 25 62 16 11 49 18 53 28 31 16 8 31 0 68 67 92 89 55 67 69 12 0 78 89 3 54 31 1 14 52 37 92 97 36 14 46 91 55 65 25 5 61 47 1 7 53 61 100 42 28 90 56 32 22 88 93 75 57 62 44 52 27 87 
24 0 13 64 72 60 95 93 68 0 60 16 24 77 52 60 60 11 8 15 55 33 14 97 44 29 68 90 5 30 57 72 91 24 98 71 13 58 30 65 39 82 36 60 87 8 9 70 61 55 10 23 37 36 40 24 70 100 45 19 65 26 83 77 81 92 65 70 87 81 76 54 54 78 41 9 96 43 94 19 100 72 65 99 52 0 68 73 86 25 59 61 28 13 22 46 66 79 12 45 82 39 78 33 63 41 94 68 46 42 2 11 88 16 78 72 68 8 17 70 44 44 93 9 12 53 82 35 42 78 
98 94 85 40 1 4 15 37 40 44 75 97 98 17 53 37 19 85 44 83 48 8 42 17 16 62 10 55 9 92 1 13 5 74 32 51 27 83 72 89 83 85 25 10 98 46 7 93 6 43 54 51 13 92 79 14 66 85 92 26 74 21 23 47 23 84 1 32 55 66 40 3 64 52 76 47 8 62 89 10 87 79 91 98 47 26 30 100 67 90 14 77 50 87 93 98 94 25 59 78 8 12 58 0 32 65 90 35 52 64 47 75 22 96 46 56 26 16 2 37 26 93 13 85 96 99 19 36 49 1 
93 64 29 20 77 35 8 15 41 22 59 52 49 34 25 6 100 1 36 37 39 1 58 45 83 39 3 43 88 13 90 47 51 23 32 96 91 18 66 58 74 14 93 63 3 40 83 74 62 64 19 32 25 40 13 8 15 2 14 5 71 84 83 90 42 50 37 43 78 47 47 64 27 89 86 93 60 41 30 74 60 26 77 49 98 31 53 16 46 88 40 81 34 66 40 95 2 35 10 60 10 93 37 83 51 53 72 9 91 9 83 20 86 53 76 26 68 67 22 0 55 48 41 48 71 98 74 95 41 45 
48 51 51 41 55 32 87 84 73 54 99 76 97 98 65 89 33 46 60 37 63 38 75 95 31 51 68 58 24 32 44 48 87 63 3 16 40 59 7 52 19 19 82 52 23 81 25 23 70 33 25 54 67 63 38 71 8 80 21 51 70 56 85 100 30 15 8 87 98 63 86 45 54 9 60 84 84 99 16 99 46 57 24 22 47 53 79 71 100 60 35 57 30 60 46 17 63 44 32 88 40 76 39 17 65 35 65 74 36 42 24 35 91 14 65 58 38 10 77 38 27 65 9 75 85 79 29 23 7 48 
48 98 34 5 24 75 17 12 55 47 100 31 37 42 41 58 71 9 72 59 31 93 83 69 85 98 26 87 16 40 91 82 77 70 71 96 97 19 92 71 44 31 62 1 40 90 39 3 81 66 32 18 59 30 37 42 53 87 11 87 95 38 25 64 26 16 42 92 21 71 85 82 44 23 19 39 66 75 16 60 25 69 39 28 74 85 72 48 43 94 35 34 49 71 46 95 11 32 61 23 41 8 11 2 39 61 44 55 44 2 75 98 85 100 71 14 51 5 6 79 64 62 43 27 98 49 53 71 61 76 
88 87 65 54 69 80 87 14 89 6 28 22 87 63 71 52 11 29 89 0 68 33 40 16 46 76 91 47 74 50 65 56 28 84 14 19 2 40 77 17 1 1 24 99 1 59 0 2 81 59 6 13 35 0 39 79 50 76 67 1 92 41 44 65 81 30 34 30 25 14 44 6 80 90 64 15 81 15 69 74 0 70 36 57 88 54 28 29 94 49 7 43 71 72 99 49 16 38 15 41 48 74 79 5 69 50 24 14 68 79 97 96 98 2 94 95 86 100 55 20 39 100 5 90 2 23 65 99 72 25 
50 68 62 30 11 0 68 95 6 30 87 55 30 30 65 4 57 59 86 26 90 93 82 45 37 74 10 87 3 61 39 19 33 98 54 27 89 2 26 20 34 15 33 76 17 54 80 67 11 10 29 51 39 72 98 67 12 49 88 91 99 49 89 10 8 42 35 35 65 84 17 86 81 80 72 55 92 14 72 17 13 98 89 27 53 58 94 59 26 66 79 66 71 11 91 53 0 51 30 68 13 33 74 46 33 90 42 5 21 82 40 99 79 52 41 19 55 35 25 48 5 77 66 13 36 39 22 8 51 66 
3 21 37 4 99 29 22 40 48 80 42 92 66 28 78 27 92 64 24 36 96 70 23 74 36 88 28 72 82 86 31 24 54 87 56 3 6 91 20 15 24 45 31 82 90 70 78 26 55 98 50 32 48 99 57 64 11 55 23 8 10 35 60 23 81 62 27 32 96 86 35 90 53 76 33 43 99 15 63 33 49 77 14 46 15 14 67 56 87 87 77 24 52 31 45 60 7 41 56 75 32 30 90 2 4 98 84 35 24 89 33 34 69 45 13 3 71 80 14 11 51 4 26 69 9 2 85 10 51 5 
89 51 97 0 53 96 61 26 56 35 9 82 5 43 1 32 45 14 57 78 90 63 98 94 13 92 5 37 46 12 44 26 14 31 56 54 86 52 15 32 10 61 62 33 38 37 40 29 34 58 44 22 15 90 53 69 39 39 6 62 34 52 44 37 26 90 54 90 13 80 26 32 65 58 18 5 1 98 66 21 87 11 15 100 36 44 47 88 26 46 84 100 74 81 15 13 16 19 47 41 43 62 22 74 38 27 24 32 85 77 60 21 49 18 46 46 85 28 44 82 3 61 35 4 79 22 57 78 99 75 
74 90 50 43 56 49 70 62 43 33 97 98 2 0 30 89 75 41 3 69 89 36 98 55 21 91 10 32 69 27 48 80 80 86 5 87 26 28 75 61 71 70 10 37 2 80 98 61 6 16 95 48 71 53 46 21 4 26 28 42 65 55 59 29 74 5 88 35 34 88 75 23 41 94 68 67 77 15 66 50 23 38 15 33 70 31 41 44 40 97 18 46 70 45 29 52 70 51 0 55 13 89 85 14 34 38 99 6 21 86 88 100 0 32 16 43 55 93 67 60 5 81 94 8 29 49 16 20 22 30 
90 91 40 26 3 32 7 12 43 76 95 87 57 5 94 71 5 23 55 57 97 36 50 70 40 31 31 11 60 65 19 28 82 72 35 42 31 42 19 21 96 51 68 9 89 0 35 63 85 78 46 20 16 57 69 56 63 26 26 87 2 74 1 38 62 75 65 49 13 34 98 81 25 2 76 13 18 62 8 30 82 75 65 43 40 35 98 67 63 48 94 26 73 12 82 94 97 1 93 43 73 77 77 33 38 45 92 25 91 14 35 35 45 56 17 67 15 100 87 34 98 55 53 66 28 62 93 77 78 51 
9 19 99 26 16 57 21 10 69 52 2 29 90 18 31 7 54 98 27 36 72 57 45 62 56 72 50 72 54 12 32 27 37 43 24 30 50 69 97 64 50 6 54 61 44 14 100 74 53 42 61 27 23 12 69 20 65 70 52 69 75 70 17 21 33 59 14 59 39 89 89 67 71 96 100 1 31 62 19 28 74 60 70 82 51 53 7 99 2 86 5 31 46 36 79 55 29 19 73 11 90 41 85 60 60 87 49 22 17 36 16 82 88 74 61 10 3 94 99 49 2 38 20 44 39 50 72 65 92 32 
59 7 75 24 84 82 72 16 74 85 27 57 62 78 42 96 44 68 50 43 36 19 75 89 2 38 53 78 57 30 82 98 1 38 93 68 83 25 39 15 8 27 27 73 37 88 88 93 44 81 34 57 64 34 35 56 81 92 55 84 89 68 99 45 26 7 88 25 100 55 2 4 87 14 58 90 50 26 92 87 42 59 3 88 33 65 44 3 47 41 59 59 24 75 4 55 14 33 85 48 86 52 23 61 99 0 21 28 30 48 96 79 97 50 24 2 78 34 3 0 39 25 74 10 85 94 89 20 52 92 
80 35 2 42 7 82 70 52 60 14 61 17 19 41 12 93 63 84 56 2 32 19 70 2 49 26 39 29 59 91 70 50 79 61 47 36 51 75 40 98 14 84 72 72 45 22 11 64 62 87 13 11 67 49 75 64 84 38 14 61 48 66 49 0 7 25 96 88 40 38 33 89 43 87 38 85 22 33 24 8 100 98 39 86 81 20 46 62 14 87 33 61 11 1 16 43 47 27 15 14 38 51 6 72 64 13 27 52 54 58 81 43 42 36 47 20 29 48 78 15 62 51 81 2 97 33 91 37 33 48 
22 9 21 69 61 31 29 31 87 75 82 1 60 84 84 63 24 84 29 53 53 97 81 33 66 64 68 52 65 55 57 81 68 51 99 91 97 59 0 24 45 43 40 29 43 100 47 83 39 5 97 8 76 92 72 6 59 51 93 55 27 76 93 69 54 7 36 19 19 52 63 54 93 41 16 30 32 13 48 27 64 91 100 36 91 6 11 96 26 87 95 63 40 65 53 4 81 89 96 22 38 49 77 42 88 62 70 19 35 11 98 50 81 7 93 80 53 77 72 33 11 38 66 8 64 0 29 71 94 79 
4 4 48 28 97 98 96 52 38 64 93 48 79 93 37 97 43 71 12 97 25 46 74 2 55 63 56 28 99 12 54 41 9 92 32 29 34 16 90 34 45 42 64 80 100 7 76 40 83 81 94 92 31 53 95 84 85 58 21 25 9 14 15 69 66 45 38 24 73 95 95 77 63 72 45 62 57 60 18 86 4 4 50 38 76 16 87 63 25 88 56 95 25 33 48 13 63 65 87 79 5 20 97 3 57 75 74 31 38 45 84 98 40 92 56 16 51 19 96 55 95 27 35 69 17 70 59 63 86 18 
47 73 73 76 78 37 27 75 60 96 44 39 37 4 8 46 74 58 30 58 9 19 18 71 10 70 80 51 69 85 34 35 21 10 91 33 13 81 89 53 7 34 10 8 85 81 70 9 43 15 26 10 46 5 5 76 97 32 45 48 47 93 58 94 1 43 61 5 27 51 18 99 83 69 84 43 34 60 70 0 28 76 76 61 50 17 9 27 13 52 29 59 33 2 11 23 51 88 98 79 75 84 17 26 79 79 91 51 53 0 21 61 28 61 8 33 89 4 27 16 7 52 12 83 89 73 62 99 27 11 
85 25 54 28 22 19 92 47 98 86 13 0 7 67 27 49 34 79 15 61 85 86 39 34 22 67 3 8 66 26 70 12 33 40 69 51 39 84 6 97 63 99 47 61 43 89 99 86 34 11 17 69 4 55 72 4 45 27 20 36 99 88 74 46 9 25 57 58 52 57 85 17 75 99 49 50 41 77 98 73 65 33 26 32 87 99 93 67 56 9 92 24 63 92 96 59 93 18 87 7 36 67 61 72 29 26 10 25 83 74 86 39 58 82 13 81 91 100 33 70 25 37 7 36 62 78 42 7 38 44 
80 11 47 40 22 44 87 73 45 26 37 31 58 6 31 73 24 45 61 68 98 46 70 83 90 3 35 32 25 36 44 4 99 97 80 32 93 68 72 94 58 66 86 38 48 52 34 20 82 81 30 52 37 87 11 65 18 18 25 49 79 46 79 100 0 65 47 88 89 63 59 0 93 30 1 39 89 32 34 51 33 76 56 79 99 41 60 28 89 7 56 22 50 55 63 55 68 68 89 66 34 99 91 76 69 17 19 86 75 35 80 92 1 14 68 53 56 73 14 79 67 92 3 7 85 92 12 5 57 24 
1 6 84 46 36 39 88 86 17 17 37 24 29 61 18 27 49 49 5 7 69 68 56 11 89 65 30 33 14 91 16 64 74 83 81 1 26 15 43 72 0 54 10 63 85 4 15 38 23 33 45 17 77 90 61 63 84 52 68 0 73 14 96 37 39 93 32 86 17 7 42 0 1 60 52 41 22 10 31 95 1 41 69 15 39 27 30 24 57 9 92 25 9 39 46 38 45 63 62 58 37 64 14 11 58 45 33 56 82 91 90 80 36 45 66 81 81 90 17 59 84 45 45 100 68 20 93 23 89 98 
70 60 39 19 41 16 77 25 95 55 65 56 21 52 63 53 96 31 83 25 2 0 35 3 58 42 75 89 29 44 40 47 55 15 26 96 4 70 5 46 12 77 0 51 12 22 17 92 86 49 17 27 53 42 91 11 100 61 41 36 15 12 72 10 27 14 15 29 9 16 67 16 19 26 53 89 3 34 79 28 24 66 15 53 90 92 1 97 93 86 17 36 26 33 52 55 9 89 48 98 96 59 59 100 42 28 31 62 0 85 19 56 78 55 54 42 31 7 25 46 93 55 6 3 23 76 37 52 73 88 
49 83 49 9 21 0 52 99 11 11 94 100 60 59 15 35 26 44 6 77 57 28 4 11 84 21 46 83 17 59 55 93 31 57 38 2 39 54 70 74 81 46 90 70 60 71 60 87 33 94 24 86 64 62 58 6 88 99 86 31 86 42 0 64 43 88 48 87 36 27 98 12 31 30 78 37 17 80 67 83 87 19 81 33 24 80 1 7 100 78 97 2 25 3 65 93 2 94 60 100 13 39 44 58 54 58 63 71 38 44 93 55 20 10 40 82 72 35 28 76 86 5 18 76 59 28 38 12 18 12 
49 20 77 70 100 53 30 44 43 40 79 92 16 91 6 99 64 57 62 24 30 10 45 79 31 62 73 59 35 56 67 51 48 24 70 36 62 23 56 80 89 40 57 20 37 30 22 60 28 34 26 14 30 89 13 6 8 82 52 7 26 47 9 52 69 72 22 27 96 28 3 62 20 84 20 82 22 15 81 76 34 35 3 21 25 50 18 41 74 21 31 95 86 13 12 54 64 70 23 40 49 37 67 24 76 14 35 25 6 30 66 11 57 98 25 94 49 95 11 32 90 63 34 42 22 27 89 28 32 55 
81 67 7 34 72 29 42 34 71 4 29 76 12 37 99 3 45 100 71 0 66 49 75 61 77 22 93 22 71 51 19 0 62 100 98 17 28 24 35 10 11 98 26 99 63 46 99 3 53 65 28 32 67 40 31 19 30 94 36 71 38 78 98 66 40 20 76 87 56 81 40 93 50 72 12 71 27 10 82 84 13 15 25 91 28 12 23 85 88 34 74 8 72 15 1 72 47 87 52 93 34 23 99 6 34 39 12 59 85 57 84 98 41 97 5 97 35 2 82 39 91 14 94 19 96 3 2 63 2 24 
30 97 37 99 51 64 91 20 36 95 21 48 92 18 55 77 21 86 30 20 22 61 51 55 45 48 65 66 9 94 25 30 78 96 11 83 86 95 43 58 10 53 23 91 24 70 28 74 89 31 81 15 100 51 97 39 52 30 40 8 38 55 72 46 31 64 58 60 33 22 95 37 52 60 30 8 98 59 61 6 69 53 38 90 74 27 59 2 71 48 65 80 98 50 60 28 21 38 92 42 37 12 63 86 0 23 24 38 58 61 12 43 38 86 85 18 61 5 82 52 74 67 20 79 50 41 31 26 90 29 
16 85 1 64 62 48 70 70 6 64 71 42 39 100 99 45 83 69 81 0 34 5 57 95 34 76 22 71 47 64 72 46 98 77 80 6 3 83 94 96 81 11 9 48 18 40 65 20 22 95 91 33 4 67 72 76 55 61 60 5 66 4 98 75 56 37 49 94 63 80 28 25 70 81 30 62 5 49 72 53 43 4 41 54 82 88 99 79 32 67 25 35 33 12 40 62 68 5 20 67 37 43 98 82 26 77 80 33 68 94 2 94 16 85 6 38 66 79 52 80 42 22 63 59 14 50 22 3 68 75 
79 67 84 33 64 93 14 57 59 93 9 20 74 77 55 65 64 66 13 43 80 99 64 22 67 89 34 64 61 56 56 84 3 99 79 92 95 2 66 58 77 53 33 53 66 87 12 73 36 39 73 1 25 75 78 50 0 21 14 24 56 23 93 52 43 10 65 59 21 29 23 39 47 75 1 3 82 77 56 56 71 16 14 36 57 97 32 6 81 49 78 6 71 57 87 27 50 71 82 17 16 32 10 1 86 23 76 13 10 100 20 49 58 8 77 82 58 59 1 24 78 1 22 62 22 60 79 18 94 42 
5 15 34 33 59 88 10 88 25 38 61 50 71 2 46 99 34 52 47 77 60 68 77 68 68 68 9 60 40 4 40 97 50 56 83 27 73 32 59 88 23 35 92 27 11 51 16 76 20 28 12 22 49 69 57 30 11 18 90 31 96 95 0 75 89 77 80 57 16 84 11 79 50 89 56 18 84 43 33 39 77 78 15 58 0 83 34 49 55 18 30 14 39 39 27 82 99 5 50 43 94 71 94 37 61 53 48 56 32 75 93 77 81 34 39 42 81 22 24 31 63 34 98 1 63 12 19 79 68 51 
13 98 38 71 70 12 35 63 14 93 45 46 33 5 94 82 53 2 66 55 64 68 52 28 24 36 78 78 44 71 98 31 23 99 87 39 63 67 74 37 24 0 80 50 95 89 99 8 73 37 78 47 16 86 13 22 97 78 51 84 94 67 89 98 29 49 15 78 47 77 46 31 43 43 10 22 3 72 95 48 63 35 20 22 6 3 10 43 87 47 81 11 27 87 49 90 17 7 65 90 20 41 81 4 56 66 48 99 23 13 35 81 57 100 24 10 21 19 29 12 26 27 55 83 6 26 44 18 35 89 
4 30 84 39 94 54 84 31 30 43 42 8 89 23 56 47 23 1 73 49 68 89 0 32 10 63 88 69 28 30 63 25 12 10 79 48 67 34 48 6 46 48 91 73 12 31 18 79 38 40 0 88 57 41 61 49 2 91 84 69 47 45 39 0 5 70 20 9 22 21 58 39 95 21 87 30 58 12 70 90 49 89 53 77 98 32 4 43 84 8 52 18 45 50 94 39 41 84 78 68 53 24 93 54 15 65 30 86 13 93 89 90 86 66 97 75 12 8 45 72 84 92 85 57 54 94 36 36 49 98 
61 11 50 14 22 5 39 61 43 91 93 68 57 38 31 39 79 39 38 74 87 47 64 31 56 93 58 87 19 58 50 3 18 71 46 36 1 74 50 85 58 96 51 8 33 21 97 47 57 93 25 72 94 34 55 11 99 3 45 88 62 74 28 1 58 73 85 2 73 19 19 38 58 46 73 70 9 6 93 39 94 52 63 17 6 21 59 45 64 74 45 61 96 34 29 11 9 95 23 33 16 37 88 97 55 46 84 50 25 41 80 43 31 57 33 34 48 9 20 67 29 45 32 84 6 14 98 32 64 79 
61 58 35 26 53 63 26 100 49 44 69 56 53 6 45 42 92 87 70 10 30 55 82 23 30 52 3 85 40 42 51 70 36 58 82 62 89 90 17 24 41 63 11 77 38 48 29 38 76 67 99 81 18 87 87 22 33 98 85 87 30 14 38 67 48 4 90 22 82 47 88 5 7 46 69 53 98 18 30 16 9 97 80 69 81 5 49 44 21 96 57 14 71 43 85 44 17 77 65 58 61 50 95 71 6 71 77 87 36 57 7 78 63 45 71 88 88 36 19 45 10 66 85 20 92 66 85 74 70 72 
93 39 61 51 5 92 92 57 2 90 21 67 62 72 78 40 40 53 84 43 56 13 22 13 12 54 81 17 84 50 10 64 21 20 59 87 24 61 98 58 55 62 89 6 88 82 37 28 12 92 46 74 3 68 19 56 87 9 82 4 69 53 21 96 67 10 16 1 42 15 15 84 49 80 0 63 90 19 52 44 31 71 98 100 11 16 73 91 42 0 50 80 89 39 78 18 36 62 76 88 67 9 63 93 55 23 33 40 29 20 40 7 64 51 100 12 94 98 19 71 61 53 28 91 51 12 78 16 72 25 
67 74 82 46 75 39 14 21 50 42 73 92 19 0 82 5 68 21 74 42 26 64 45 6 87 69 45 27 80 22 14 17 70 25 38 29 64 64 1 41 89 78 61 43 91 67 59 64 57 47 93 69 72 85 42 21 65 1 31 69 44 3 9 8 71 49 1 64 30 32 63 58 6 89 15 99 95 88 91 52 71 10 90 8 74 91 62 8 98 20 79 30 52 54 5 24 54 87 3 93 8 15 12 30 11 79 51 84 34 56 35 6 25 15 31 0 74 97 58 15 36 56 88 19 97 18 33 83 11 59 
40 41 6 14 72 49 97 63 76 61 6 40 60 8 18 56 61 21 57 21 47 29 51 50 77 63 86 52 6 96 80 10 100 78 15 25 3 72 30 12 13 84 46 8 16 70 13 78 94 72 13 63 93 65 9 72 85 81 51 15 60 92 18 92 61 43 84 58 43 4 28 47 82 1 75 73 45 78 44 99 23 73 56 48 6 100 28 92 20 92 17 36 40 98 1 15 66 16 78 5 92 65 12 28 95 80 78 54 37 1 55 81 81 31 96 50 61 85 19 89 0 66 72 70 66 31 74 2 68 90 
46 99 90 86 32 96 90 91 62 79 80 15 54 73 84 1 68 47 59 67 99 3 16 88 69 26 86 32 54 52 57 42 86 1 51 88 93 3 78 94 28 17 12 18 26 70 89 56 28 73 35 45 12 7 53 48 94 87 4 95 60 88 83 67 52 45 96 56 80 53 69 61 96 33 100 73 26 64 22 71 81 2 27 32 55 30 58 74 100 88 98 81 66 9 49 4 80 7 100 31 25 49 85 46 32 24 79 10 64 58 56 87 83 79 45 57 28 44 3 74 50 78 95 67 64 93 31 69 56 3 
72 44 90 47 90 51 69 6 51 3 100 86 89 74 25 29 92 43 11 47 85 45 60 2 57 64 95 68 26 45 0 5 97 0 46 22 93 69 94 22 45 65 10 75 74 20 71 36 77 29 97 6 73 6 77 49 47 47 64 25 90 31 45 72 30 3 56 63 7 82 16 13 7 86 3 69 26 3 63 41 11 26 82 35 87 14 52 59 62 29 71 91 81 42 34 6 54 92 35 16 20 58 22 76 59 44 61 34 24 60 28 84 21 78 19 22 35 81 63 19 76 84 63 16 100 44 59 58 0 100 
88 85 3 71 61 88 98 62 41 2 21 89 72 96 2 38 99 24 52 39 65 17 2 26 91 8 19 56 94 8 18 99 14 15 43 13 53 90 79 53 63 74 80 62 35 16 77 8 39 1 12 28 4 56 36 23 16 45 94 93 18 68 49 8 21 53 51 30 97 96 34 41 96 12 37 96 72 80 29 41 54 35 15 31 59 72 3 43 63 0 56 60 95 64 18 92 17 18 17 11 42 73 20 22 74 33 17 73 47 96 51 86 37 23 22 21 42 66 67 88 52 91 16 28 60 61 84 32 11 14 
20 27 9 50 30 52 86 63 19 9 73 27 49 81 73 3 93 87 55 54 76 46 17 79 2 18 36 16 56 2 59 56 59 69 79 85 65 12 5 6 10 99 24 32 93 35 36 40 79 95 60 56 48 11 60 98 83 65 45 82 1 59 10 2 63 84 42 94 21 73 42 87 2 38 81 95 17 3 10 29 85 40 20 8 71 96 39 4 86 42 96 34 20 24 51 97 31 45 3 88 63 52 71 42 67 42 26 71 37 85 19 23 28 85 51 27 42 45 89 86 16 78 73 69 8 11 10 54 58 30 
26 18 23 45 69 53 52 48 37 82 0 8 22 2 13 86 4 66 20 3 100 41 45 97 25 66 96 19 99 23 20 76 48 14 69 30 97 87 87 68 41 10 78 14 88 25 48 43 93 54 47 11 65 67 84 96 57 56 30 43 12 25 15 10 86 10 57 52 13 83 52 9 26 40 60 28 50 9 64 89 27 63 3 87 35 17 14 52 64 56 1 71 58 76 62 47 19 31 96 53 1 66 92 23 93 46 64 87 81 69 98 80 41 63 96 64 89 22 40 85 99 21 96 41 66 63 67 97 96 82 
66 85 20 62 2 42 53 82 67 0 57 27 89 96 94 60 60 53 17 27 35 68 80 6 80 18 57 22 64 44 18 4 71 7 66 31 17 13 67 29 61 66 2 10 62 56 57 47 46 83 87 100 97 84 42 27 69 38 94 38 21 74 29 23 38 34 39 0 27 86 36 39 81 79 19 15 76 28 77 68 24 23 12 48 78 31 96 6 86 17 70 77 88 69 49 79 80 68 42 31 90 42 88 88 16 18 74 69 38 62 3 29 0 14 64 98 2 29 1 3 9 97 56 74 100 73 14 77 62 71 
80 92 100 44 36 54 16 6 20 71 3 78 77 10 87 67 77 89 14 57 33 71 57 84 14 52 51 7 97 68 14 81 14 7 91 13 69 16 63 75 44 72 75 38 18 6 10 62 94 68 81 82 38 53 28 33 26 36 89 18 98 73 4 21 69 10 42 51 74 50 24 99 3 22 16 29 93 40 75 52 83 80 10 100 64 49 73 43 87 76 96 37 6 1 19 62 62 87 9 72 45 99 11 26 24 97 76 28 6 34 27 96 35 27 4 60 54 10 13 71 61 13 40 78 63 40 3 32 62 30 
25 28 95 49 80 11 32 38 51 60 60 43 77 42 40 68 57 81 55 85 41 65 78 95 30 59 68 72 28 59 2 68 15 65 76 100 42 33 10 87 49 11 77 83 18 70 90 48 48 77 22 36 98 86 89 97 65 88 22 11 64 54 15 12 38 6 34 45 5 87 45 91 50 57 64 29 65 77 3 75 64 81 31 44 65 99 47 38 93 78 80 51 49 2 18 82 55 75 98 4 91 1 40 39 96 90 57 17 81 36 50 58 42 59 49 52 71 63 88 48 68 79 51 22 28 76 30 90 66 30 
50 81 82 26 51 36 75 38 94 10 15 34 16 17 27 51 82 94 24 48 44 37 0 96 39 90 96 47 67 33 62 3 93 50 33 61 26 19 82 18 41 25 74 65 51 72 17 47 22 88 40 76 69 68 37 3 30 5 42 83 41 28 36 24 55 85 63 37 95 73 36 92 53 49 54 88 44 94 64 0 61 29 77 0 67 93 22 44 33 55 96 32 28 91 91 58 89 33 25 47 80 83 96 20 100 87 83 77 61 8 21 43 45 45 27 95 79 85 2 92 30 26 98 78 49 51 24 50 40 93 
57 96 38 35 4 17 74 62 29 38 18 76 13 30 2 60 73 7 38 2 32 27 49 42 40 1 62 81 53 49 49 72 22 29 37 10 3 93 35 99 93 21 0 83 4 96 56 62 86 23 76 57 81 49 18 47 46 26 4 95 21 85 97 50 83 87 43 15 56 43 51 14 53 65 15 83 23 12 38 6 34 99 55 58 3 18 4 92 85 70 15 53 0 99 75 73 23 79 35 84 96 16 40 90 66 45 54 43 69 49 48 4 63 69 5 10 73 51 45 8 78 90 27 73 14 35 64 52 54 71 
39 71 81 15 42 81 99 80 0 65 38 71 80 85 41 58 52 83 39 49 24 23 91 35 50 72 85 15 23 97 92 27 80 15 83 66 16 68 61 44 15 18 23 85 67 98 32 90 9 68 32 97 48 70 85 94 81 13 97 23 99 14 41 56 99 84 59 29 16 51 12 36 49 94 7 96 31 14 19 85 35 49 50 80 9 10 41 50 52 100 23 11 45 83 25 10 37 78 51 29 9 87 81 89 53 34 75 93 6 12 22 96 9 32 100 31 92 74 60 57 15 20 37 5 5 32 43 31 57 74 
13 4 54 23 15 84 67 86 26 2 53 16 56 49 97 47 100 89 32 99 51 51 62 50 53 82 24 33 56 39 13 36 29 49 51 64 84 68 25 85 62 43 46 8 4 12 98 95 13 58 61 12 32 69 33 46 34 86 13 10 28 3 30 69 31 63 100 57 17 73 94 53 46 10 79 19 31 61 26 51 61 78 69 89 7 62 25 64 67 13 1 73 35 30 43 5 81 54 66 59 43 38 17 98 24 41 28 99 87 44 26 30 37 17 61 67 15 46 45 87 35 44 63 40 61 56 53 21 10 56 
35 89 18 76 86 39 40 65 83 91 40 7 42 24 71 88 5 36 49 84 42 45 35 47 99 32 54 80 13 15 4 98 94 76 30 62 59 62 9 30 49 8 85 0 90 5 67 66 85 90 67 83 70 76 80 9 21 98 53 36 19 8 3 78 0 74 68 29 4 62 59 70 34 78 14 55 26 74 56 80 40 60 85 100 1 59 31 6 41 35 26 20 25 82 95 80 40 4 96 8 84 60 88 38 10 82 84 42 96 53 70 38 25 31 82 21 99 32 74 37 34 97 16 55 27 0 11 19 9 48 
27 54 55 90 54 32 52 57 34 52 26 93 46 54 91 66 0 30 44 73 53 18 90 76 15 4 32 65 66 83 81 51 44 79 0 69 90 19 4 5 92 64 99 31 47 92 51 18 49 54 72 72 70 62 35 67 14 7 78 4 42 91 18 47 56 5 50 64 89 71 41 50 43 44 2 51 35 51 84 54 11 16 82 13 53 15 55 42 7 42 98 41 49 65 62 44 84 64 22 54 32 47 15 7 86 34 3 38 7 88 15 7 11 35 17 28 21 31 13 72 30 7 92 46 20 11 29 8 31 81 
29 87 16 38 92 30 47 56 63 41 75 0 51 48 84 99 82 28 77 84 53 74 25 9 59 18 44 40 14 19 4 5 35 58 15 10 92 32 4 21 61 19 64 9 70 4 18 43 79 14 29 16 78 33 21 7 8 96 66 80 53 36 57 1 88 95 52 17 25 55 40 46 12 89 35 27 2 38 39 79 86 17 23 73 71 70 15 80 30 62 96 58 36 84 32 8 0 52 0 32 12 68 63 25 34 82 48 14 77 59 23 76 91 72 25 9 64 16 97 27 65 35 22 82 23 4 59 11 36 52 
71 16 45 4 5 55 62 28 88 54 45 12 65 31 69 22 35 52 94 23 13 22 89 27 75 24 80 64 60 74 43 70 37 81 98 68 99 23 85 44 69 37 83 50 84 61 79 1 4 9 82 56 6 95 97 3 15 33 26 44 85 35 15 73 57 73 87 69 11 59 34 24 7 80 15 30 60 2 84 97 55 29 25 3 20 14 71 97 84 50 94 78 78 64 95 96 10 98 77 41 29 79 40 79 70 19 38 79 90 51 34 28 12 80 95 89 70 28 36 21 86 48 99 71 34 12 38 89 51 25 
73 54 66 15 80 40 17 45 85 18 59 60 44 75 96 12 61 43 68 83 42 83 68 61 100 84 16 61 87 2 16 80 39 57 40 11 87 81 8 59 56 76 40 24 56 13 41 46 72 37 99 60 32 37 13 50 14 11 25 93 89 85 89 45 13 5 38 15 50 100 13 20 4 73 78 28 40 32 75 2 98 78 25 45 73 91 83 33 46 11 21 9 60 87 88 13 56 38 12 49 52 13 64 18 27 60 77 17 14 42 27 69 26 43 15 27 24 45 24 65 30 64 13 4 86 54 15 53 51 57 
13 55 67 20 18 71 77 11 19 72 23 51 46 3 82 89 4 75 66 66 6 98 67 82 85 38 52 68 94 69 84 36 70 25 58 84 77 37 98 84 31 21 62 77 62 85 52 91 69 8 0 11 9 78 35 49 91 17 80 54 26 14 50 82 78 32 97 79 89 67 2 92 75 38 5 82 14 32 69 27 50 89 91 87 32 75 99 81 40 36 8 6 23 7 24 30 29 66 49 57 47 0 28 24 12 88 92 70 27 33 14 98 93 36 44 75 79 18 30 38 38 50 81 6 67 36 62 32 67 20 
17 53 86 49 22 98 16 54 52 88 100 63 53 29 5 47 8 62 75 75 52 29 95 31 27 46 34 32 23 9 99 45 71 81 23 27 21 26 26 90 19 26 43 51 77 38 91 15 32 27 35 91 55 59 39 88 32 41 55 25 20 76 11 36 20 57 86 56 61 92 18 7 37 22 66 66 41 92 29 1 28 27 63 47 13 7 25 99 83 65 98 35 50 40 38 85 39 10 86 0 35 1 78 29 32 3 76 59 37 11 29 60 16 13 18 86 100 15 74 63 83 16 37 2 84 8 38 66 36 69 
4 88 61 98 64 83 33 10 92 47 45 88 56 8 64 87 53 36 84 7 52 80 13 8 73 68 80 46 95 13 43 80 83 80 33 48 70 91 41 60 84 88 29 6 90 89 61 65 0 90 76 30 23 55 94 6 47 82 56 53 89 80 68 47 42 81 2 20 87 47 78 33 61 55 90 37 9 9 36 27 1 28 28 39 44 59 61 26 33 38 14 1 93 79 52 98 41 10 11 85 89 11 28 24 99 17 87 77 97 77 78 21 0 14 90 11 55 41 55 69 85 12 1 46 15 4 17 2 34 70 
97 60 4 66 56 98 99 84 64 91 10 19 88 66 1 84 5 77 31 39 2 74 20 77 8 10 65 23 43 84 37 96 86 82 94 91 6 61 75 23 82 68 5 99 19 20 23 25 16 93 41 43 6 87 73 35 39 62 10 51 92 44 14 70 73 26 91 75 47 95 99 78 85 39 30 15 96 63 32 49 50 4 19 92 16 95 87 94 80 92 32 52 84 14 78 95 17 3 49 68 90 34 92 30 53 42 77 2 75 28 68 55 76 100 64 47 49 70 68 46 6 88 22 46 21 73 46 89 57 84 
54 10 83 40 37 73 16 94 17 17 42 35 21 70 7 74 41 4 42 94 49 28 52 29 39 44 22 55 35 79 54 8 43 75 86 62 78 28 52 62 16 6 54 40 76 68 71 6 56 53 28 53 67 88 58 83 14 46 9 50 68 100 51 45 72 99 64 90 4 35 8 35 66 7 99 97 4 60 86 31 15 24 69 52 68 4 59 60 48 0 17 80 2 77 60 40 29 80 61 53 74 53 43 2 80 43 61 36 77 26 76 45 0 41 76 1 70 19 22 41 92 3 90 75 8 24 17 47 92 9 
89 24 20 83 65 54 65 34 1 33 55 65 1 82 36 69 76 66 79 69 100 69 61 82 93 55 81 5 48 57 39 3 70 50 58 95 56 39 77 55 100 0 21 44 23 53 3 23 64 76 26 62 23 97 98 33 98 30 71 86 39 32 60 0 58 77 48 79 89 89 13 72 29 2 74 35 88 36 33 33 80 13 11 92 76 44 35 95 82 68 81 34 56 51 60 90 95 65 5 77 34 37 77 66 46 76 16 40 36 85 3 61 38 56 29 12 24 50 39 67 35 47 88 20 87 83 73 86 18 32 
7 86 6 77 26 92 87 19 3 62 73 31 29 8 35 96 87 54 76 40 7 100 46 72 29 36 34 88 80 91 98 99 38 3 63 48 19 56 99 32 19 69 42 46 45 66 13 71 40 31 63 27 50 65 63 19 15 97 35 86 56 70 2 92 48 87 65 58 49 86 91 28 62 74 58 44 5 91 21 1 44 37 5 86 81 90 57 67 82 21 42 27 85 60 51 62 47 46 68 1 2 46 9 63 61 4 14 17 33 96 16 14 58 44 4 97 58 48 48 53 76 71 99 64 37 17 65 62 31 9 
65 19 35 68 30 82 39 13 23 95 12 20 6 20 81 11 68 18 50 33 86 4 47 57 85 44 93 56 5 3 71 68 49 28 33 34 19 52 27 83 10 19 33 0 37 67 60 95 64 46 1 20 90 20 42 96 31 74 24 30 59 87 60 28 56 69 53 21 20 9 51 81 65 100 38 91 6 17 10 41 93 45 23 64 3 74 65 49 27 86 63 77 31 89 47 33 23 19 75 97 51 53 73 65 88 73 74 55 93 58 5 64 39 5 83 58 79 28 22 58 21 81 81 78 27 1 98 61 56 80 
22 83 16 95 55 34 30 10 39 95 85 41 37 7 85 99 79 55 1 41 28 70 26 6 76 38 32 20 44 88 21 79 9 42 52 47 58 97 48 41 47 89 8 61 98 96 2 79 89 76 61 65 66 26 20 7 82 17 55 51 92 85 68 93 35 25 63 11 22 80 4 10 66 52 15 25 37 5 99 45 33 65 55 24 73 80 77 9 60 32 31 0 62 70 66 9 60 42 79 64 51 93 98 89 42 67 39 59 50 44 24 36 2 68 41 6 25 58 43 79 40 52 35 79 63 67 44 69 3 99 
3 26 98 51 59 10 76 15 51 53 51 14 17 31 73 30 45 0 37 13 94 45 7 41 3 35 52 22 64 99 83 50 42 73 10 75 19 21 98 30 20 83 47 62 92 61 22 0 54 45 97 88 11 42 39 36 61 13 84 95 38 27 8 19 37 38 37 4 45 81 82 61 78 96 86 84 53 52 89 59 29 96 65 1 79 38 48 14 71 92 84 86 4 47 48 38 99 38 46 65 51 19 44 86 86 26 84 9 3 58 24 72 61 27 41 49 28 88 9 45 81 37 6 93 47 69 89 29 89 97 
0 32 19 9 62 63 21 26 55 61 45 32 90 42 9 62 33 0 83 47 77 20 91 70 5 32 65 95 86 15 91 73 100 77 82 43 11 53 6 43 85 67 66 8 62 34 40 64 38 10 85 92 84 61 76 80 34 26 61 80 1 48 51 96 64 19 22 11 65 66 37 63 89 74 51 56 99 74 99 37 37 37 19 0 50 53 77 10 66 82 77 83 42 51 52 88 84 4 19 15 52 54 76 29 25 79 92 84 54 22 88 60 19 88 55 71 65 34 9 36 6 54 84 87 59 69 23 32 16 33 
45 33 94 75 28 61 31 41 89 80 50 39 63 29 17 16 32 65 22 20 52 13 29 35 73 14 30 1 73 39 7 81 6 79 41 89 35 49 48 4 70 74 1 53 42 64 75 18 28 24 51 90 37 10 83 7 34 25 11 87 5 18 30 54 96 29 34 0 77 79 19 8 44 20 47 54 15 44 13 84 84 76 62 32 10 40 79 61 3 79 16 78 98 71 97 10 85 62 80 45 77 97 53 41 70 92 66 19 99 14 59 73 9 77 62 39 75 27 41 13 24 7 23 16 49 31 66 40 23 32 
32 70 82 29 58 20 79 21 69 57 27 34 93 49 5 85 88 23 98 21 70 69 70 37 31 44 96 80 25 99 84 90 89 39 10 78 58 94 10 49 2 28 10 28 74 68 49 1 48 15 67 54 97 35 52 40 81 17 28 86 45 19 70 24 39 80 3 52 27 72 14 5 54 27 29 13 33 100 16 41 21 13 63 89 77 72 44 0 38 9 34 92 22 13 16 97 1 26 4 39 77 81 95 55 13 14 93 93 19 45 33 13 54 80 86 60 56 36 23 31 87 70 79 52 99 67 39 66 18 80 
34 72 86 12 32 38 7 66 16 51 80 77 89 10 48 0 100 55 44 53 42 85 46 93 5 87 65 97 89 19 39 82 83 90 19 83 12 94 41 60 4 84 76 52 90 4 28 82 19 37 60 20 87 91 74 49 86 25 94 64 89 68 10 63 80 6 8 29 26 92 67 18 43 28 66 60 69 31 86 55 39 16 19 89 44 73 91 54 63 49 2 96 72 23 5 74 48 23 83 65 28 12 48 15 5 60 21 52 84 0 49 3 80 96 40 17 80 44 52 71 39 88 97 62 53 13 40 4 97 27 
88 75 17 6 87 90 49 81 8 39 95 32 35 31 31 8 9 91 90 8 48 80 6 94 20 50 34 24 63 58 30 51 35 74 6 45 0 90 40 43 84 94 19 3 47 73 70 41 75 45 75 100 17 53 65 85 57 53 60 77 41 70 77 100 61 64 66 53 56 46 70 7 74 33 83 54 48 1 43 45 30 75 66 82 3 91 15 89 1 25 70 95 50 52 89 56 93 87 88 77 99 16 7 41 69 74 0 2 42 19 21 51 31 39 26 80 100 15 0 69 3 19 72 23 64 71 69 32 52 76 
5 59 44 50 55 1 46 91 95 57 68 27 14 48 0 54 93 58 63 35 54 18 86 19 91 71 31 74 87 73 5 5 99 61 33 66 62 25 49 26 29 81 69 59 61 87 83 4 49 89 98 12 26 54 39 7 53 1 61 55 81 1 48 63 56 23 95 76 47 12 34 99 86 40 55 37 81 45 93 29 96 39 29 48 57 22 56 29 29 64 74 10 15 90 13 39 81 97 56 76 55 22 54 44 32 18 37 69 19 89 84 54 45 92 97 82 13 30 74 60 64 15 45 71 32 11 77 82 9 19 
88 11 55 43 6 15 71 31 49 37 14 69 99 93 59 43 95 11 12 22 19 72 7 14 89 59 57 60 96 86 63 58 66 85 24 24 38 26 55 19 28 20 95 68 9 14 42 37 83 72 12 65 50 49 12 83 95 47 61 26 88 82 5 81 76 53 13 3 18 43 40 36 34 63 45 91 80 39 2 88 49 51 91 34 96 22 55 68 78 9 25 40 62 0 52 58 79 32 5 99 11 40 18 64 32 27 47 82 11 71 82 95 65 40 30 71 74 54 91 25 30 25 74 5 90 22 25 91 84 82 
88 88 54 84 32 18 93 2 72 10 56 45 16 15 17 92 53 39 79 16 62 84 33 85 61 69 9 35 75 95 44 28 60 60 26 46 40 55 78 71 1 58 74 32 38 19 51 72 50 39 78 13 17 75 11 27 19 7 65 1 67 87 89 73 6 22 17 27 2 77 83 69 12 69 7 58 35 51 41 7 75 63 50 12 1 61 11 22 0 58 98 34 18 63 58 10 90 14 46 59 78 43 51 98 77 55 47 48 18 87 76 79 18 56 5 60 11 73 75 6 43 71 23 58 90 49 6 94 35 42 
97 62 12 46 41 37 51 63 97 22 36 2 44 15 37 28 90 8 68 19 45 82 30 24 33 43 34 64 53 15 94 24 24 55 36 85 88 93 78 29 82 8 30 5 94 77 99 90 23 66 68 88 63 61 96 15 75 84 96 20 28 5 28 93 0 31 41 63 93 45 82 95 94 5 59 34 99 32 51 45 71 82 46 23 62 19 74 16 20 9 13 83 68 36 18 36 95 13 56 16 51 89 60 69 16 44 71 44 54 6 65 73 75 89 16 78 24 11 98 91 70 56 94 21 78 98 9 19 75 26 
85 53 81 77 100 84 69 11 81 74 33 14 64 7 13 71 56 77 95 64 66 71 84 84 28 40 48 37 35 57 43 93 94 4 40 23 86 1 8 36 79 52 46 57 60 54 69 48 49 65 54 77 68 30 84 52 21 37 48 35 94 38 80 47 14 16 81 86 41 25 20 88 50 5 38 61 52 50 63 81 4 30 46 84 9 72 89 99 21 31 0 82 21 13 73 37 18 21 0 55 26 13 44 100 49 45 44 59 43 33 55 92 100 85 48 45 36 67 6 27 49 38 34 9 51 78 2 64 99 54 
27 47 58 36 16 72 75 64 50 33 28 72 0 59 67 51 11 1 77 40 41 64 13 19 68 30 56 85 37 57 44 57 8 44 89 70 52 32 40 18 37 100 41 38 86 82 79 91 46 49 96 70 44 17 35 34 63 32 43 15 7 19 10 47 44 22 0 67 31 19 75 8 78 14 70 82 27 57 46 36 77 79 47 19 100 98 48 70 26 9 18 16 68 99 60 23 88 31 73 65 70 82 6 84 18 25 76 61 51 75 4 16 28 90 42 18 93 93 86 83 57 47 100 72 65 61 92 17 19 38 
59 90 42 52 54 3 51 85 63 17 17 12 14 35 91 47 49 85 23 66 62 29 64 20 0 30 22 2 61 92 96 43 56 34 100 84 28 40 57 76 92 83 74 36 37 64 62 24 42 8 65 24 19 56 78 99 72 1 11 5 50 76 50 3 39 82 64 0 77 56 70 42 26 17 71 84 96 3 67 10 33 48 23 35 46 41 88 37 8 6 72 61 85 64 91 92 1 17 51 79 12 32 78 1 24 67 76 84 28 54 25 48 44 44 59 51 79 58 73 81 34 69 77 58 77 85 91 99 4 86 
