110
110
91 38 2 84 74 94 35 38 26 6 52 25 51 45 92 7 12 83 57 88 35 88 7 94 66 46 66 9 87 6 80 90 54 52 85 68 80 79 17 71 85 53 38 17 55 57 65 97 1 1 26 69 33 54 48 53 83 86 19 3 78 68 39 14 29 2 79 17 46 37 60 9 38 18 93 67 77 14 61 16 51 61 16 62 80 26 16 57 99 50 38 70 89 24 29 89 2 83 46 24 85 3 72 22 86 60 47 25 75 5 
64 31 16 29 42 84 91 5 70 87 99 74 0 64 25 54 30 48 33 43 53 70 72 35 20 69 55 21 95 85 82 36 57 83 15 7 37 10 29 40 24 82 18 78 16 85 23 50 22 18 25 96 78 50 25 34 26 100 60 96 27 52 57 96 59 65 32 49 84 18 93 56 70 67 64 91 33 30 64 96 57 70 93 6 100 12 54 19 55 50 69 42 93 46 6 34 100 15 6 5 94 7 70 47 10 97 73 79 38 29 
54 92 63 15 10 77 92 84 65 6 54 65 80 22 57 77 90 5 12 49 96 56 61 52 58 11 12 52 72 17 38 26 53 42 34 9 48 21 35 71 30 31 16 37 42 52 59 41 29 64 3 31 18 27 9 65 10 74 16 23 1 84 36 54 40 32 80 33 38 9 7 11 53 60 59 53 88 92 83 27 88 86 61 72 62 47 58 59 63 91 24 82 29 76 28 61 69 28 7 73 81 13 73 58 94 80 36 36 34 4 
43 40 56 18 59 67 11 60 61 70 64 3 63 97 25 17 71 76 30 12 65 68 63 83 84 79 87 8 62 81 58 95 89 76 25 77 25 0 23 65 42 68 24 26 60 37 12 1 66 27 67 76 70 58 54 36 46 55 38 97 20 83 66 30 9 69 90 53 79 50 91 74 9 97 83 45 100 17 81 39 11 11 24 63 17 73 59 19 92 51 65 32 62 66 95 63 78 85 61 12 28 46 77 70 81 85 70 77 3 96 
35 77 57 59 83 24 52 2 81 89 71 79 37 65 27 75 65 67 62 12 77 83 46 1 27 13 44 55 83 36 7 92 72 73 24 31 18 47 18 14 34 49 26 24 26 36 84 1 30 31 20 35 8 89 32 57 49 27 85 3 26 40 67 92 40 75 86 98 74 18 13 82 51 85 35 83 78 93 56 15 57 50 72 91 92 72 91 21 68 76 9 25 86 87 7 77 80 91 97 47 18 26 37 11 34 76 3 72 53 78 
10 41 89 59 59 9 95 3 51 96 42 24 43 18 42 31 0 61 11 39 31 44 95 31 9 69 20 66 80 76 30 1 6 91 81 24 51 100 32 99 60 26 92 4 74 55 30 34 37 22 89 92 92 81 4 6 53 9 32 31 44 43 89 77 61 54 93 73 59 70 44 4 97 4 45 26 9 89 7 22 40 40 58 26 5 67 20 36 61 16 52 64 64 22 24 15 13 81 49 73 55 48 50 38 77 25 76 18 27 14 
44 59 24 75 51 25 37 30 5 62 18 91 84 19 78 81 20 30 5 60 11 37 42 53 48 22 19 93 13 24 3 100 17 86 71 15 14 68 23 87 9 55 28 17 19 84 82 90 90 50 18 32 95 32 53 33 22 77 26 65 47 56 55 82 26 48 55 20 27 100 58 91 33 86 17 64 13 37 13 65 40 8 98 70 64 84 23 31 5 54 25 35 60 89 22 5 60 74 61 81 4 94 38 82 12 24 27 35 32 86 
100 18 53 63 75 4 94 69 32 34 3 79 54 69 71 46 19 32 15 21 46 10 56 7 68 34 14 61 36 83 52 75 60 23 35 1 90 50 48 70 44 67 12 23 46 84 18 82 76 99 19 52 62 4 21 1 66 51 16 78 87 62 82 53 26 10 24 30 76 8 85 71 86 57 97 62 43 67 16 5 89 69 64 7 72 22 4 83 97 96 41 44 2 70 72 87 5 16 37 54 51 12 7 71 0 95 81 94 10 94 
4 59 64 67 50 95 61 79 61 80 60 31 78 44 22 82 50 96 28 82 96 22 63 87 39 19 28 60 1 52 18 76 71 47 14 37 45 49 7 22 71 82 13 98 30 29 26 14 3 95 9 49 96 29 33 24 80 8 39 36 85 53 10 82 22 96 52 78 24 95 88 23 77 74 6 48 88 78 58 55 75 77 10 57 4 19 73 0 90 45 73 3 6 94 47 14 19 57 17 97 28 98 16 28 73 22 70 46 92 60 
46 45 22 72 7 76 56 18 98 92 5 95 13 23 2 95 32 94 33 18 48 27 85 19 49 96 48 32 97 95 54 23 14 94 62 70 70 88 76 8 64 96 85 25 63 0 8 16 36 88 69 85 65 98 27 17 24 71 60 85 56 9 21 75 9 41 89 69 85 67 5 42 13 37 87 26 93 31 8 65 86 49 0 95 65 90 64 86 46 37 33 67 62 58 93 53 73 58 84 85 92 3 54 94 11 87 93 87 60 36 
14 33 94 12 51 15 28 28 37 86 13 71 91 77 34 46 44 22 82 55 12 69 2 6 41 82 4 66 45 73 36 14 24 58 93 59 25 93 89 8 14 37 41 2 72 4 0 97 33 30 68 28 65 78 60 16 85 87 30 32 5 51 50 53 49 99 12 94 34 45 30 36 71 64 8 11 36 10 43 12 5 3 69 1 87 80 53 74 20 32 21 33 100 9 38 84 100 10 34 65 9 18 13 3 77 15 83 61 12 45 
76 37 40 16 83 22 3 81 64 99 48 6 17 89 53 18 20 39 62 48 62 81 40 74 99 78 99 69 43 23 64 75 78 47 46 62 11 56 37 81 6 28 86 82 13 76 85 74 87 35 73 32 42 12 92 16 23 71 35 16 8 51 77 53 80 60 36 86 55 9 23 69 15 84 10 33 28 79 35 96 95 6 68 92 2 24 69 55 72 39 56 41 98 81 28 11 86 21 1 72 84 91 80 31 23 34 86 72 43 25 
65 29 40 2 85 28 30 98 12 30 23 32 12 6 45 94 63 6 21 100 98 77 5 35 19 93 75 61 34 21 88 21 54 37 66 15 6 4 95 51 45 13 71 77 73 79 81 29 87 3 62 14 62 39 87 17 58 70 94 99 82 83 24 13 7 3 34 70 70 12 20 95 20 35 28 100 17 17 80 6 85 60 83 30 72 63 66 20 33 95 39 85 57 77 19 4 68 55 11 57 15 9 30 0 100 80 82 89 67 27 
38 48 47 51 43 90 57 12 78 96 71 52 98 27 18 37 84 10 65 48 1 53 0 56 80 40 7 57 25 65 46 23 5 29 6 42 5 80 32 91 29 6 75 72 13 42 53 41 2 75 45 92 24 76 20 48 94 34 84 19 33 58 46 54 12 10 0 76 81 40 89 87 46 35 45 65 94 27 56 44 93 2 70 97 29 78 27 2 15 96 23 78 56 23 20 73 59 28 68 42 23 34 37 26 83 25 26 78 83 12 
91 53 70 28 71 92 86 1 26 71 63 2 74 48 57 3 67 21 84 60 49 68 81 78 54 23 27 16 73 64 72 81 33 99 77 26 50 3 12 28 65 70 94 27 52 37 82 100 51 100 92 37 19 95 30 40 78 35 27 50 52 61 99 2 91 54 80 6 29 28 26 95 62 32 99 62 15 0 43 13 17 52 84 68 25 72 29 77 20 56 29 3 81 98 36 89 38 15 76 31 40 100 85 60 13 23 10 71 6 3 
84 33 67 95 78 66 52 90 78 47 2 30 95 34 85 53 61 87 86 82 69 75 92 86 31 19 83 75 61 4 56 64 94 19 49 0 75 5 3 36 22 0 87 55 59 89 29 11 8 55 72 63 100 82 96 84 37 79 80 80 69 79 31 23 55 66 40 98 47 97 49 54 99 34 14 65 40 79 35 12 46 89 87 50 75 62 77 3 67 61 17 53 76 70 63 4 33 77 52 27 31 85 63 89 4 0 82 96 71 44 
64 4 48 25 6 98 7 77 25 60 67 40 42 3 18 66 11 55 17 76 74 0 63 60 51 86 4 30 35 26 57 17 19 32 70 69 50 100 41 49 99 26 49 37 2 82 36 55 65 52 9 66 47 31 74 24 60 38 9 65 62 44 19 54 54 99 84 40 84 54 5 79 98 26 70 20 3 59 19 27 91 5 80 60 46 28 35 20 99 44 97 92 57 50 70 22 73 39 40 71 29 92 48 77 84 92 18 3 61 17 
7 95 88 30 100 78 73 32 99 44 63 99 49 97 37 74 80 18 100 46 30 85 63 14 81 89 32 66 99 97 19 15 35 8 58 44 40 14 90 34 65 32 23 93 16 73 77 17 71 34 35 68 92 26 31 76 27 60 8 29 87 52 82 88 5 80 56 71 89 70 59 49 89 95 62 46 88 8 84 46 40 91 44 65 77 43 89 66 10 14 36 100 30 3 26 92 87 38 21 80 27 37 30 71 56 99 48 22 9 18 
14 16 70 8 74 47 5 39 37 90 94 50 95 100 24 37 9 77 60 52 90 78 4 58 67 17 51 2 54 31 15 75 65 89 81 73 57 58 96 74 61 84 12 29 40 87 79 97 72 74 27 75 67 9 93 7 1 10 73 62 95 15 22 32 4 75 75 21 83 13 94 100 29 82 50 34 60 81 99 59 71 6 93 98 11 94 13 75 49 47 52 100 84 97 83 44 61 24 48 87 3 54 70 75 66 83 66 32 28 27 
91 81 61 54 78 83 86 64 29 81 1 74 57 55 93 17 32 42 4 1 67 41 77 39 23 44 31 67 62 35 1 72 21 83 0 96 31 59 13 53 85 84 83 87 91 18 10 51 9 40 69 44 86 75 77 25 99 5 69 14 7 37 85 80 55 63 96 91 10 11 73 11 7 3 99 28 58 74 78 68 24 100 55 92 70 31 27 13 93 86 30 67 21 36 42 81 29 13 44 1 57 9 46 83 11 44 28 44 33 71 
39 2 76 10 5 29 6 46 30 15 16 83 25 53 33 24 2 36 32 90 31 68 97 49 49 58 93 81 85 5 91 73 52 27 66 14 89 22 59 42 23 15 60 65 78 16 36 11 29 8 21 10 21 74 27 78 91 90 24 30 84 42 37 9 95 91 36 96 4 87 71 68 51 33 36 80 51 84 43 71 94 61 39 56 63 4 61 13 73 66 40 61 4 100 40 86 13 9 71 39 83 64 53 76 19 95 82 21 31 27 
27 39 81 86 34 48 89 32 48 56 31 10 52 73 95 88 3 37 29 74 74 31 55 95 86 47 49 34 27 19 11 89 95 40 12 84 5 16 14 0 64 74 24 36 94 52 10 92 99 23 44 34 91 70 26 22 63 96 12 20 16 33 25 15 93 47 80 85 52 92 23 14 1 80 44 44 25 60 31 53 65 13 22 67 55 28 9 59 65 30 22 89 91 43 63 49 53 77 96 50 53 39 3 34 24 15 95 28 55 8 
83 68 91 60 80 7 40 67 48 12 13 85 55 63 63 78 73 75 13 28 21 69 60 17 12 21 93 66 2 87 62 13 95 96 40 37 62 28 18 39 60 36 87 3 82 36 6 89 61 74 29 33 24 65 80 47 13 9 32 10 75 11 15 98 47 49 26 82 51 99 26 37 89 96 84 90 67 94 1 52 64 74 42 82 23 53 30 61 85 8 91 24 33 82 47 79 62 13 99 90 1 49 75 34 19 79 2 16 57 19 
84 75 66 59 8 14 16 85 37 67 6 15 98 35 30 48 0 25 49 67 16 8 46 29 41 19 51 50 7 7 5 74 41 50 47 96 28 0 49 39 31 54 27 4 55 18 23 23 39 25 53 66 24 13 42 100 5 76 21 92 47 20 89 48 92 66 91 23 58 76 50 11 65 54 54 44 18 99 56 89 80 6 37 97 56 60 48 100 42 37 20 40 45 100 68 11 95 99 3 87 84 37 86 1 17 59 25 24 11 81 
25 82 38 41 97 96 30 36 66 16 12 4 54 13 87 24 21 95 28 10 55 25 35 100 5 27 37 34 17 23 87 37 88 14 37 73 29 86 80 34 10 17 59 48 6 57 1 45 94 71 45 48 64 31 6 49 26 72 1 19 76 98 13 98 4 90 29 61 64 39 27 39 22 60 20 50 45 98 51 81 91 100 24 30 23 15 28 89 85 1 59 41 44 98 12 100 23 83 14 32 79 58 6 14 92 79 48 49 68 8 
67 58 76 78 19 69 63 74 86 0 74 77 74 73 96 53 64 64 22 13 13 66 72 3 5 88 57 39 19 81 83 65 81 96 32 47 37 7 24 13 93 76 52 51 65 83 86 20 74 75 4 17 45 19 37 20 80 28 85 60 27 39 58 5 70 34 32 68 67 22 22 29 51 55 62 71 38 91 17 24 5 95 43 75 28 36 63 91 84 73 34 32 72 86 11 26 90 30 35 2 95 14 14 60 49 14 33 14 37 14 
52 95 8 57 11 17 88 76 14 96 97 80 79 36 34 58 6 72 6 44 85 16 36 10 18 89 68 32 99 41 1 74 78 17 88 6 25 31 25 48 68 6 100 38 38 49 22 78 3 28 68 79 19 23 57 22 95 40 54 35 67 2 25 47 85 50 62 81 79 67 35 1 36 68 48 11 51 52 31 60 5 82 91 95 68 14 78 55 100 8 73 12 55 8 23 81 5 64 32 50 21 84 11 71 30 74 71 23 21 66 
14 44 78 91 80 72 34 90 21 44 8 71 29 75 59 83 78 36 15 31 90 20 8 29 3 99 47 6 83 73 69 38 80 66 60 65 85 46 47 41 69 88 90 60 6 22 11 5 31 55 18 34 91 81 58 58 74 27 100 51 78 68 45 16 100 52 64 63 20 12 52 11 9 39 66 16 17 94 50 66 40 25 49 39 80 38 37 3 62 12 92 9 59 97 56 95 43 88 82 56 80 4 92 59 93 91 71 7 49 95 
73 47 26 93 19 27 62 38 19 9 72 71 17 39 32 93 39 2 88 41 44 56 74 100 90 50 68 66 39 13 84 26 27 73 49 14 87 33 40 5 34 20 27 38 51 1 7 93 14 67 25 59 27 30 31 17 94 55 50 8 70 58 13 33 39 35 53 90 0 24 51 73 68 36 25 70 39 10 49 79 98 3 40 6 16 23 42 23 52 71 56 17 32 3 52 27 11 85 47 20 42 34 38 16 69 39 8 69 48 88 
36 14 57 86 30 1 13 78 41 84 72 35 37 90 99 61 65 31 86 54 90 52 22 46 7 92 19 18 84 17 51 91 75 81 90 93 63 48 2 82 49 93 56 33 47 32 24 65 66 51 2 6 89 15 12 34 85 51 1 87 19 32 69 45 94 59 35 39 5 13 55 61 26 62 95 63 43 91 69 36 98 15 59 70 46 28 50 19 50 59 12 12 29 77 28 87 81 75 61 15 12 65 42 14 46 59 56 52 27 69 
94 44 98 61 82 0 63 79 86 26 84 74 54 87 93 43 18 82 2 10 95 49 1 70 50 96 56 30 63 95 89 36 75 76 99 53 81 33 82 100 99 14 73 3 69 54 76 31 93 99 3 5 36 86 95 47 98 76 7 25 84 90 63 79 86 67 76 41 28 76 59 47 98 36 80 47 12 76 81 9 3 17 90 42 73 73 58 70 26 54 26 50 92 21 20 50 19 46 28 11 33 94 64 49 24 46 75 98 27 91 
71 59 93 29 55 86 10 29 53 86 24 98 74 64 100 7 80 35 77 94 7 82 93 53 52 94 3 15 94 46 14 34 58 75 79 53 3 82 66 14 32 49 3 3 23 90 36 86 25 97 91 32 39 18 22 53 25 38 0 73 74 44 7 96 7 21 34 59 19 77 96 24 19 80 37 96 47 58 14 8 70 18 22 32 89 70 99 3 51 39 96 75 26 17 8 7 43 10 31 47 64 69 46 58 1 22 25 31 55 87 
2 44 69 32 9 87 56 96 35 39 35 100 52 43 60 73 57 3 3 46 87 32 87 35 79 92 3 100 36 63 31 83 10 58 12 55 38 7 38 11 20 35 15 47 10 15 53 93 98 15 2 46 62 28 62 1 100 40 56 22 75 87 54 100 28 22 47 88 29 17 16 58 51 51 41 26 66 36 55 61 85 68 23 61 31 12 29 16 36 86 12 91 77 23 10 27 6 33 5 93 8 43 27 6 65 100 88 13 52 31 
0 69 18 63 89 32 70 93 32 40 91 77 38 59 7 36 88 7 35 93 43 36 91 94 86 21 66 84 4 66 79 54 80 57 44 38 98 25 19 32 11 4 79 99 27 75 56 35 1 27 91 40 45 39 36 73 57 80 41 78 69 78 17 59 26 88 36 74 83 59 38 87 98 0 69 66 5 72 17 33 3 67 69 2 39 80 56 21 63 55 42 87 41 50 10 13 86 70 67 79 36 80 70 14 20 30 61 43 5 88 
55 42 35 12 83 74 60 80 28 5 85 48 52 56 28 57 53 92 100 21 80 23 92 89 67 84 13 66 26 3 20 85 51 73 4 49 28 15 71 52 4 82 55 38 39 20 27 73 33 65 40 39 65 37 7 2 76 82 92 99 6 21 35 22 99 35 56 93 67 97 4 26 35 80 30 46 95 32 62 6 81 20 13 8 23 59 52 44 74 41 97 60 71 30 47 93 43 64 8 31 48 2 77 67 74 11 84 90 19 66 
57 59 29 14 55 53 68 66 84 10 66 17 75 32 6 51 11 46 68 5 49 92 36 91 35 20 2 34 34 46 65 60 24 3 65 94 39 24 86 41 74 74 24 90 35 3 92 98 65 73 59 76 3 23 59 86 18 43 63 59 22 76 25 9 13 13 90 29 51 39 6 24 60 5 28 54 24 43 6 75 87 98 34 53 57 81 81 51 93 32 17 71 66 73 79 50 32 79 9 66 89 99 43 87 66 14 61 62 56 40 
33 54 2 63 6 29 61 1 69 83 94 65 11 34 78 52 84 39 28 89 35 76 0 77 52 11 11 4 8 63 23 72 6 99 35 51 53 88 36 97 27 1 9 20 17 12 49 26 45 54 2 81 58 80 4 59 89 71 46 16 41 54 84 46 71 64 15 71 91 43 59 25 31 42 51 23 83 40 98 54 50 44 55 37 19 32 62 20 14 1 29 56 34 94 51 55 14 18 12 39 5 95 73 47 64 75 8 19 52 74 
93 4 32 33 28 57 86 74 53 58 94 95 12 11 3 34 59 48 36 93 66 90 5 64 86 95 3 88 8 26 14 92 24 52 36 79 97 81 38 64 91 96 37 46 17 33 72 76 41 94 7 50 20 10 19 71 63 66 40 19 16 77 61 26 69 88 87 4 70 26 51 57 53 38 78 77 67 29 75 33 32 27 24 12 66 47 71 97 85 13 81 21 26 59 75 95 9 66 98 69 13 79 25 5 73 43 71 56 30 15 
2 55 45 67 95 96 77 46 12 11 23 64 6 48 16 11 83 92 96 39 21 31 18 10 33 36 54 52 59 27 33 42 95 68 17 14 32 95 15 3 66 81 68 41 31 72 23 57 1 100 17 87 82 72 54 98 28 84 21 47 49 83 47 81 86 4 62 89 17 5 81 94 23 38 69 41 100 43 32 71 82 86 12 59 11 81 87 30 100 92 48 73 89 11 48 44 26 100 74 35 86 49 87 25 36 71 97 48 21 28 
50 66 10 84 61 17 70 18 0 22 92 70 17 21 33 75 73 5 10 48 45 79 17 28 91 50 41 25 57 58 87 16 10 31 44 72 94 32 98 22 70 93 37 22 94 59 26 91 89 48 99 26 65 54 74 29 66 25 88 6 81 22 5 49 57 19 7 55 86 17 50 40 97 45 43 18 34 72 36 34 3 40 90 0 93 82 26 34 40 76 47 33 75 54 52 71 25 39 26 31 28 8 65 96 43 43 66 81 37 38 
71 2 80 90 73 53 43 73 6 39 6 44 86 42 8 66 40 39 43 40 27 95 17 70 17 41 77 24 14 42 36 88 54 11 98 65 63 25 92 40 88 6 5 38 58 81 39 76 92 72 29 67 88 67 35 63 59 60 17 24 55 16 0 24 33 75 72 12 82 74 79 95 42 31 50 89 61 24 32 65 50 21 93 10 17 95 63 48 82 71 69 56 57 22 2 69 2 5 95 90 61 23 68 29 41 60 36 64 93 40 
18 81 77 55 0 95 98 60 20 7 77 59 52 21 33 85 38 93 47 61 54 62 97 79 65 6 11 71 73 0 47 16 49 86 79 95 33 24 99 50 28 45 98 38 87 13 91 52 34 9 66 80 60 24 35 65 24 38 60 56 72 89 61 35 90 39 31 57 61 29 93 57 55 9 26 37 75 18 91 57 19 82 47 91 18 53 29 40 87 45 8 97 96 35 2 72 40 34 100 100 95 93 91 22 23 55 36 35 34 14 
68 85 6 32 15 65 90 82 30 12 8 35 36 76 8 89 9 61 66 72 90 58 57 34 61 14 7 42 37 21 34 57 37 52 32 47 52 52 3 54 14 1 11 76 6 71 30 93 56 90 13 8 24 65 4 51 38 48 5 36 32 54 23 34 26 28 38 99 52 58 85 63 48 65 13 15 51 80 7 16 85 82 71 53 82 98 80 83 25 23 60 40 85 76 84 9 75 87 20 89 66 11 99 58 7 51 27 64 23 97 
31 34 53 76 22 14 82 11 56 32 77 25 73 5 72 59 51 18 77 74 3 91 95 53 79 61 43 32 51 16 61 16 56 52 11 33 75 14 42 79 62 41 47 3 62 9 72 18 89 89 27 23 10 4 40 1 75 8 95 31 26 81 32 45 78 42 84 80 21 51 75 42 57 45 65 85 98 6 24 56 22 28 23 10 55 98 10 75 68 20 77 51 86 3 39 17 21 96 42 32 97 24 81 87 42 4 86 48 18 55 
22 40 79 31 3 98 38 87 19 21 51 48 23 86 32 53 91 44 30 19 13 65 68 100 4 95 53 26 63 21 74 22 7 53 96 55 65 92 79 82 23 64 93 1 0 25 0 79 76 12 32 77 51 66 76 72 65 30 23 58 84 18 42 94 23 39 23 27 17 86 65 1 99 82 77 71 97 81 80 73 99 19 96 72 52 23 90 56 75 22 9 7 18 66 48 17 63 47 23 17 32 39 65 29 46 46 3 0 98 57 
89 4 1 8 46 75 16 30 69 17 50 90 1 5 67 94 86 2 42 81 29 44 69 29 81 43 72 54 85 12 19 96 10 98 37 59 5 89 50 59 90 62 82 82 56 40 86 30 71 80 45 41 87 84 26 70 60 26 83 72 62 40 80 29 80 49 89 18 43 68 61 53 57 52 96 91 87 100 4 54 7 51 0 89 5 60 9 33 77 22 28 20 23 53 42 17 36 82 48 55 96 16 86 64 94 52 65 20 33 48 
55 88 14 52 58 26 33 97 74 37 94 48 22 86 96 32 72 48 16 42 90 46 79 20 50 25 1 22 17 86 86 97 71 43 94 72 96 6 12 28 69 35 86 50 33 97 43 31 79 34 68 97 67 73 22 73 55 78 87 29 10 85 89 70 91 9 61 54 45 27 12 2 16 54 66 76 57 72 69 1 5 46 47 0 78 60 2 53 94 32 77 28 27 41 17 18 30 48 68 54 5 51 59 25 85 80 12 48 93 3 
57 25 91 67 12 19 8 24 25 10 24 56 58 38 99 17 94 22 22 35 28 43 55 76 70 87 8 67 80 33 10 54 49 19 12 4 23 89 96 81 39 66 47 26 36 53 17 83 1 50 53 74 89 68 32 14 1 31 30 41 17 9 23 11 26 46 27 70 83 19 36 36 51 91 46 97 60 70 70 0 12 15 67 15 47 58 25 84 88 34 20 46 95 95 82 9 67 70 13 16 48 51 1 9 39 48 27 65 96 68 
78 28 18 78 85 84 56 81 87 29 19 68 93 50 28 0 4 58 62 53 70 85 13 34 64 87 30 28 43 70 99 81 19 61 8 33 86 99 66 15 36 42 22 18 98 81 16 79 58 64 95 90 12 66 31 32 36 15 86 34 47 59 95 82 44 9 9 81 62 31 72 9 13 35 16 68 93 50 15 40 60 5 41 21 44 78 96 22 87 83 48 18 98 97 93 52 25 100 95 24 71 99 62 80 85 35 72 58 80 85 
65 77 75 61 0 49 66 10 15 27 1 19 43 18 36 59 41 4 86 9 22 28 63 54 28 2 66 27 64 72 38 60 9 39 83 73 29 61 38 34 75 97 0 18 51 7 56 77 51 97 31 77 8 1 56 28 73 77 16 91 38 26 53 59 54 68 22 3 86 32 56 81 20 93 0 65 11 6 56 24 60 71 61 85 64 80 5 82 19 2 100 93 55 96 9 47 57 72 82 12 30 2 46 56 31 32 51 26 14 43 
9 34 38 22 43 68 11 22 66 67 39 74 72 89 98 77 12 100 22 75 19 13 82 72 93 63 87 0 26 55 100 20 49 75 13 64 73 35 58 46 98 64 24 93 13 7 80 94 84 70 41 34 25 91 3 53 95 26 84 9 80 18 24 62 62 83 31 35 14 16 48 61 45 58 87 41 18 50 20 14 13 0 70 24 71 61 29 47 64 16 17 100 17 31 40 24 25 28 56 50 90 1 42 10 84 71 89 99 95 38 
29 51 22 71 40 13 30 71 11 79 80 10 0 9 60 14 14 6 84 26 14 49 87 23 94 60 46 51 16 7 37 4 29 69 45 31 71 16 54 55 52 54 90 22 81 50 23 23 61 15 82 92 65 98 86 9 80 94 90 63 83 16 9 52 96 47 17 79 24 37 67 87 55 40 58 67 19 11 78 68 57 75 61 87 32 62 1 78 65 92 47 52 28 36 77 96 92 25 37 42 62 49 67 91 4 52 10 69 19 98 
0 40 40 89 62 97 78 40 76 29 31 64 29 17 13 44 50 67 95 27 2 0 10 93 38 100 3 52 3 78 19 18 90 47 68 82 84 91 32 98 79 63 87 13 20 10 7 31 32 3 3 47 36 92 13 67 41 59 95 55 27 93 58 29 4 32 90 13 31 52 78 31 67 14 48 27 6 79 20 29 7 99 22 28 39 83 71 81 52 59 58 46 33 36 29 27 72 47 29 5 65 17 44 20 11 4 28 17 80 11 
14 24 3 32 15 100 32 96 88 94 92 88 98 64 93 84 99 82 10 63 84 83 63 86 21 12 77 1 0 33 29 34 57 37 32 53 66 83 12 69 69 97 54 56 45 58 25 68 93 85 59 55 71 67 22 91 16 89 35 32 91 69 78 44 0 82 97 100 18 77 84 15 69 98 61 41 15 44 75 45 57 40 60 12 74 91 81 34 10 11 31 54 83 98 80 16 45 9 19 66 58 48 82 19 21 78 0 51 78 94 
36 95 26 26 54 86 13 97 45 68 11 1 88 90 26 72 92 43 44 11 9 5 60 11 100 86 19 15 43 57 17 94 22 86 52 0 76 71 16 48 19 83 88 60 57 13 4 65 74 77 78 89 41 62 27 29 17 20 96 39 32 48 58 98 30 92 8 99 51 10 5 74 48 67 97 18 41 71 36 62 24 1 75 8 51 33 25 94 91 71 51 39 59 90 45 21 12 94 54 39 75 89 64 2 94 98 17 72 96 37 
15 98 92 17 17 31 25 63 93 52 15 96 100 69 56 82 54 96 1 45 63 91 64 39 26 3 11 8 44 85 84 25 20 98 25 80 99 65 29 61 53 33 12 37 10 92 47 94 29 55 16 38 54 68 59 66 96 38 79 33 62 52 3 48 81 47 41 90 60 69 73 27 55 63 66 20 44 44 24 15 21 4 35 0 80 46 45 4 60 19 79 62 79 55 27 57 51 66 57 47 0 80 84 17 100 84 25 98 32 9 
91 62 53 64 56 41 29 41 87 56 90 7 74 90 88 31 65 4 26 65 84 100 28 40 96 38 2 18 63 55 15 14 69 39 56 15 68 0 88 25 100 5 0 58 89 64 91 42 19 65 38 76 18 16 73 86 58 58 56 54 59 6 80 65 21 68 24 97 58 19 46 77 53 91 44 85 51 96 93 46 55 100 20 60 47 73 21 38 77 8 28 32 32 59 73 62 92 4 12 69 56 22 91 11 59 75 5 11 46 71 
90 88 45 65 1 85 95 60 52 3 22 86 6 67 82 56 47 3 22 64 80 44 4 10 21 10 65 18 61 40 4 91 15 46 95 84 43 5 32 73 39 85 82 19 72 38 21 28 94 77 53 12 64 24 34 66 9 84 6 31 50 80 64 87 75 32 55 44 39 45 50 5 28 45 65 63 40 32 7 66 32 3 100 77 37 30 32 46 58 13 59 64 23 86 89 63 66 89 97 52 81 56 10 99 87 63 49 27 74 81 
3 65 22 56 27 6 79 56 81 9 49 44 27 58 43 82 33 80 91 14 28 89 50 35 10 24 96 77 80 29 17 38 84 92 9 31 98 11 28 89 36 97 65 59 61 7 50 34 26 66 12 38 49 78 8 12 35 62 93 17 53 2 72 13 68 38 27 41 3 6 82 69 0 10 37 69 14 73 69 100 19 1 88 50 11 73 83 81 20 84 99 10 65 12 25 53 27 97 85 59 92 80 80 99 11 24 87 16 25 77 
61 72 96 18 11 100 88 93 76 27 89 92 80 55 66 76 53 65 99 90 17 90 13 4 89 39 61 85 48 19 73 45 31 31 20 93 50 61 34 73 16 43 21 6 80 93 34 71 67 0 65 53 71 65 87 51 31 58 87 90 50 98 78 49 1 4 49 41 24 57 64 6 6 87 57 92 63 24 11 1 72 33 65 96 69 56 48 9 77 46 4 42 57 65 54 16 14 78 32 33 69 10 62 23 43 79 60 37 29 30 
42 27 37 85 20 11 94 2 89 45 59 79 56 44 5 85 72 27 10 13 50 93 57 32 0 35 38 25 38 50 93 5 86 77 0 76 7 6 33 2 12 20 70 44 42 54 39 96 30 19 16 25 73 56 75 51 64 70 89 98 30 37 39 99 51 19 53 52 8 22 46 6 87 4 97 63 20 21 35 95 22 53 80 67 9 94 37 2 25 48 70 41 90 43 17 60 26 4 38 49 74 53 65 21 87 76 28 18 92 12 
73 95 5 47 13 16 23 84 8 61 91 98 47 91 33 99 20 22 20 11 12 8 90 54 88 35 77 45 11 1 74 23 12 17 47 34 67 96 58 87 46 100 77 61 17 44 36 31 66 4 41 79 56 35 55 34 11 99 0 80 51 7 51 11 8 79 80 64 39 15 29 98 15 26 26 78 69 99 31 42 21 37 48 23 6 61 38 52 76 62 22 65 9 56 9 96 72 19 10 7 98 77 33 18 68 10 98 82 52 100 
41 50 39 49 53 77 22 78 25 33 0 83 93 13 76 42 1 54 55 44 36 14 24 14 90 37 43 45 95 65 100 58 41 78 82 58 76 14 52 34 21 10 76 36 1 60 6 78 13 91 99 62 46 7 67 22 62 42 76 85 17 54 84 31 27 36 32 58 19 44 13 42 28 43 48 24 75 71 76 9 35 83 52 98 17 14 18 54 57 76 5 86 43 68 56 58 26 25 65 87 20 84 10 22 94 69 82 96 54 74 
79 14 49 65 70 60 1 91 15 22 73 78 100 64 2 65 60 11 100 76 53 21 63 1 69 36 44 52 50 80 79 77 15 92 30 8 70 13 94 83 68 52 66 2 94 100 49 56 55 30 77 84 71 88 97 46 55 72 4 31 85 3 72 6 21 37 41 18 77 41 66 55 87 98 19 46 48 15 61 91 73 32 8 24 85 71 82 93 58 89 53 97 2 92 12 14 6 9 69 82 91 69 79 100 79 99 61 90 93 44 
37 25 30 53 12 24 17 2 83 92 87 59 20 94 89 6 99 75 10 95 48 42 0 26 61 42 75 36 62 16 57 68 31 48 35 86 79 59 45 76 28 27 65 76 74 33 62 68 8 71 68 23 83 95 34 51 70 2 30 66 16 22 37 14 57 7 26 20 96 85 2 28 9 36 83 77 75 7 7 42 98 88 0 99 89 21 6 8 81 0 4 15 83 68 90 72 86 91 62 18 52 56 30 27 38 52 69 67 84 38 
94 51 49 72 38 93 3 26 80 85 43 52 27 58 23 71 100 100 88 62 69 53 44 77 92 10 38 64 33 16 20 37 21 64 49 80 22 42 80 67 66 0 7 20 28 22 11 96 4 10 22 4 40 60 18 12 93 82 34 29 60 6 1 78 76 45 31 84 62 50 12 97 81 50 4 31 7 71 94 67 89 71 62 29 24 18 15 78 4 91 37 25 29 14 45 7 50 38 42 95 34 42 50 81 34 55 80 44 28 14 
15 18 21 26 89 3 90 36 10 52 62 44 61 34 11 41 76 87 29 68 43 3 21 90 90 36 64 79 46 31 36 57 73 55 81 67 42 11 21 19 19 95 50 32 90 4 56 74 29 78 67 87 16 31 71 44 87 58 48 1 81 14 73 82 4 97 25 68 96 41 24 42 89 83 25 16 39 92 85 56 80 62 88 97 33 13 11 37 14 94 49 55 78 23 56 15 25 68 25 84 75 11 95 28 25 54 48 97 23 23 
40 71 30 35 51 30 48 35 87 3 16 30 14 55 40 25 77 1 66 78 2 21 44 12 77 30 60 43 27 54 99 8 11 71 67 26 93 36 30 82 94 81 87 66 83 90 30 15 78 96 53 77 71 28 58 84 69 69 45 75 88 83 84 9 57 55 44 6 32 66 82 11 9 90 36 93 95 58 16 75 89 69 16 21 71 83 93 84 21 25 42 72 17 41 27 54 5 68 16 35 33 40 43 71 91 86 19 15 11 93 
52 26 60 25 1 88 47 4 85 10 2 95 33 93 20 51 76 89 34 69 5 61 49 47 78 2 14 13 61 1 2 100 79 33 94 26 71 24 73 9 84 14 40 16 77 48 61 55 68 45 39 97 7 33 12 52 70 60 57 92 94 2 87 88 45 69 13 65 61 32 37 53 35 76 90 96 26 34 81 72 22 91 1 32 15 74 64 40 58 84 1 24 22 14 58 2 1 73 75 68 58 27 9 64 67 91 49 15 63 37 
59 44 48 92 100 23 34 37 1 94 22 33 30 98 2 20 20 22 58 46 47 53 26 48 6 41 17 18 70 53 66 97 87 95 62 24 9 12 0 54 17 8 47 60 18 47 97 38 53 30 83 75 7 56 8 87 63 13 91 11 39 80 87 86 85 18 22 75 70 87 48 99 23 49 74 48 99 25 49 11 35 87 33 91 40 93 61 14 69 40 88 95 78 21 67 82 67 17 98 54 92 61 18 67 84 34 82 93 10 42 
6 26 29 94 74 92 62 53 69 1 36 48 3 55 24 84 89 74 61 24 49 46 74 80 47 42 51 84 60 5 30 50 33 39 80 61 92 91 44 26 52 65 60 15 32 93 2 51 23 0 12 53 26 6 24 64 100 19 66 74 30 85 20 43 48 1 18 71 61 58 58 43 25 68 44 95 28 2 69 90 40 76 17 54 7 58 42 99 47 87 45 44 20 53 75 5 83 73 15 30 72 52 43 93 35 64 94 58 55 14 
28 56 23 32 56 53 31 79 52 10 69 84 83 28 29 13 50 13 90 60 84 75 78 7 88 69 60 7 36 26 23 79 1 88 80 38 38 42 81 28 56 59 80 64 76 1 88 43 25 87 82 6 99 98 92 51 92 9 18 80 67 66 50 92 37 61 84 14 79 18 58 62 59 39 9 52 94 43 78 66 34 75 66 7 21 25 49 16 48 0 67 76 84 63 0 3 67 75 17 4 11 26 46 30 91 42 95 35 71 11 
91 94 14 7 51 27 79 5 92 64 7 78 66 2 51 21 62 55 2 78 2 15 47 4 74 97 63 71 56 6 16 74 10 66 44 80 14 33 15 21 80 82 85 56 14 97 75 4 40 100 25 46 31 60 39 39 26 95 46 22 48 30 76 61 12 55 16 19 52 89 22 56 32 78 41 18 6 90 28 19 78 99 51 49 40 71 46 33 86 76 56 84 26 27 58 13 77 10 84 18 36 87 62 77 37 71 3 14 84 62 
75 54 59 96 86 38 32 61 97 2 70 95 95 26 73 8 98 43 3 52 50 70 70 47 99 56 88 59 50 62 11 53 11 46 16 93 70 83 20 45 29 99 90 34 93 38 54 1 32 43 34 46 71 36 10 90 1 66 74 92 23 89 77 23 87 64 13 32 49 85 58 46 19 36 12 85 63 99 60 39 38 84 26 12 81 26 40 61 7 37 94 41 46 47 25 81 32 75 53 66 60 15 75 22 68 36 9 90 47 36 
70 91 55 40 88 78 86 82 58 4 53 55 13 21 75 44 6 71 12 83 56 59 5 25 7 34 19 60 65 3 3 77 30 67 42 51 96 89 82 46 74 51 17 37 52 54 91 41 55 24 63 49 59 44 42 77 69 26 44 14 27 64 95 17 77 76 32 22 99 6 7 83 45 60 99 73 15 51 52 81 36 35 49 90 6 6 34 39 16 86 88 62 36 54 69 22 21 72 5 78 46 77 81 0 12 67 75 15 91 13 
34 82 16 16 81 33 4 36 82 50 51 14 0 10 18 76 70 5 45 64 31 47 42 60 25 79 32 38 26 29 16 12 68 78 58 3 3 67 16 19 66 100 67 74 57 89 29 17 91 72 63 79 94 56 25 24 64 8 0 3 3 60 82 7 61 65 37 56 43 34 42 37 5 50 70 25 39 50 34 62 76 100 84 2 1 30 22 29 94 80 3 83 30 7 54 19 39 79 46 10 49 73 47 24 57 50 4 3 62 13 
81 36 44 20 46 93 4 52 92 23 78 73 72 24 34 71 25 62 94 1 3 18 59 86 58 59 94 100 73 60 92 98 44 15 71 23 16 89 5 18 56 14 3 22 94 65 44 83 89 5 99 88 74 21 80 74 8 42 84 97 95 94 50 18 39 81 100 32 49 94 50 61 14 87 60 21 0 90 43 32 59 20 71 68 71 50 49 53 67 39 55 4 9 58 55 66 4 70 92 38 78 84 15 70 99 64 84 96 96 47 
40 43 0 46 40 6 26 1 32 76 77 16 64 70 24 54 98 82 91 17 51 50 96 10 53 73 47 0 68 7 55 67 62 54 99 75 13 95 62 81 6 37 51 69 88 58 60 9 71 0 80 17 90 24 9 24 87 19 2 49 75 74 66 78 11 89 92 58 21 38 4 22 11 60 62 51 96 33 91 48 21 10 95 7 86 13 97 63 73 74 55 19 94 69 75 30 42 100 36 80 63 91 35 67 90 49 73 54 48 97 
33 27 18 19 95 65 95 81 86 55 14 30 84 45 48 40 4 18 13 48 33 78 74 47 2 50 80 44 30 62 81 83 15 94 17 80 56 12 91 42 11 2 14 80 63 18 52 66 83 34 8 85 26 74 95 54 3 50 6 15 87 98 76 15 3 73 83 87 64 35 9 48 7 48 72 20 62 7 87 45 38 14 53 81 21 95 40 23 95 85 45 31 19 79 42 27 26 92 24 9 97 13 7 69 66 29 28 79 70 76 
43 91 50 44 18 34 94 28 57 82 44 32 50 71 55 68 36 90 6 54 54 100 96 78 3 42 26 7 36 56 42 14 44 50 85 82 13 6 20 2 54 42 8 1 38 67 36 42 10 32 44 43 4 99 30 67 78 7 19 92 77 86 15 44 50 78 30 70 51 31 58 33 29 46 44 69 17 71 24 48 18 93 26 47 51 34 45 6 63 87 33 82 84 57 83 95 65 3 69 77 27 10 89 44 4 27 0 61 69 46 
15 41 32 51 74 38 31 18 89 53 0 86 87 6 29 43 98 56 32 6 1 75 66 27 1 30 81 45 37 57 6 95 20 7 9 12 97 26 96 49 38 28 81 98 77 34 11 79 1 79 63 75 83 75 100 95 27 29 73 45 25 78 76 10 69 65 42 96 49 1 92 66 48 38 83 3 36 10 14 40 64 43 85 23 79 89 46 4 93 10 13 49 89 55 5 42 37 52 41 32 13 83 41 50 42 2 61 12 45 40 
68 71 36 54 42 69 15 11 83 83 45 61 39 48 48 86 68 77 58 98 77 51 50 61 80 31 22 48 15 38 60 44 28 80 60 40 78 55 87 80 90 71 89 43 58 3 11 60 87 34 3 33 59 85 60 54 34 90 16 79 97 14 51 95 84 66 71 33 51 64 59 68 52 91 35 16 83 78 45 13 100 54 14 61 81 35 89 31 96 54 83 26 71 74 11 64 33 14 85 37 30 3 59 4 22 89 46 42 69 41 
41 100 27 90 20 27 91 53 64 25 80 85 36 8 90 97 34 43 65 38 28 79 35 31 51 14 99 99 91 29 53 100 83 1 45 67 100 48 75 46 70 29 85 62 69 76 68 28 67 32 25 89 16 48 48 20 9 83 46 93 15 18 16 63 63 52 53 22 94 39 73 95 93 68 13 32 56 46 60 80 0 88 84 17 85 37 2 62 59 63 93 30 43 82 3 78 58 10 57 3 16 54 12 32 32 48 35 70 23 45 
71 48 69 33 44 89 33 72 3 3 55 45 15 49 10 31 13 61 27 59 45 8 19 9 32 65 35 81 82 49 14 15 92 4 15 65 48 89 48 30 7 74 72 66 51 54 19 47 14 87 39 9 20 70 24 57 52 87 38 94 0 51 97 79 34 59 96 11 51 29 59 15 56 41 45 95 21 33 17 86 23 84 10 47 1 34 88 82 57 30 54 70 96 66 63 59 94 42 10 68 50 78 88 30 98 23 100 10 66 83 
99 91 12 98 98 39 9 99 44 7 36 81 76 100 59 57 24 87 91 28 39 14 70 92 80 50 67 0 69 39 81 90 88 16 85 7 16 7 60 37 4 46 94 35 74 87 36 14 11 65 31 91 32 73 100 94 61 29 86 28 89 38 95 19 0 98 79 49 60 35 3 8 81 58 3 23 43 9 34 100 100 53 37 12 89 82 78 23 59 1 43 0 12 6 69 87 88 57 85 95 15 27 33 71 64 36 19 29 88 43 
42 30 40 11 95 65 58 68 46 52 2 60 45 50 55 32 44 25 80 46 84 0 48 4 86 64 56 93 57 67 3 94 82 34 72 79 25 3 62 73 23 6 4 100 86 77 22 14 57 32 89 52 86 48 6 83 97 60 63 49 57 25 88 76 27 21 15 21 72 1 53 74 64 84 55 25 80 27 15 28 41 0 49 67 8 57 14 15 18 15 6 31 19 97 61 68 1 22 5 42 37 97 55 45 10 10 59 65 33 85 
100 39 4 76 22 57 67 26 31 0 8 73 54 5 34 56 9 78 37 58 70 66 95 41 99 19 43 97 92 99 7 36 62 37 17 78 24 46 99 44 37 54 76 64 96 25 57 11 74 23 25 33 46 60 83 36 42 10 77 78 83 5 24 43 35 69 6 59 18 19 76 99 18 41 73 7 36 13 25 69 75 42 81 29 97 8 20 63 31 30 49 98 60 27 34 19 39 13 15 70 99 59 61 98 97 40 54 64 37 54 
43 15 63 60 21 17 86 67 93 36 42 27 46 63 50 100 32 92 38 52 55 58 70 5 27 74 18 90 50 32 23 55 91 10 20 40 33 83 79 28 33 76 81 38 93 18 70 88 91 49 12 82 42 3 20 33 76 6 83 1 17 3 57 2 11 73 35 75 41 21 31 36 30 64 5 3 37 0 53 9 10 27 35 70 85 63 60 88 10 10 93 65 31 81 12 87 16 81 96 65 88 30 55 72 72 91 26 81 37 95 
76 87 25 35 75 7 10 97 67 70 86 92 19 95 59 46 13 95 67 17 22 3 59 57 66 75 26 95 83 24 82 94 78 59 5 83 97 34 55 22 95 74 51 87 86 26 43 99 70 92 98 59 7 11 34 63 73 34 22 81 39 65 33 43 70 95 51 48 35 94 37 3 21 17 67 51 56 23 59 8 45 40 2 73 59 66 11 37 19 3 70 67 1 35 7 47 68 46 48 41 89 99 4 1 1 71 31 78 2 43 
22 67 76 96 45 77 16 43 85 83 69 48 56 5 9 70 74 39 10 44 81 94 86 67 94 76 48 54 75 25 26 94 12 2 30 65 12 92 93 9 1 14 76 60 12 74 54 90 32 81 85 2 72 98 29 62 22 26 47 58 90 43 50 6 76 89 47 39 69 50 34 91 71 100 84 33 62 16 47 1 90 83 25 91 0 34 15 17 85 52 30 48 39 51 87 37 29 83 5 82 66 20 11 28 8 82 72 12 8 77 
7 7 48 24 20 79 36 18 32 16 77 11 42 22 70 65 30 10 70 83 86 18 95 43 0 52 76 57 46 22 67 89 60 66 85 86 33 5 69 59 36 25 34 54 99 63 36 37 17 70 87 90 26 44 9 38 38 68 39 97 29 17 67 31 54 97 22 89 64 37 79 71 11 50 35 10 2 59 87 52 28 75 94 98 81 36 72 90 23 88 69 100 34 91 72 43 87 56 41 19 34 24 85 1 39 91 96 16 71 21 
65 85 23 85 38 79 90 74 76 47 84 13 55 39 22 66 46 32 33 81 14 15 20 37 87 59 33 36 35 70 4 50 74 30 48 31 39 41 90 34 25 44 97 82 86 68 45 57 70 65 58 40 2 42 5 84 63 83 75 30 21 34 65 75 51 73 13 3 58 29 57 17 1 13 47 74 80 58 47 29 32 64 96 93 41 15 41 87 40 86 22 45 52 63 13 65 98 68 61 11 26 85 78 10 67 38 49 64 9 92 
81 76 21 19 78 98 36 71 4 15 94 37 19 78 79 32 78 98 51 21 8 86 66 6 18 95 4 2 46 82 0 69 98 87 70 60 98 88 84 52 94 0 84 80 30 5 39 60 30 51 88 59 45 27 24 16 69 88 64 78 47 4 45 55 23 87 8 54 63 2 31 99 23 28 85 95 99 64 43 90 45 44 24 23 62 16 79 1 20 10 23 73 37 57 83 65 97 96 37 95 11 87 84 16 92 31 71 80 62 66 
83 69 9 97 50 40 32 51 82 12 15 65 21 20 6 65 85 100 59 21 47 48 22 34 72 74 74 74 0 80 69 100 3 57 28 14 41 100 65 9 97 0 72 38 24 87 8 74 95 78 58 14 39 3 23 39 68 42 36 16 33 100 33 93 80 92 41 52 93 59 24 95 74 86 79 43 38 56 43 92 89 11 48 48 12 12 27 86 54 72 64 19 0 88 47 0 38 2 80 46 27 37 24 94 28 59 9 20 43 69 
57 19 11 54 39 43 81 1 89 79 77 91 82 28 67 19 60 94 82 0 39 93 4 15 85 20 45 12 45 37 57 46 43 91 55 73 99 24 26 71 29 29 68 37 89 64 33 8 27 11 47 75 41 30 25 41 25 45 22 44 90 81 0 56 75 35 40 88 44 77 65 36 51 81 33 64 12 95 29 13 45 53 70 58 36 12 86 60 22 96 0 50 52 87 77 18 30 24 60 49 8 56 1 89 33 80 92 78 77 67 
65 23 56 76 21 88 82 9 5 54 41 0 21 93 41 36 25 42 91 32 93 10 63 93 42 37 57 60 37 94 34 75 37 85 70 33 43 94 29 77 30 98 89 48 77 16 53 39 99 96 52 8 61 40 25 18 79 77 59 73 56 44 21 36 26 92 3 88 4 37 11 3 57 67 69 63 24 83 83 99 18 42 39 87 50 49 9 21 20 15 47 17 40 55 79 86 51 97 21 92 47 37 80 93 32 8 44 22 51 59 
0 0 46 2 50 24 64 18 93 27 100 53 16 64 80 59 17 77 65 56 51 76 2 43 3 19 98 83 6 13 35 25 100 8 89 19 79 22 88 49 16 86 53 36 76 21 68 46 68 70 96 49 25 24 48 87 2 40 68 98 100 89 59 49 99 31 5 63 21 62 99 43 97 21 22 6 8 39 77 46 61 19 63 61 82 54 41 30 82 97 15 81 12 10 63 62 90 96 72 76 20 31 95 64 58 61 77 3 53 98 
16 10 51 73 24 60 4 11 68 7 54 87 20 24 9 39 1 78 16 30 66 53 100 52 21 15 87 17 94 21 65 86 85 3 86 21 55 0 37 2 80 64 18 57 25 28 1 18 71 22 82 27 90 35 36 99 73 3 34 72 24 57 43 92 18 69 10 97 58 39 87 7 73 41 12 43 61 28 9 51 73 2 50 25 97 74 67 50 46 17 89 62 28 44 43 23 59 43 16 84 31 49 59 79 13 70 59 45 66 39 
87 37 59 2 93 77 95 69 20 81 89 78 27 75 26 15 83 84 76 100 72 76 78 3 96 31 54 39 2 16 78 40 84 61 97 88 42 35 20 21 41 92 10 2 61 45 48 35 81 58 52 45 90 35 0 22 44 36 2 63 77 49 0 8 14 56 78 85 79 95 46 65 12 60 61 98 56 97 41 10 77 33 94 22 2 23 90 81 80 24 87 90 75 49 60 90 29 68 20 70 100 27 43 16 72 62 87 53 95 53 
85 41 24 55 11 39 22 96 70 66 74 43 50 29 64 22 4 15 56 16 34 81 35 99 61 71 56 37 3 9 47 1 47 64 84 6 45 20 46 63 54 83 78 46 54 99 62 38 62 6 27 67 56 2 69 98 28 15 33 32 86 48 52 52 24 96 44 79 77 99 69 22 6 30 79 33 35 39 9 63 74 39 98 31 98 38 49 76 36 34 98 57 11 60 87 0 0 60 37 1 60 16 22 99 98 4 12 31 30 5 
61 31 9 80 55 87 68 72 51 90 17 92 15 92 53 86 33 60 6 36 31 96 25 87 93 23 30 84 100 90 34 15 19 87 1 58 16 44 25 87 69 11 83 19 68 84 93 58 55 21 76 96 24 80 93 5 35 74 61 59 61 90 35 20 21 82 41 80 0 64 7 15 90 18 86 96 5 91 16 82 21 88 23 49 39 7 84 33 54 11 70 68 5 59 9 24 51 5 29 8 20 22 59 33 100 75 63 2 41 76 
69 42 67 60 1 44 13 41 69 78 65 57 62 47 61 87 19 51 61 2 57 45 83 99 28 11 36 54 19 74 79 64 21 50 69 18 74 38 85 43 92 98 87 49 47 14 14 39 22 12 39 67 53 44 17 45 76 76 6 87 61 81 55 78 65 80 78 54 15 93 93 7 88 89 35 56 19 43 10 28 26 53 28 10 51 72 4 57 22 14 8 35 36 31 17 20 11 36 1 72 24 0 100 48 73 71 7 91 96 8 
79 32 49 55 100 81 91 33 99 61 48 34 30 7 24 57 82 29 99 12 11 76 17 29 43 60 60 85 82 6 81 21 26 4 50 41 63 47 30 1 67 25 21 92 42 27 25 25 83 21 47 88 74 64 4 36 88 52 83 58 3 43 73 73 32 3 30 47 32 0 84 43 60 62 24 50 54 94 98 30 100 56 48 46 55 79 92 0 59 95 54 84 45 88 55 4 35 21 12 11 66 45 8 6 20 60 17 32 87 84 
16 53 70 67 13 60 2 74 43 52 43 92 83 42 50 26 73 78 85 29 26 66 67 4 16 55 60 86 73 40 80 74 17 21 79 87 44 41 60 62 88 30 90 39 74 20 85 7 49 77 23 79 15 52 85 39 2 87 2 73 64 100 93 80 21 59 73 96 8 81 44 10 71 51 8 6 28 16 90 25 41 86 83 5 83 45 86 10 91 21 7 28 29 95 5 27 16 49 25 87 95 56 73 22 5 2 51 37 81 61 
99 70 71 74 80 59 67 43 3 12 26 49 1 87 79 46 34 90 17 0 88 77 80 56 41 42 15 53 63 68 64 88 95 56 59 60 11 64 7 90 52 70 73 87 56 56 53 77 6 38 21 33 80 59 34 13 4 88 51 52 43 71 3 59 28 58 12 8 50 0 9 98 6 54 69 21 22 7 53 49 40 50 16 27 20 44 19 88 39 33 85 38 18 80 79 74 80 79 44 76 53 5 75 25 8 67 52 36 8 82 
88 19 8 67 8 90 9 26 70 53 56 25 20 34 96 22 7 10 94 28 20 12 64 85 15 5 91 71 41 85 16 66 66 72 12 13 36 83 91 58 50 64 31 88 77 38 32 10 97 37 47 97 16 89 66 41 98 90 5 61 78 60 21 76 3 100 36 45 20 72 10 66 93 67 35 74 42 76 56 30 62 71 8 98 25 42 91 70 31 4 86 89 43 44 59 96 53 7 91 19 45 13 59 24 5 80 35 98 24 22 
33 55 28 32 71 51 92 36 47 47 1 32 49 55 68 1 82 48 91 9 28 58 11 5 25 83 71 17 14 71 30 9 91 89 35 34 92 31 94 67 4 1 41 49 30 63 90 24 58 23 4 48 90 57 23 11 95 53 93 88 56 40 39 69 77 28 59 64 18 16 61 75 95 75 99 31 51 0 34 24 72 79 76 99 26 75 0 96 49 62 61 10 51 95 20 10 53 11 21 12 44 29 13 5 38 28 26 96 81 46 
59 93 93 19 10 28 95 35 18 13 98 73 74 74 64 66 24 53 32 28 22 19 98 56 37 9 72 42 71 90 22 42 5 43 98 74 86 85 46 72 72 27 90 97 65 71 4 58 92 86 71 58 36 42 91 0 67 27 76 50 72 2 56 67 43 4 44 26 97 57 67 79 60 43 34 4 99 57 21 84 73 84 48 20 66 74 63 4 8 5 62 25 57 9 86 52 22 58 88 96 51 28 64 7 67 91 80 71 64 29 
50 72 3 86 66 9 5 45 81 87 83 64 89 56 47 6 10 38 16 88 30 81 2 21 29 83 86 91 53 25 25 98 82 66 71 8 62 63 35 33 20 43 21 29 46 69 100 32 30 1 61 27 90 4 51 13 41 37 79 76 40 74 26 16 36 87 54 10 98 6 78 35 59 62 37 36 61 62 60 40 10 79 32 67 72 13 8 48 55 4 22 0 64 47 1 46 40 31 83 61 75 42 68 44 28 58 0 14 98 10 
4 82 43 2 75 39 68 46 80 100 63 47 84 15 27 19 19 87 13 88 14 70 34 89 21 51 39 24 16 75 50 83 0 86 36 32 87 36 96 4 31 39 79 82 52 88 68 91 50 68 59 53 99 31 2 0 74 94 15 53 17 60 96 77 82 64 15 28 22 94 3 21 32 22 8 50 42 48 60 71 71 74 60 57 36 85 31 44 13 56 38 6 82 17 4 70 49 35 47 49 34 12 14 76 85 24 71 26 96 49 
