150
150
63 92 55 88 76 38 74 41 7 23 16 81 26 15 67 98 83 83 63 48 57 68 56 78 13 9 68 83 85 21 55 52 0 42 62 9 1 57 33 58 64 17 2 76 32 62 48 35 62 15 13 66 56 100 2 73 44 55 41 98 24 99 40 7 70 10 10 83 75 28 9 37 61 33 61 40 49 87 75 18 75 73 53 77 68 55 68 14 49 21 76 69 2 79 51 97 62 4 35 35 100 38 25 25 48 79 32 100 97 33 78 38 5 30 93 53 12 86 90 65 85 34 41 44 100 69 45 75 37 82 33 8 67 89 97 24 50 51 22 61 100 69 22 25 39 86 15 92 55 6 
28 70 20 91 51 75 55 69 24 66 94 23 1 53 33 85 45 4 47 83 20 95 39 22 98 64 37 71 46 58 44 71 31 35 2 97 67 81 1 89 80 7 88 21 51 38 86 42 28 12 99 95 31 65 97 75 100 8 22 7 4 66 22 78 96 16 82 61 19 62 52 42 15 62 33 68 12 9 19 66 35 52 43 85 65 73 85 60 78 0 17 88 38 3 32 11 35 36 49 58 21 51 18 13 3 89 75 27 53 14 36 52 16 100 5 46 31 42 53 46 95 7 38 78 17 82 35 100 49 56 15 58 58 72 64 22 55 79 5 31 2 79 59 20 60 92 48 11 74 83 
47 69 9 79 83 92 28 32 69 58 80 42 25 11 54 27 82 1 84 57 77 100 27 32 77 27 19 49 76 95 18 1 51 100 98 81 50 38 88 68 10 69 94 41 24 70 70 82 38 63 0 5 57 73 56 13 87 13 21 55 20 18 32 21 60 49 46 61 59 87 17 1 19 8 11 65 45 78 52 68 58 13 3 55 9 18 68 73 38 95 34 62 88 82 97 78 8 87 96 33 58 88 9 29 0 4 60 86 74 41 45 11 20 88 10 49 20 34 10 58 29 98 51 73 42 1 24 70 54 89 20 15 86 98 55 73 25 61 8 97 81 51 2 14 100 89 49 47 35 35 
86 84 96 36 66 43 95 27 80 0 79 79 8 41 59 16 26 74 75 50 50 16 17 73 70 89 99 37 1 5 9 31 36 83 67 90 65 83 20 21 69 73 63 21 90 54 71 53 91 95 66 35 20 72 25 3 48 36 61 1 53 19 48 19 97 29 71 87 50 94 54 71 0 9 91 59 2 38 66 8 31 35 40 17 93 62 79 85 5 60 86 89 13 4 93 76 52 55 85 52 44 99 89 80 76 24 67 52 24 68 66 57 50 14 63 19 77 49 86 57 24 22 40 61 5 97 27 63 17 41 60 14 38 34 94 31 41 54 42 16 15 70 24 10 2 6 73 98 98 64 
80 46 21 4 84 9 75 53 55 51 69 58 51 40 9 3 42 58 47 68 0 17 86 95 94 66 95 60 78 13 46 100 42 78 77 66 25 63 27 87 70 35 16 36 16 56 80 33 38 89 40 28 53 54 88 55 87 40 84 83 78 80 5 72 26 76 32 31 7 92 38 7 34 61 41 4 8 28 34 42 79 58 37 27 91 96 23 65 56 99 87 100 60 20 54 85 54 49 21 39 94 95 50 62 91 13 40 64 43 28 27 30 75 40 52 79 11 39 5 79 66 34 93 42 15 36 74 48 79 97 30 71 70 75 48 88 37 27 20 65 51 98 72 51 51 63 74 55 16 58 
8 90 37 18 29 0 86 25 61 35 27 95 75 24 51 38 24 100 14 8 14 48 19 67 11 8 83 45 67 60 19 41 39 93 15 71 16 72 41 87 39 27 37 52 91 4 49 43 22 71 86 27 47 54 92 17 64 70 84 36 23 47 2 32 34 71 85 28 20 100 2 63 84 4 93 24 71 97 65 66 86 20 83 87 16 82 16 75 37 39 93 63 70 48 10 36 61 91 64 29 41 87 72 62 78 35 65 91 10 6 95 10 70 98 89 61 75 74 3 74 50 74 93 97 49 77 39 44 68 36 10 65 63 58 71 52 82 61 39 51 97 31 28 85 28 31 56 84 14 43 
92 98 8 2 60 22 64 17 65 67 10 77 17 60 46 74 40 71 21 67 17 7 5 71 58 71 33 25 87 9 49 40 44 43 87 46 62 52 41 33 41 34 67 97 67 89 63 90 47 54 71 99 4 79 31 58 99 50 32 7 52 62 34 89 96 81 50 18 71 96 28 44 94 96 45 65 89 21 30 95 1 87 18 54 51 22 85 34 2 35 77 16 25 79 81 40 58 24 8 55 26 11 68 57 72 19 83 80 74 45 40 71 94 18 77 53 37 79 59 97 100 21 17 8 58 63 18 68 41 19 57 52 68 16 44 84 15 47 92 23 87 94 24 90 42 18 27 20 77 83 
70 90 98 4 74 44 90 40 37 65 54 45 34 42 29 17 67 79 35 79 45 59 30 95 8 19 79 39 20 65 39 78 44 33 7 48 13 74 91 84 73 32 24 97 4 36 5 60 6 45 43 82 73 21 94 45 48 8 37 11 48 28 48 8 55 66 33 73 85 48 60 29 92 41 96 9 53 37 24 15 59 28 61 1 82 29 61 25 44 59 84 80 53 66 57 65 67 84 54 4 54 66 65 57 84 15 45 24 14 21 31 32 40 65 8 74 34 25 31 3 16 48 59 2 65 68 29 87 27 31 2 67 50 92 96 59 28 22 85 1 44 68 80 50 41 22 7 18 72 37 
8 80 78 58 34 29 22 27 93 18 4 17 61 36 65 32 66 93 69 24 3 15 51 58 21 96 8 10 77 18 73 21 22 43 51 44 57 92 55 88 51 88 43 79 96 6 99 76 77 81 93 17 26 5 89 81 27 28 61 29 23 0 46 8 48 12 2 75 21 31 75 66 0 8 56 91 69 56 87 96 41 86 95 88 30 6 77 28 83 65 39 47 82 50 23 16 32 37 93 93 87 51 0 99 2 9 12 65 32 10 0 30 14 76 69 84 42 9 12 68 66 95 23 69 36 91 25 60 67 48 97 99 99 34 93 51 92 10 10 15 40 46 46 87 8 32 2 13 84 56 
51 25 40 35 15 86 87 38 60 18 86 78 6 56 59 58 68 78 1 86 19 96 66 97 14 73 91 98 33 81 40 29 58 37 8 44 64 29 88 72 49 12 16 57 20 77 37 66 54 100 2 40 46 16 63 20 15 49 20 21 72 60 9 43 61 50 51 20 32 78 89 20 53 0 15 16 26 24 37 72 46 90 6 65 8 77 61 66 36 27 47 99 33 22 80 20 89 40 90 71 0 8 96 29 36 32 56 31 40 49 5 54 58 95 78 4 72 53 11 60 44 23 87 35 31 97 79 45 86 80 64 64 43 47 8 83 79 45 36 66 21 95 22 49 62 96 63 97 84 32 
6 53 70 0 96 7 80 64 93 49 86 34 54 94 17 85 29 29 100 74 29 91 47 72 88 100 76 35 64 81 62 14 64 42 58 50 66 93 68 54 94 97 26 17 76 48 28 11 58 37 26 35 27 1 11 71 6 89 52 92 59 95 48 21 82 27 51 48 29 27 65 26 85 25 96 62 3 33 87 67 63 76 18 36 30 32 19 77 65 2 98 88 3 36 71 34 48 97 51 95 36 19 8 37 99 85 76 39 12 28 39 87 86 80 2 92 91 40 92 14 31 64 34 12 4 35 21 35 59 64 59 71 21 33 75 70 45 47 89 29 51 33 67 73 73 79 84 8 43 71 
45 88 18 57 45 100 91 8 13 45 84 80 86 10 28 5 55 15 18 7 78 37 63 24 95 80 84 26 36 100 45 60 40 43 72 43 75 18 91 68 4 13 20 78 46 33 94 32 11 4 91 21 86 84 2 60 86 91 39 88 36 25 61 85 65 40 47 18 85 96 62 5 14 4 43 53 97 21 75 93 55 9 49 98 70 38 60 44 82 88 93 32 17 69 85 59 90 11 90 35 86 90 40 3 53 55 39 55 79 50 80 60 56 92 95 11 7 44 41 82 80 3 77 96 91 73 62 71 16 93 58 11 42 41 29 94 83 37 65 76 39 27 93 81 32 100 95 80 76 67 
6 69 19 4 23 83 32 17 93 20 55 51 79 5 19 38 80 99 95 1 78 79 37 54 97 66 88 83 83 75 27 14 49 54 88 91 40 52 85 30 8 87 81 90 44 37 88 65 59 52 76 15 68 96 38 70 93 25 24 34 70 17 45 83 47 5 82 9 42 5 2 8 57 71 37 33 17 75 49 95 31 70 50 1 59 29 50 91 18 98 48 64 40 21 47 80 99 67 23 63 21 13 77 43 11 9 61 92 29 1 88 77 37 42 59 10 1 10 41 64 70 65 34 75 86 65 52 87 53 22 71 28 74 89 60 85 34 74 98 97 66 55 36 70 58 32 35 71 50 76 
15 2 19 27 80 60 93 3 88 31 1 82 77 39 52 50 74 66 33 79 6 2 26 13 85 78 69 86 43 25 20 13 29 39 44 18 20 25 17 98 3 91 81 6 30 11 10 56 71 80 32 20 57 39 12 45 34 26 79 73 56 50 12 30 54 56 47 18 4 64 41 53 2 30 62 56 10 74 59 99 94 21 74 10 22 63 62 79 88 27 13 30 79 19 42 57 78 31 44 24 8 8 23 78 87 61 7 67 41 74 15 72 34 18 37 66 86 35 6 91 39 56 7 70 20 59 14 78 64 90 51 83 84 23 60 91 29 7 51 3 10 61 38 44 50 84 55 6 59 98 
77 14 35 17 40 37 66 79 3 12 89 27 88 4 26 52 76 51 33 70 88 83 88 97 30 66 64 59 27 78 39 58 45 25 13 89 9 59 9 61 44 73 50 32 46 47 25 66 84 100 4 45 99 33 36 69 91 90 10 96 99 92 22 100 78 73 61 79 91 2 8 13 64 63 78 85 78 2 36 80 1 76 27 48 86 23 49 71 54 51 57 8 14 52 57 52 7 9 36 41 97 6 99 38 41 79 100 88 20 48 36 92 47 17 58 98 63 85 6 95 21 2 27 31 98 1 65 18 64 44 50 22 62 1 34 12 32 18 20 25 26 57 11 46 11 76 98 19 97 60 
45 40 5 34 12 78 19 7 35 54 90 92 30 58 15 29 21 98 20 16 94 62 75 45 40 45 96 16 7 2 68 56 15 97 16 60 41 20 100 66 51 80 12 37 11 6 9 50 86 86 72 44 35 26 34 53 53 65 44 49 61 27 9 29 1 62 22 56 3 80 54 90 31 83 73 69 77 86 31 80 75 2 88 93 33 96 54 37 77 44 49 40 53 47 61 62 39 45 92 82 98 86 85 45 33 35 66 65 54 48 24 95 65 83 2 69 20 59 7 26 16 20 11 7 91 52 79 89 89 0 45 9 2 34 55 68 53 7 54 82 23 69 19 23 57 100 28 79 54 40 
12 82 99 38 77 38 27 17 48 25 46 51 59 3 79 52 97 58 10 87 65 18 73 44 29 45 38 9 28 12 8 79 9 44 96 67 5 85 96 10 80 9 92 5 99 83 10 76 1 98 23 27 90 25 60 4 95 37 18 43 66 5 21 75 42 49 77 36 73 54 61 62 47 63 88 19 7 7 86 10 27 98 52 21 32 46 30 4 53 72 52 42 49 2 99 28 11 50 13 39 3 18 13 80 1 37 32 66 49 77 63 16 39 17 32 65 78 98 41 72 26 90 62 66 7 48 55 1 64 78 54 8 73 88 58 2 92 50 8 81 92 68 16 69 24 17 78 49 48 74 
37 53 27 59 71 80 81 78 43 61 92 18 56 29 41 88 99 65 10 57 86 11 89 0 42 26 55 3 70 44 10 93 32 25 92 35 20 84 92 31 21 32 39 31 68 0 23 79 78 51 17 16 90 69 44 48 86 62 55 75 21 41 32 24 42 39 55 93 18 84 38 81 88 8 72 68 48 32 36 41 73 23 50 97 40 5 93 20 66 62 3 90 40 68 35 55 36 6 16 30 76 29 21 70 98 18 0 18 19 44 65 57 14 12 62 69 14 71 28 7 84 74 31 38 94 58 73 87 98 97 73 9 53 40 60 40 20 27 28 21 41 18 53 7 79 8 53 97 58 65 
95 78 28 32 25 51 22 82 50 59 5 33 94 30 20 64 50 28 23 3 66 33 50 90 21 0 73 91 85 71 62 73 86 67 9 47 20 57 44 74 47 87 31 16 43 9 4 39 12 78 61 20 58 62 77 7 50 63 73 9 20 65 29 30 54 25 92 10 42 100 22 60 96 57 26 95 79 97 14 28 3 62 11 6 76 7 90 0 77 19 72 72 93 19 27 64 21 48 2 44 44 52 67 38 87 6 89 95 17 21 98 34 29 75 14 91 0 41 63 90 13 64 28 59 73 47 89 3 47 67 100 74 40 14 3 76 55 47 36 91 56 27 77 4 31 47 65 50 49 91 
20 73 13 59 27 12 81 95 95 93 7 40 18 31 62 13 88 73 74 86 20 76 33 30 51 63 85 53 39 5 47 40 67 45 26 95 98 72 41 34 85 50 36 68 82 56 34 44 32 57 23 10 35 34 42 55 100 94 67 31 45 50 73 34 44 14 68 0 92 37 2 69 80 82 31 64 46 89 45 39 89 20 11 13 97 8 0 37 5 27 86 37 50 18 50 15 97 10 0 91 74 12 84 67 29 89 47 57 28 47 90 25 48 54 42 66 71 76 9 83 41 13 92 50 55 34 88 82 61 60 21 10 9 57 19 34 77 37 82 49 17 74 42 36 22 83 35 48 40 53 
50 19 23 72 26 99 56 33 100 68 60 69 87 58 0 20 53 98 99 89 69 63 8 87 61 27 85 16 6 76 60 43 63 18 15 14 88 99 91 20 80 100 34 2 81 86 13 80 97 36 68 64 59 1 26 85 86 33 48 83 32 79 24 86 17 96 58 11 100 19 16 83 29 29 3 95 13 58 50 46 47 75 41 99 91 20 38 90 24 15 97 38 99 4 56 63 42 0 16 44 100 91 61 38 89 28 58 69 55 49 42 59 96 74 12 98 49 52 9 1 93 100 82 53 65 45 86 23 27 62 4 34 3 82 96 54 32 49 46 64 76 70 52 5 3 62 12 7 37 35 
64 34 25 92 79 14 45 76 91 80 5 33 19 11 98 28 41 48 86 43 91 2 93 23 35 76 79 16 5 66 52 48 18 42 31 4 16 21 50 79 47 8 88 36 85 51 47 80 58 92 52 29 43 46 98 79 85 17 11 91 42 82 90 83 11 60 85 74 11 48 40 41 25 59 85 99 15 57 33 3 44 91 52 47 56 82 69 61 2 7 69 0 36 2 25 72 42 80 89 95 20 84 97 78 94 75 63 58 22 44 59 98 75 61 86 59 57 30 59 85 40 82 34 61 78 13 21 8 95 59 32 98 45 100 8 97 6 57 24 89 50 51 30 87 82 44 87 52 43 9 
85 10 32 99 38 22 4 7 94 31 50 90 85 72 28 99 43 68 74 5 94 28 98 35 93 91 26 26 97 34 53 9 19 8 68 80 80 10 43 72 53 39 25 75 24 61 52 92 71 23 34 14 44 78 62 51 42 91 73 43 44 30 31 94 74 1 97 10 59 94 11 26 11 68 80 36 14 77 98 90 51 43 43 36 100 90 79 88 87 41 26 10 78 30 72 14 17 0 68 14 36 30 45 65 30 52 73 91 25 98 85 80 93 13 7 72 41 72 5 77 77 100 60 45 52 47 13 48 2 29 24 33 4 60 55 83 90 29 52 0 18 32 21 96 52 43 63 27 96 0 
46 15 60 87 64 59 10 40 48 37 70 100 26 35 59 64 77 93 72 95 39 93 20 50 47 61 23 27 82 75 26 4 98 53 23 22 84 28 64 53 58 35 71 0 80 3 23 34 2 55 81 55 66 16 17 46 96 58 27 40 86 63 99 25 78 3 36 19 31 18 49 63 49 64 61 24 0 58 98 76 91 65 58 91 16 66 61 43 4 72 62 88 93 28 10 36 30 63 3 89 95 33 38 46 16 24 64 43 53 20 51 69 36 37 100 18 80 68 53 5 53 57 74 54 94 73 54 30 10 56 96 25 96 50 76 7 36 76 49 38 30 21 72 8 79 34 63 24 47 46 
34 50 10 20 62 91 22 30 88 92 89 69 31 67 31 82 5 97 74 37 7 5 38 16 10 21 29 48 10 72 90 54 65 84 79 43 4 67 68 68 76 39 70 85 61 30 87 8 91 76 84 86 98 97 84 55 42 69 11 22 66 42 98 64 71 13 54 52 35 39 45 76 30 100 92 95 1 81 54 32 41 5 52 68 93 71 3 30 93 49 75 47 21 70 59 45 43 41 68 31 66 76 13 0 63 70 33 30 50 41 19 68 22 23 32 79 53 52 45 89 72 55 45 17 73 16 43 76 18 41 37 82 90 62 97 41 63 52 40 99 90 31 12 80 1 12 40 94 65 53 
10 8 2 61 11 75 32 62 78 91 72 89 76 28 97 44 52 40 16 44 82 94 78 3 94 90 76 62 62 6 0 25 45 64 39 43 37 49 39 51 2 80 62 72 70 61 1 63 18 89 37 22 34 58 93 92 94 75 81 61 3 59 43 67 69 50 54 13 75 89 83 99 99 96 44 40 9 21 60 82 53 29 46 20 31 15 16 56 64 26 38 6 75 75 55 27 22 55 19 8 74 4 73 86 22 86 29 45 88 13 91 75 65 98 59 70 12 46 3 6 70 0 73 35 14 50 65 65 65 32 25 14 0 61 98 89 50 36 23 100 27 36 26 60 0 100 21 25 5 2 
77 72 23 4 61 36 96 81 75 38 30 44 46 12 38 98 9 43 57 29 57 15 10 84 99 20 7 33 68 96 26 54 12 22 63 68 24 39 43 16 60 61 53 10 65 4 28 98 91 78 33 0 70 26 98 43 37 96 35 54 36 95 59 35 85 0 19 16 57 24 16 47 53 45 95 70 97 35 44 5 32 64 22 3 34 74 70 29 35 70 45 33 25 24 31 19 100 76 22 99 88 88 98 30 17 31 76 51 2 98 98 18 15 19 53 56 95 25 58 33 77 90 37 71 15 21 91 13 30 51 21 92 88 59 19 63 88 95 30 12 62 48 0 19 25 44 55 95 89 89 
64 48 37 59 12 99 82 20 51 29 99 64 41 2 79 65 26 56 6 38 44 23 59 57 100 65 27 47 17 92 68 29 84 15 62 67 52 86 68 40 31 89 47 47 91 90 1 97 5 94 48 92 89 64 100 79 37 56 45 85 99 64 41 100 16 58 70 49 19 78 40 52 65 30 59 67 54 36 0 90 71 51 80 23 88 47 39 28 87 76 47 61 9 17 36 73 69 54 43 8 16 79 30 1 88 25 42 35 100 61 31 79 84 61 19 58 24 5 35 26 3 45 28 35 72 95 75 34 87 27 63 70 21 0 14 60 56 79 58 100 13 27 98 53 98 84 80 11 29 82 
34 80 86 19 29 36 28 77 1 44 91 36 93 37 2 90 83 86 6 51 64 61 42 33 0 64 41 29 45 100 47 35 90 68 92 63 81 1 55 97 2 22 100 35 10 6 66 29 0 36 72 41 91 39 3 23 64 73 42 94 90 33 19 38 85 92 18 100 52 4 23 30 1 57 61 94 92 85 30 66 78 95 12 63 39 80 93 89 71 17 46 100 54 88 31 88 45 2 42 55 2 16 65 62 15 23 49 73 46 72 27 91 5 72 80 21 92 7 31 17 36 22 62 35 6 86 85 42 94 52 37 96 24 90 72 76 11 56 59 77 65 35 51 3 58 16 10 64 11 25 
96 25 18 28 79 91 8 67 15 40 80 93 76 93 70 76 29 23 77 64 88 90 15 20 66 100 12 93 1 94 64 61 50 97 10 81 33 32 87 84 17 39 77 56 86 69 9 78 75 59 83 93 39 66 43 7 53 13 33 70 18 63 59 74 28 85 10 91 60 86 42 16 78 90 80 40 49 92 29 17 94 59 83 12 86 81 75 50 59 55 7 32 81 94 2 84 85 44 30 40 7 48 28 88 90 6 53 83 17 75 2 5 87 64 36 36 42 74 32 81 90 3 51 0 76 58 16 19 79 94 0 7 24 20 70 54 12 34 70 26 96 10 1 76 18 58 38 46 66 34 
44 78 4 0 21 39 11 38 73 19 13 32 68 63 72 63 47 52 18 30 21 21 30 11 59 11 43 41 31 44 20 1 3 48 7 21 83 60 100 57 72 9 24 53 24 95 10 49 6 93 65 59 31 45 68 81 2 32 44 22 53 86 12 18 71 11 62 17 99 49 14 49 50 5 9 91 92 41 40 4 47 38 44 68 85 59 74 9 61 11 14 3 89 11 26 50 61 24 61 93 11 51 57 3 6 51 62 51 76 66 54 63 31 52 14 36 5 38 27 60 8 0 58 29 69 11 27 57 30 51 24 6 31 75 36 12 26 54 88 24 1 28 38 55 46 33 48 81 68 48 
65 37 43 91 94 20 85 94 32 1 6 2 44 39 64 28 3 70 28 72 83 1 14 94 3 98 68 78 32 36 8 4 99 51 87 24 11 62 8 43 63 29 5 53 26 9 51 100 75 50 95 87 22 41 70 34 62 85 12 32 22 99 27 32 86 66 76 48 83 90 20 4 83 81 14 19 42 19 78 91 74 86 77 87 35 6 35 50 88 0 4 66 10 26 14 97 58 34 46 3 78 72 0 2 18 17 10 95 27 98 52 75 22 19 4 14 68 20 38 11 37 15 11 16 25 38 85 85 87 58 35 93 40 82 97 73 55 36 39 0 7 80 78 59 98 87 74 100 40 63 
2 88 33 34 51 7 78 44 32 39 21 5 81 4 67 7 95 1 26 88 83 1 35 95 31 41 46 24 7 70 37 18 14 98 78 70 96 20 29 43 8 99 38 3 98 36 56 49 17 79 32 76 92 41 29 87 62 10 86 9 95 37 21 65 18 9 39 26 20 95 20 18 36 47 90 74 55 53 17 69 28 35 2 36 82 58 98 55 37 1 2 26 39 42 10 16 35 32 95 61 82 55 43 75 66 42 17 44 61 52 89 20 92 5 96 1 16 9 32 1 8 41 12 70 27 0 59 26 88 92 56 83 8 73 32 28 16 72 97 40 27 79 92 82 17 11 2 56 46 86 
56 54 72 46 7 96 27 2 38 95 51 87 1 20 34 68 52 75 68 46 62 14 38 50 13 2 71 7 6 45 81 30 41 13 78 36 17 95 48 96 11 84 33 37 100 0 28 66 94 75 68 72 95 33 74 29 76 55 96 87 5 62 34 83 11 98 31 44 80 60 42 73 74 89 93 62 10 8 89 43 45 23 21 82 13 27 97 89 22 95 50 65 71 14 1 42 16 36 39 33 64 73 99 19 94 53 69 82 21 54 75 15 86 73 19 93 34 7 48 10 74 7 34 97 16 43 23 2 55 31 95 83 13 47 64 52 26 40 43 96 43 36 53 60 12 34 5 57 20 27 
39 46 100 83 96 72 26 38 33 41 73 17 82 20 39 55 44 77 92 18 16 43 76 94 85 64 14 56 13 21 10 81 42 47 76 18 78 51 54 49 22 33 71 70 50 24 92 23 21 62 97 82 50 49 72 10 65 43 39 27 95 73 84 20 24 74 6 42 55 89 32 63 89 80 24 31 23 10 44 33 54 58 35 52 65 19 58 28 21 44 80 52 86 12 14 58 23 86 46 47 65 69 19 85 58 95 96 87 81 51 12 31 50 12 100 46 54 80 11 73 68 86 64 70 12 17 77 0 64 90 1 68 18 76 51 83 27 48 3 22 95 68 9 72 17 32 61 68 38 98 
25 7 62 75 89 84 87 74 63 19 52 2 79 71 14 84 4 79 91 33 16 94 22 42 67 76 87 57 27 77 36 30 57 61 4 66 75 88 97 33 54 44 56 2 56 16 30 53 30 6 73 45 24 89 57 38 81 93 34 33 44 56 89 56 70 86 85 95 83 94 35 26 94 47 31 40 57 87 78 91 17 6 18 20 61 96 74 82 54 23 27 27 32 27 25 60 41 94 17 21 41 27 52 51 55 70 85 69 95 60 56 98 45 24 56 95 1 44 83 49 14 32 83 28 41 9 70 57 62 47 13 72 85 65 79 27 13 59 18 19 82 95 22 65 26 51 58 76 25 3 
46 34 75 7 32 27 45 49 71 98 9 18 84 1 79 46 52 90 61 91 89 86 99 21 91 68 3 23 18 20 28 96 97 86 87 92 42 40 0 34 45 83 76 65 48 55 66 19 15 29 7 90 52 26 36 70 84 4 11 21 71 0 78 77 39 20 19 23 4 7 5 62 68 48 21 13 35 84 62 93 73 63 81 31 50 94 48 8 96 62 25 56 89 23 76 77 38 88 24 17 38 33 18 34 30 39 4 87 27 85 77 16 57 39 57 8 38 49 73 72 18 79 97 30 11 10 4 15 70 59 39 6 42 24 41 99 86 98 5 79 35 85 76 55 73 33 37 33 38 17 
44 84 96 18 98 65 9 37 28 53 75 37 95 98 14 79 9 16 50 46 23 85 66 93 85 57 6 45 53 18 24 65 6 44 60 56 100 95 47 21 96 48 47 94 67 72 49 95 18 87 85 92 2 95 34 26 36 37 23 9 36 38 6 97 36 90 13 34 95 39 12 88 57 94 83 52 42 61 70 44 93 45 26 40 19 10 84 64 84 74 58 86 64 1 38 23 67 15 27 12 30 73 66 18 82 8 23 33 66 23 72 27 83 40 26 88 51 84 59 28 66 10 70 91 51 16 53 92 70 12 7 41 80 37 55 95 37 90 42 62 5 61 9 10 88 63 94 54 13 78 
34 92 77 19 11 29 64 28 11 3 34 21 22 66 68 68 73 68 55 18 53 36 29 19 36 77 57 79 100 15 33 66 59 36 97 75 31 80 41 13 69 1 20 3 7 73 39 58 53 69 63 11 26 46 85 17 50 71 38 90 0 66 85 72 91 2 82 100 79 30 51 51 55 59 39 60 26 16 48 4 71 94 91 16 10 88 75 88 30 98 14 12 87 20 49 18 30 42 47 65 94 37 43 66 67 16 18 78 23 74 57 57 49 34 68 85 52 73 71 6 22 32 38 90 99 10 32 48 34 42 32 29 95 28 24 2 9 22 79 35 9 27 18 85 65 28 27 95 1 88 
98 82 9 12 92 35 25 31 82 85 62 52 97 82 20 0 99 96 37 40 1 64 10 54 56 38 58 19 81 86 80 6 48 55 88 58 52 78 10 29 78 33 90 90 92 3 60 53 2 78 75 63 95 96 92 14 17 61 36 80 79 20 66 94 20 48 56 70 74 61 10 37 36 39 84 17 32 37 20 84 39 25 33 33 90 37 90 59 76 93 28 20 91 74 54 56 31 31 30 95 43 13 14 42 57 32 95 40 27 77 54 25 74 21 53 8 69 88 37 1 81 22 28 44 27 56 85 68 67 37 14 35 34 38 53 15 92 36 23 24 90 26 73 90 47 30 53 27 51 7 
9 54 55 6 26 96 10 7 23 86 92 54 91 47 71 68 91 95 30 38 56 2 60 91 40 24 38 87 69 74 14 70 48 14 47 70 5 97 20 25 74 14 52 94 21 87 77 31 47 13 33 22 1 67 20 98 58 76 56 91 51 26 27 22 57 50 28 36 61 3 91 99 11 59 8 77 61 74 80 37 11 81 15 92 31 46 85 62 89 96 46 67 7 1 55 11 11 89 81 2 56 38 94 4 92 66 23 98 30 99 68 41 69 8 20 10 56 83 87 59 87 41 74 30 33 83 77 80 35 87 82 98 90 27 31 34 24 96 20 57 56 61 30 12 64 35 79 37 87 86 
16 76 18 17 81 91 67 30 32 41 73 80 32 57 5 41 88 98 32 69 67 71 60 14 57 0 76 46 14 60 31 27 79 18 52 0 51 24 95 73 96 25 90 37 46 24 27 80 69 85 25 93 98 61 35 28 5 85 16 25 9 49 80 38 36 43 8 42 49 2 99 85 58 50 90 49 50 43 96 99 99 84 91 43 45 60 27 33 97 95 78 77 31 100 80 69 42 56 91 65 76 34 50 82 28 82 84 43 70 79 84 51 65 22 76 22 55 15 43 15 72 84 40 49 82 66 77 22 66 13 9 97 46 77 40 21 26 74 77 35 68 66 1 59 11 85 74 41 55 58 
60 80 76 86 9 3 86 34 82 39 70 39 56 1 92 45 9 45 54 23 40 78 88 7 56 47 17 15 55 89 36 85 87 79 100 11 54 93 53 98 62 52 13 86 47 15 98 24 25 58 16 21 44 87 3 7 70 40 18 57 43 69 52 45 100 12 68 14 96 24 28 29 37 71 2 48 95 67 46 30 33 73 59 46 4 8 11 82 46 23 29 55 95 10 62 55 34 55 54 81 6 78 64 68 87 7 19 20 61 29 19 34 37 79 7 56 45 5 69 12 21 6 9 60 99 83 24 93 39 95 92 26 10 46 13 82 76 92 43 78 56 22 98 49 30 28 28 94 58 11 
96 49 68 49 61 99 48 84 31 8 52 30 48 26 84 76 96 96 85 29 81 65 26 14 33 58 44 36 13 20 95 27 82 32 50 47 91 80 20 26 2 16 30 66 47 54 78 58 73 4 69 93 88 13 85 26 13 38 58 39 67 20 53 16 6 23 72 39 86 16 45 35 57 99 90 25 84 80 81 35 7 26 25 48 26 57 36 34 55 9 39 61 82 51 13 4 70 2 0 26 3 16 12 92 70 64 17 35 70 51 0 56 45 12 62 55 100 53 33 6 36 13 0 28 62 14 8 45 15 72 66 51 52 83 98 82 83 20 7 29 22 88 80 75 33 72 55 37 99 54 
85 72 9 6 49 62 46 82 88 31 62 77 14 88 18 4 60 7 52 46 77 78 35 24 49 32 39 68 2 89 81 3 58 86 51 46 96 63 58 20 76 71 29 59 57 34 14 64 52 19 95 60 58 27 23 41 22 39 25 83 36 51 48 79 30 27 4 26 68 69 57 20 91 91 78 14 24 7 44 47 39 100 77 90 67 26 95 56 0 91 70 33 9 8 29 65 23 22 47 53 26 72 25 55 37 58 46 9 91 36 69 25 25 93 89 57 19 19 99 10 82 12 29 16 19 75 31 61 98 53 46 10 94 92 27 90 14 94 97 37 43 61 14 49 7 36 65 94 65 42 
72 92 12 90 5 65 63 34 93 85 51 32 92 33 4 40 3 73 8 43 66 71 73 5 40 76 69 30 7 44 97 36 51 67 40 53 61 68 85 38 77 55 8 95 98 74 11 59 36 19 30 71 89 81 92 70 84 8 25 18 73 84 61 23 16 39 77 16 52 16 74 12 16 97 99 64 51 11 53 85 71 88 5 46 2 0 16 35 38 41 9 86 81 27 93 12 96 20 41 47 81 78 62 43 1 44 18 96 38 88 69 28 91 33 40 69 89 80 0 99 58 9 28 11 38 38 0 39 47 62 32 11 35 53 96 39 67 20 2 77 13 99 84 60 0 90 32 55 48 36 
0 20 65 9 92 7 75 73 49 3 38 45 40 1 76 60 75 4 24 33 72 54 87 19 37 88 54 10 60 86 97 34 96 83 74 29 79 37 27 73 93 79 88 8 72 2 11 52 23 72 29 40 14 19 45 96 73 27 69 29 63 58 34 48 7 77 35 43 13 33 50 7 86 69 72 11 79 25 77 91 8 45 78 31 21 48 74 17 63 14 27 31 37 66 88 87 6 24 81 71 24 72 27 71 64 92 8 70 100 50 2 56 74 30 45 12 14 53 38 9 76 81 77 51 41 36 13 78 6 83 68 84 67 31 57 70 80 70 36 74 100 39 95 42 59 8 90 17 49 74 
40 59 95 38 50 15 43 36 61 64 96 83 79 16 89 22 6 9 9 13 99 74 1 88 72 72 12 90 92 0 20 59 53 92 11 70 62 34 10 52 93 100 99 24 44 41 39 70 51 5 32 79 21 78 91 18 84 100 31 10 95 10 53 60 32 23 12 16 40 64 90 7 73 36 77 94 13 66 52 1 2 40 32 21 9 20 74 40 23 38 0 34 76 82 40 23 8 13 85 22 53 89 4 86 90 74 39 96 73 82 32 44 32 2 57 42 93 54 37 71 72 11 8 59 58 38 99 34 55 29 51 95 42 25 98 64 33 23 69 30 94 85 75 31 40 93 24 79 9 49 
54 58 66 14 6 16 74 56 7 98 10 29 33 51 18 77 53 91 63 94 49 32 15 43 91 11 46 64 33 96 100 99 8 47 72 73 73 31 96 42 39 91 79 12 98 94 7 87 25 66 93 54 42 90 71 89 89 66 28 89 27 77 33 58 0 64 67 57 8 46 82 26 34 78 43 13 37 83 61 60 42 5 87 70 28 94 99 47 91 90 62 74 57 20 35 34 30 49 22 42 100 88 50 80 46 57 18 29 26 40 22 23 10 56 3 51 10 55 42 79 39 80 70 68 96 41 68 89 100 69 30 94 77 9 47 89 92 32 7 41 22 40 16 32 16 80 64 1 88 6 
43 58 16 93 77 65 30 64 71 11 6 10 89 64 100 43 48 78 70 50 37 12 80 39 51 80 97 48 20 6 39 8 11 77 6 46 19 76 23 20 22 96 60 54 94 82 69 71 84 79 53 9 15 11 8 54 27 61 41 66 18 77 99 57 21 51 37 2 45 77 38 7 1 97 9 97 41 84 76 40 58 76 43 6 42 45 89 11 9 14 43 6 79 59 20 91 8 97 82 77 31 71 53 32 22 30 74 93 95 55 42 66 98 14 3 70 80 23 64 27 29 3 92 42 55 69 90 25 61 12 20 38 7 19 3 100 73 33 76 50 70 71 39 17 3 43 52 13 82 41 
65 35 27 9 54 58 42 7 66 11 47 14 18 99 59 51 91 4 92 88 18 99 46 10 32 56 24 21 46 13 62 13 69 80 100 79 24 84 43 44 7 82 9 9 18 2 95 81 23 31 0 60 88 63 13 97 50 41 38 13 77 68 7 72 44 12 66 71 100 78 73 95 40 17 94 10 11 51 0 23 8 96 4 71 39 78 17 46 72 50 76 32 89 73 18 46 79 67 41 60 79 40 4 47 36 92 86 81 25 13 25 40 97 69 52 97 22 63 65 31 2 100 85 39 11 11 3 61 98 41 15 70 64 19 80 49 39 21 17 11 19 37 82 68 73 44 53 74 48 15 
26 56 45 60 27 21 34 99 18 76 50 70 52 14 66 27 39 22 17 47 49 16 90 76 14 77 15 34 96 1 90 28 87 57 46 31 54 76 6 52 99 26 28 68 44 5 38 1 65 68 94 47 18 16 49 64 27 17 33 68 79 69 65 7 90 45 65 66 79 43 71 90 99 45 74 67 96 38 12 26 67 47 66 15 96 11 70 62 27 84 68 77 51 49 77 82 81 3 79 35 66 1 7 21 75 16 77 61 3 82 69 40 48 62 23 31 84 27 11 10 37 35 36 17 35 86 39 2 73 34 69 72 60 28 18 89 69 65 91 2 54 72 44 8 92 4 71 78 88 8 
23 55 62 51 46 100 6 0 86 15 49 14 57 39 2 42 74 51 19 78 0 36 43 54 58 90 96 39 26 53 100 66 36 64 29 72 34 55 59 28 49 58 21 1 88 21 65 33 73 51 37 88 70 54 46 84 7 64 60 83 30 5 80 37 16 97 37 100 44 40 96 20 54 57 51 40 84 60 94 72 65 69 77 81 48 71 69 55 57 29 32 96 98 75 70 43 21 34 100 50 72 10 80 15 28 56 26 5 98 61 44 46 81 94 33 59 25 11 29 32 22 5 67 28 63 60 39 28 47 38 41 58 46 23 88 46 53 37 92 1 45 95 4 56 94 42 95 40 8 59 
14 72 52 50 27 66 83 49 76 98 15 35 11 61 43 51 42 22 64 39 45 54 58 48 41 31 99 8 36 18 49 14 12 0 70 54 56 9 82 40 99 90 1 77 41 44 16 60 30 68 47 53 25 46 97 98 69 96 13 15 1 97 91 39 36 5 17 5 40 79 48 55 52 87 46 81 25 53 94 32 86 33 31 20 64 69 67 99 19 65 60 10 88 93 88 48 6 56 7 96 22 57 88 4 67 31 77 7 53 41 36 90 3 37 86 1 13 52 6 57 81 71 72 41 19 34 86 28 26 28 63 72 0 28 7 42 72 5 14 16 97 53 54 100 23 3 35 36 40 81 
49 94 64 25 14 52 18 95 56 61 0 76 20 75 6 22 69 77 91 1 70 17 3 95 28 12 19 20 46 26 37 7 53 17 75 11 75 69 68 61 48 69 32 5 47 75 1 81 87 78 36 46 54 78 79 15 52 84 29 76 80 64 23 92 57 93 52 37 21 34 21 36 38 7 81 4 75 46 37 89 96 69 1 19 71 73 50 76 94 16 87 24 81 25 28 10 77 66 93 2 1 12 52 5 5 83 55 31 78 15 76 5 99 73 100 3 21 40 70 24 79 79 9 5 68 95 35 29 92 95 81 89 43 5 0 4 70 8 94 54 59 40 68 13 15 35 22 97 83 76 
2 34 94 54 15 45 70 42 23 82 85 61 11 76 69 84 93 0 87 74 89 16 33 11 45 2 90 91 77 42 85 9 61 93 28 6 99 46 77 11 29 9 32 93 50 64 72 22 20 47 85 55 12 99 23 71 57 13 34 70 96 86 38 13 33 92 72 71 32 40 34 35 80 75 15 48 57 60 36 75 98 81 22 99 83 54 90 76 80 6 32 32 11 59 34 55 15 44 51 75 35 17 41 21 12 15 50 47 60 87 77 24 51 91 11 28 83 21 82 100 85 39 3 33 56 100 48 66 5 61 32 63 8 33 35 3 85 51 84 61 76 82 29 64 55 42 35 81 67 48 
1 53 22 45 75 63 64 73 6 52 62 26 50 80 5 100 47 15 27 82 33 91 32 45 61 67 84 66 29 61 72 5 76 63 91 72 2 33 89 87 73 62 42 37 35 9 17 79 4 3 23 10 98 23 0 23 44 73 23 80 96 11 35 96 23 45 48 84 75 84 93 27 83 29 16 96 90 80 99 70 41 41 78 50 42 75 14 15 24 25 91 37 50 60 83 61 54 67 41 0 30 4 86 23 78 51 8 57 79 44 98 29 54 80 75 23 99 34 40 46 54 6 54 69 38 44 3 43 99 41 65 76 36 80 56 19 17 33 23 11 90 83 98 39 38 11 33 15 13 51 
11 12 82 86 45 79 12 26 24 79 15 61 11 71 5 98 32 87 61 54 71 53 42 34 13 32 16 33 98 78 2 73 9 22 32 96 98 66 87 69 65 37 87 92 22 14 49 46 76 91 4 79 83 2 3 11 40 50 93 65 81 68 0 66 28 78 50 18 88 40 54 5 29 7 5 45 11 16 46 88 8 46 51 75 0 9 49 98 79 79 86 16 32 96 18 58 48 42 88 5 65 62 48 68 18 97 71 42 6 40 96 93 36 83 20 4 48 22 21 36 98 21 4 11 10 85 10 45 86 40 72 76 27 65 38 98 70 52 13 5 68 81 53 59 48 68 31 70 78 52 
33 94 35 31 81 1 22 10 68 53 18 10 30 9 34 79 64 34 26 23 57 48 74 19 21 51 7 97 18 23 81 82 90 49 67 79 4 43 83 16 68 19 85 83 53 89 56 57 51 81 51 20 98 52 20 56 44 85 59 93 64 21 100 94 3 21 65 12 21 27 92 87 90 78 70 77 81 44 22 79 48 79 39 91 17 30 1 92 36 18 25 100 62 32 51 2 23 68 20 63 64 15 78 71 82 63 29 0 50 55 81 7 0 44 74 44 88 48 59 46 50 95 89 92 99 62 43 5 1 66 55 78 52 2 61 28 41 82 61 38 6 100 56 4 57 71 86 52 42 78 
80 49 38 72 87 0 68 31 44 74 25 11 43 30 24 82 45 53 84 30 4 36 89 92 96 84 84 79 37 34 98 7 81 10 59 66 42 76 80 80 3 38 6 98 15 46 86 45 25 65 53 8 0 72 93 77 13 16 36 83 30 89 48 94 45 82 1 51 96 47 76 27 75 14 85 96 44 32 30 97 7 24 96 33 58 8 38 69 92 96 87 56 22 38 39 21 64 77 92 24 41 76 34 17 61 21 20 34 1 81 70 28 36 52 27 74 94 83 89 12 91 74 63 12 0 28 68 12 55 96 77 19 17 69 46 66 19 46 41 60 94 65 97 51 85 39 80 24 86 27 
9 44 96 48 19 15 35 37 31 54 86 62 83 13 21 91 32 26 49 9 21 22 2 22 18 67 38 40 39 63 29 66 79 57 35 91 56 37 73 53 35 76 15 80 46 100 50 8 14 6 39 30 19 84 19 17 65 96 22 73 38 17 4 73 0 74 41 80 100 21 20 60 92 0 14 13 75 92 62 89 21 52 55 4 59 38 13 29 83 81 80 72 7 60 50 82 87 32 4 64 63 0 56 42 4 31 56 81 4 65 41 14 58 94 14 78 49 84 25 34 3 31 8 77 88 69 63 75 68 0 85 81 0 97 66 15 21 91 7 34 18 55 89 32 72 32 82 29 78 22 
65 10 42 84 93 13 51 93 83 40 63 47 13 57 64 22 45 10 37 90 49 74 58 71 24 22 77 74 32 100 34 34 92 79 43 0 44 68 76 69 68 75 82 62 23 68 25 49 21 99 83 5 100 61 62 89 53 75 92 96 26 61 7 65 82 11 1 7 88 46 98 99 43 92 40 26 76 85 57 87 23 19 22 89 100 63 23 96 95 34 59 91 67 94 19 61 16 13 52 24 97 36 30 29 83 78 60 26 32 65 19 45 16 36 14 34 100 59 83 53 49 21 69 37 64 9 64 10 85 30 94 19 50 40 70 29 41 81 57 43 89 0 39 18 85 71 16 97 37 39 
76 54 7 74 4 32 8 81 67 7 81 81 92 93 52 89 97 11 41 67 86 48 9 10 57 64 58 57 30 30 13 32 38 44 44 11 11 36 64 2 87 15 87 30 30 42 82 31 37 82 11 72 10 88 99 30 95 34 58 45 79 69 74 68 30 44 55 5 42 51 54 14 70 100 10 43 48 99 91 30 1 17 26 100 63 62 65 67 85 25 15 67 10 23 82 42 69 98 63 34 22 12 33 88 19 67 10 96 51 26 87 25 34 58 69 40 5 22 19 15 15 12 97 50 93 38 73 60 37 20 65 68 99 63 78 40 38 77 17 8 99 82 54 22 72 62 95 14 67 83 
40 56 33 59 80 27 32 48 28 69 62 36 29 43 98 33 94 63 72 2 52 16 22 65 67 78 91 54 73 3 60 100 16 83 96 23 24 100 67 12 93 15 27 37 47 22 95 26 62 8 64 76 66 18 69 15 97 41 49 13 97 28 64 28 26 10 64 26 39 47 70 62 68 50 28 75 16 84 18 58 55 38 57 83 55 21 8 25 90 51 52 69 69 17 84 0 91 14 44 59 78 90 96 33 62 92 32 93 25 29 80 51 53 6 94 57 48 92 79 94 7 72 52 5 6 58 64 87 2 14 18 100 37 35 74 28 41 6 8 57 21 44 72 17 81 86 19 43 20 28 
29 17 6 18 28 38 17 60 63 56 50 65 99 94 39 24 2 58 98 11 11 47 15 97 93 93 13 22 11 58 24 94 15 27 31 86 16 55 73 28 41 68 86 13 80 44 63 79 27 26 40 100 87 60 12 50 64 8 16 90 74 28 90 65 89 68 72 89 78 55 46 88 80 15 12 65 99 62 82 95 65 72 37 89 62 56 46 66 34 39 22 0 67 40 68 92 52 65 63 76 67 47 16 25 92 51 81 13 76 90 25 20 3 12 98 65 66 87 34 32 57 96 65 39 52 14 14 49 30 87 92 8 29 15 37 79 61 37 83 70 52 26 93 74 17 25 47 48 81 15 
47 67 18 3 91 93 88 23 66 8 79 44 70 10 16 0 77 16 85 88 33 83 67 55 52 68 12 32 62 39 45 42 19 97 3 25 90 22 42 68 44 35 2 13 93 77 90 95 61 88 22 62 86 1 66 47 39 24 97 92 98 48 1 48 59 75 58 48 57 30 36 24 20 55 62 53 62 36 12 38 60 22 67 99 32 67 28 31 13 73 94 84 48 10 97 45 91 80 57 16 2 41 58 93 94 28 41 88 85 94 91 24 96 72 14 85 29 43 96 20 23 98 20 25 13 42 56 5 72 40 5 71 85 12 31 28 62 34 77 37 11 52 77 32 59 46 69 80 2 36 
20 64 45 53 41 92 17 7 79 9 27 49 75 25 67 88 19 25 52 67 0 1 33 91 59 50 59 51 91 92 87 78 100 99 93 0 42 87 8 34 49 10 62 13 10 65 43 7 70 58 64 12 18 100 59 74 49 96 54 27 46 65 5 67 70 12 6 16 84 60 4 61 92 51 100 31 64 98 14 47 81 63 29 86 18 8 40 52 70 94 4 87 68 26 73 5 58 19 92 58 23 65 84 9 32 4 84 13 88 96 68 10 49 52 53 25 59 60 2 91 4 33 53 70 24 35 68 25 35 52 45 56 93 19 44 4 97 31 52 60 82 36 76 41 89 66 41 8 15 2 
30 43 64 55 50 84 21 71 56 53 28 83 53 5 49 3 56 8 32 34 50 53 66 71 23 30 42 83 3 21 17 3 38 74 15 9 28 42 13 34 85 36 60 46 4 23 17 39 11 35 55 55 15 59 80 75 14 37 76 58 81 74 74 11 71 92 80 81 65 43 21 89 81 66 0 70 43 32 84 26 43 66 59 30 57 13 3 99 67 94 34 1 79 56 72 7 11 81 25 87 74 8 73 53 16 60 29 91 62 27 38 26 93 26 40 74 34 32 6 56 81 4 7 0 29 34 44 19 46 35 65 38 68 94 41 40 7 21 97 21 20 45 64 90 68 85 1 60 56 92 
59 84 8 32 51 37 48 74 77 32 85 43 82 37 45 52 96 83 75 40 37 38 55 54 1 44 73 100 72 10 39 74 64 4 54 82 32 2 61 60 11 7 19 26 81 9 43 21 21 44 5 24 61 68 93 63 32 56 70 37 48 2 67 9 24 74 60 28 20 64 28 54 0 19 1 10 17 25 30 29 54 13 87 18 4 64 19 16 25 8 6 78 39 46 85 65 77 24 68 78 72 100 75 47 34 79 25 34 32 33 29 32 94 57 80 3 22 23 33 40 83 88 87 50 89 17 54 27 2 84 71 5 33 14 8 86 78 73 5 43 14 72 65 61 97 75 46 50 23 30 
65 50 30 88 17 94 63 74 75 96 78 2 95 6 75 74 48 16 82 1 54 48 94 71 28 9 20 19 67 47 98 19 43 14 98 13 95 47 18 36 52 8 19 60 70 55 81 66 38 7 28 97 26 73 18 59 25 74 5 44 82 95 93 18 81 72 90 15 84 17 64 54 21 95 1 76 29 92 42 78 100 28 82 98 96 88 64 66 62 9 58 32 65 95 84 44 53 24 96 70 45 48 62 53 61 12 75 2 97 13 24 36 74 35 94 79 55 87 3 20 32 51 34 86 83 7 6 79 78 76 3 50 69 77 10 23 21 95 61 2 22 34 94 50 36 100 92 59 4 42 
43 66 5 88 42 19 44 47 3 46 42 76 61 14 65 46 49 61 20 8 47 50 71 14 14 37 50 29 73 25 70 38 81 61 22 57 33 29 91 29 65 31 64 63 20 72 25 62 18 51 12 26 69 24 27 15 94 70 79 18 4 95 54 49 26 10 14 67 53 58 66 26 34 0 99 99 12 25 98 4 65 29 5 37 16 3 32 34 61 38 86 80 9 21 70 43 29 13 20 6 9 47 58 82 89 89 83 81 20 14 31 7 39 50 66 4 51 6 20 97 51 66 57 12 23 29 40 28 9 49 21 84 22 62 87 90 55 10 13 75 28 43 63 17 20 64 62 69 71 33 
15 64 55 69 28 74 21 57 31 72 58 73 72 5 46 43 17 71 89 94 65 91 24 86 31 66 10 34 40 18 28 75 13 16 66 89 34 0 68 94 48 24 62 51 33 59 34 84 86 44 49 24 39 17 0 29 10 45 23 27 64 77 80 84 4 92 15 3 81 59 63 17 8 6 80 54 86 8 24 58 74 87 81 37 13 94 34 89 6 19 32 48 74 4 40 95 52 2 7 44 98 11 74 27 16 48 45 41 28 8 96 47 28 23 42 5 50 44 79 57 63 11 91 17 39 42 35 10 37 34 33 83 58 54 34 75 58 6 49 99 30 100 0 58 35 45 42 75 38 77 
39 48 20 11 86 75 9 32 9 2 86 72 93 98 20 80 4 22 65 90 0 70 3 37 2 74 84 54 18 97 43 39 8 81 49 28 88 42 82 94 21 4 37 63 78 89 52 26 61 8 12 25 73 47 51 80 82 39 90 90 16 100 7 81 51 40 4 54 99 32 27 48 13 42 7 100 57 98 32 84 68 77 85 28 38 11 3 60 82 34 19 99 58 64 74 8 4 80 99 70 75 24 62 20 59 25 67 38 59 1 80 5 30 1 7 79 16 9 53 99 77 14 44 27 29 44 55 64 28 60 51 57 84 83 15 50 71 59 88 7 27 7 96 3 70 82 26 89 95 100 
24 66 83 100 29 4 52 77 66 20 33 77 5 5 98 22 76 42 50 63 74 53 53 0 83 35 16 87 17 21 78 26 76 42 100 25 54 12 75 85 0 90 8 59 47 95 80 56 41 85 50 16 28 89 98 98 81 95 31 77 100 99 55 13 55 60 1 70 37 43 9 78 63 61 31 95 49 95 50 66 50 83 80 22 63 85 78 34 91 56 2 78 22 4 40 17 64 99 100 75 10 58 24 8 43 69 54 85 55 95 20 100 15 8 20 33 99 98 62 25 79 78 97 73 79 42 92 26 8 12 68 26 22 95 45 28 64 12 27 71 75 78 90 43 95 72 15 42 20 56 
87 67 52 3 12 86 12 28 36 19 76 0 75 82 48 19 40 39 50 42 89 24 20 15 69 28 16 6 86 95 70 83 60 76 90 5 73 91 2 37 55 91 91 52 32 4 97 83 97 74 66 48 11 58 75 43 34 42 97 14 24 70 97 51 27 75 62 82 98 12 100 4 57 35 66 68 19 86 12 4 56 74 63 43 60 46 16 7 48 1 83 54 93 83 4 76 39 2 89 18 46 90 11 96 64 84 45 60 79 46 79 48 0 47 36 80 94 77 10 12 11 79 10 18 95 36 100 32 63 13 61 7 11 87 74 98 69 38 1 25 43 52 37 56 74 92 26 0 32 88 
97 91 47 22 74 29 1 48 69 69 67 11 23 6 51 40 54 72 33 58 94 15 89 59 44 66 25 76 82 95 54 57 3 32 13 85 80 4 87 25 72 38 65 96 28 39 1 39 21 41 54 53 17 37 3 22 76 66 98 35 0 66 39 19 12 78 40 39 94 26 15 16 20 19 17 88 8 25 95 84 25 84 38 57 11 72 43 12 2 94 9 33 96 20 68 10 49 98 47 55 9 70 58 92 70 42 56 71 7 31 100 85 6 4 63 99 44 37 47 93 70 66 89 89 1 1 100 32 93 87 98 71 26 26 61 72 93 54 75 53 100 93 83 5 21 13 99 71 29 2 
17 34 90 10 75 80 91 40 46 0 67 93 31 6 46 73 32 31 70 90 44 1 27 59 19 82 24 89 76 42 37 99 53 25 71 50 22 67 4 82 78 15 20 17 3 89 43 87 95 8 92 16 40 41 39 51 12 70 65 69 43 48 37 51 27 75 20 68 12 76 32 69 46 8 62 64 4 17 46 99 68 45 55 30 26 67 96 31 40 49 32 9 0 93 64 51 20 61 96 13 34 20 74 4 91 86 17 81 100 83 86 0 100 20 50 84 54 87 62 12 36 94 46 83 18 20 14 18 0 68 98 69 26 24 41 61 33 11 25 26 38 7 67 90 68 18 97 69 92 81 
26 3 54 95 100 41 26 89 60 21 93 51 78 87 59 11 53 37 88 40 28 80 22 58 61 29 54 24 93 99 27 22 28 29 20 3 55 30 23 46 80 60 92 94 95 8 83 61 73 63 19 24 23 55 50 97 50 62 25 5 33 83 77 40 21 61 0 48 84 93 79 84 32 91 25 24 60 27 84 47 52 20 19 20 78 29 62 77 7 32 74 36 46 52 47 2 29 33 80 83 26 99 4 21 7 49 11 25 7 88 93 3 85 0 13 16 53 47 81 100 3 17 57 35 72 17 33 40 66 1 17 73 8 97 8 27 80 5 59 22 3 16 87 73 15 73 77 82 37 40 
7 22 7 7 69 10 0 19 62 14 31 7 30 31 18 79 35 57 11 88 8 43 36 25 8 84 92 38 43 55 31 32 23 58 16 8 89 18 12 87 19 29 26 73 67 51 98 6 85 16 72 66 9 13 0 19 58 14 29 94 66 91 15 69 70 25 6 85 6 58 70 25 82 35 84 7 58 33 86 45 1 92 61 63 38 29 68 22 69 97 44 16 16 92 83 20 12 50 30 32 84 90 71 30 35 46 21 95 76 17 63 25 58 84 24 80 36 2 73 52 16 15 86 95 77 45 65 5 10 36 31 24 92 73 16 51 7 1 76 30 58 95 35 8 89 90 28 90 77 51 
10 92 23 63 13 70 23 26 28 81 47 72 99 53 36 80 79 41 91 28 29 19 60 53 22 82 33 84 56 63 73 2 58 35 28 7 17 33 98 6 49 89 25 92 25 70 44 37 83 21 90 64 71 73 97 40 70 80 81 19 20 67 98 7 84 12 15 62 26 17 56 99 36 85 6 31 58 6 81 75 38 32 20 49 82 72 55 75 16 97 68 55 21 77 1 27 80 6 34 47 68 32 77 40 17 53 47 27 81 63 24 10 42 44 5 27 90 28 42 32 73 44 38 87 87 26 64 42 29 78 37 35 10 8 25 90 38 25 22 18 39 3 40 82 69 25 94 100 28 95 
57 75 78 55 68 95 58 65 12 92 69 34 61 75 81 74 72 98 96 41 0 45 82 23 64 87 3 7 11 4 56 91 70 64 24 28 100 97 13 65 19 42 96 75 17 51 10 1 54 36 69 28 66 51 40 52 41 89 32 26 55 43 33 55 57 63 83 26 44 57 87 77 9 38 94 10 56 62 62 67 98 74 36 25 82 54 99 48 38 44 82 95 63 82 18 91 10 69 25 83 87 85 43 30 76 93 58 5 89 62 1 28 55 10 76 34 99 18 47 11 87 8 43 89 72 11 1 87 31 61 93 68 50 5 69 77 72 96 73 83 99 15 37 74 54 22 65 28 49 8 
1 21 27 55 78 98 95 75 7 13 20 95 35 65 40 14 80 4 93 85 72 99 35 41 79 18 84 63 4 50 40 48 94 14 54 82 52 92 90 53 70 43 67 99 60 33 20 40 48 31 68 2 24 64 47 19 59 93 34 60 56 87 21 47 3 22 0 48 67 73 83 61 95 75 77 63 96 18 62 2 80 2 62 38 57 86 17 57 53 60 59 42 81 29 64 98 44 9 28 72 0 73 81 27 26 91 100 61 16 60 91 32 28 39 37 16 75 25 100 50 87 49 34 64 70 66 65 6 93 24 97 6 24 32 65 50 28 63 45 67 33 63 52 34 69 39 5 91 44 63 
90 83 21 42 90 17 58 3 82 72 60 11 10 70 31 79 50 3 42 58 41 56 78 45 52 64 34 4 30 73 38 47 31 17 64 81 100 90 55 11 94 44 18 46 56 85 60 41 5 68 59 11 80 94 26 48 45 17 11 25 63 92 24 86 42 95 54 48 10 95 5 86 57 30 38 66 82 53 36 25 75 23 7 37 11 75 96 14 25 61 2 33 41 67 28 71 48 37 54 2 46 69 2 28 5 22 65 80 4 66 71 38 29 77 2 2 17 15 86 80 30 94 6 92 0 88 66 17 46 15 4 72 8 3 36 67 97 53 35 1 12 17 63 45 30 25 5 86 51 10 
44 28 11 38 42 80 72 75 46 3 59 80 7 4 74 49 51 90 40 40 82 93 28 86 64 74 45 80 21 51 75 65 94 29 43 0 97 52 13 73 28 69 80 49 36 1 13 79 62 36 77 29 73 86 8 3 13 0 32 34 4 22 75 90 90 37 71 13 52 0 70 30 11 43 6 49 84 16 17 97 28 69 58 26 88 63 55 100 89 62 7 75 9 24 77 26 1 2 38 14 51 53 94 40 45 6 97 94 96 56 16 76 57 88 46 51 100 71 16 23 49 94 13 43 81 91 27 74 9 82 26 5 4 47 2 10 44 87 94 36 18 76 43 66 3 86 80 18 70 26 
77 38 84 20 57 59 39 62 54 16 68 49 25 56 56 32 82 35 65 35 6 65 68 40 64 54 100 38 75 92 78 100 98 80 57 37 3 5 71 66 96 84 34 76 4 94 92 65 1 74 28 34 85 22 71 52 39 9 57 14 2 32 58 22 78 70 8 67 14 9 84 2 79 47 33 87 43 31 43 73 83 25 3 14 18 41 45 92 86 62 27 34 15 60 27 80 77 75 85 70 65 100 26 86 62 43 36 25 52 22 85 29 6 23 71 54 36 59 69 30 67 64 45 18 94 4 76 23 18 87 27 90 51 84 9 9 62 27 78 15 9 6 32 59 33 29 18 58 18 71 
56 75 9 57 20 25 41 41 21 61 98 30 17 15 10 61 25 86 77 97 77 50 63 45 2 76 18 28 3 57 97 34 80 73 14 70 6 76 88 90 61 36 57 47 66 50 30 51 80 26 77 57 58 90 63 64 79 29 28 18 95 76 69 63 35 84 95 70 0 45 2 71 0 77 90 15 85 70 66 89 25 62 31 98 20 63 38 52 61 87 76 24 34 88 80 66 44 88 32 76 74 91 48 62 76 30 73 52 79 41 16 28 64 38 34 82 62 93 98 44 75 25 37 91 31 24 87 99 3 71 52 21 17 97 84 79 44 70 30 95 62 86 85 23 36 20 25 11 40 6 
34 79 17 54 17 85 90 35 78 47 70 78 3 7 39 74 48 88 6 84 47 69 33 76 38 82 71 20 86 1 100 67 20 33 98 67 31 42 67 41 92 45 86 58 38 94 19 53 41 74 39 51 99 34 56 46 42 53 3 13 46 42 49 41 44 39 20 82 14 89 79 53 75 33 18 93 57 18 47 11 83 86 46 65 18 17 44 49 66 46 27 39 53 78 51 21 42 93 26 4 74 52 76 35 41 19 10 41 87 76 39 98 56 28 92 99 57 46 7 78 64 43 37 65 6 14 9 69 87 56 59 43 7 12 2 25 81 77 43 6 97 50 47 49 61 58 85 6 60 45 
50 39 6 46 92 91 32 83 76 95 38 11 89 55 88 13 59 32 88 88 82 70 43 46 27 11 69 51 95 25 16 12 87 99 73 69 80 26 2 86 18 97 39 61 78 45 65 8 1 76 10 7 57 60 56 7 98 21 59 84 67 37 84 63 80 18 7 85 62 43 84 28 18 5 98 23 31 59 8 70 5 19 94 24 98 5 90 0 5 83 32 13 57 73 66 26 48 55 48 35 74 73 56 23 40 55 67 95 53 13 70 91 65 54 56 71 11 13 16 1 4 39 52 92 77 95 20 33 86 29 82 94 92 18 32 10 22 37 17 87 63 36 90 81 81 21 45 15 1 56 
23 61 99 32 66 83 44 56 38 59 71 79 28 12 39 98 74 68 43 76 11 1 5 20 3 85 94 37 20 30 85 99 13 54 28 16 7 77 1 92 45 18 74 90 74 10 61 1 30 14 9 80 46 70 45 16 9 16 73 85 31 27 93 27 65 94 55 23 84 3 92 16 79 1 61 37 14 57 58 29 52 24 58 82 62 5 60 58 58 9 26 75 79 49 92 55 34 32 37 37 98 4 72 95 44 96 4 41 51 36 3 41 86 32 51 46 20 40 30 94 62 86 74 34 84 0 14 53 24 90 92 16 14 12 44 79 8 16 19 4 67 42 8 88 2 76 91 38 16 30 
3 73 100 48 67 16 53 15 94 77 41 94 93 51 54 22 98 3 79 58 42 91 94 46 44 93 77 41 83 16 33 47 78 98 88 47 28 14 1 29 67 11 26 99 4 45 91 44 0 33 32 61 45 28 65 10 91 20 17 88 82 12 55 30 25 98 6 82 86 79 98 25 43 33 65 88 5 40 70 91 85 92 74 12 88 77 25 100 94 42 73 9 12 98 40 91 81 27 95 35 9 58 79 28 25 80 62 34 17 9 29 23 100 100 69 58 8 47 57 79 64 1 64 68 55 100 95 40 7 49 17 8 10 11 74 89 66 39 15 79 16 62 1 62 85 54 62 0 31 31 
97 26 5 17 7 88 42 30 27 55 39 35 70 99 38 46 72 40 21 0 60 81 63 68 78 74 100 51 4 46 62 13 63 75 27 52 20 84 43 27 0 12 63 98 42 67 28 76 71 94 29 53 9 54 15 61 47 74 74 79 23 38 9 81 73 27 4 5 59 30 40 65 88 87 41 13 94 79 73 95 98 52 90 98 33 13 89 96 46 34 35 59 51 65 47 4 21 48 82 21 83 45 3 39 3 61 57 8 71 3 44 65 67 42 47 20 73 43 90 97 13 21 32 43 19 23 31 54 61 35 22 33 15 59 39 6 42 4 39 17 30 7 68 20 17 26 24 64 2 84 
64 77 55 43 53 85 53 73 2 73 80 81 97 56 76 50 69 37 96 26 84 28 81 39 83 36 61 79 21 59 65 49 34 47 69 7 81 77 38 94 84 1 69 63 53 99 10 76 48 93 24 16 96 95 57 9 18 9 18 67 63 75 42 57 93 75 79 72 88 88 7 19 26 78 63 5 50 10 81 61 8 38 4 46 12 29 16 63 48 36 78 65 92 82 43 2 94 78 41 86 22 85 52 31 88 75 18 82 94 88 53 38 44 94 48 28 76 53 7 61 58 18 70 56 96 64 50 45 13 57 70 43 74 7 99 24 78 47 15 52 47 42 18 10 3 7 50 36 46 33 
62 91 43 78 75 23 69 48 51 90 45 38 12 10 71 72 66 34 66 78 67 81 97 9 9 97 81 76 89 24 10 34 51 47 60 83 23 87 9 68 53 6 36 2 88 74 39 79 0 67 34 13 98 72 10 36 58 25 4 45 81 46 22 56 78 20 93 61 53 65 14 43 21 47 77 87 73 95 62 71 47 76 95 78 100 4 21 91 23 68 38 3 71 14 14 7 43 61 100 88 54 68 84 5 70 18 4 71 85 91 68 6 9 62 46 74 42 20 36 92 28 52 92 28 15 53 97 73 65 16 97 40 20 66 60 9 22 43 39 98 100 82 11 90 47 58 100 75 83 55 
11 20 75 45 96 4 14 89 17 71 26 88 20 85 44 30 55 36 59 93 62 76 14 24 82 4 99 36 70 76 99 94 22 57 20 33 57 61 44 21 71 33 100 45 70 86 84 8 91 11 53 66 36 62 81 85 85 65 57 66 44 69 54 99 74 81 97 64 46 95 83 74 17 74 97 64 32 76 32 74 37 88 18 0 89 87 65 47 51 29 79 86 64 17 20 47 5 74 74 0 10 57 60 32 86 96 88 41 25 4 86 58 85 42 88 27 17 92 43 51 45 47 66 98 18 41 18 34 46 97 44 7 22 42 66 24 68 84 49 63 87 81 46 94 66 14 86 80 31 59 
3 53 96 91 89 19 78 72 87 98 95 69 0 42 67 32 49 44 49 96 27 88 3 28 47 54 50 61 22 45 55 68 20 13 86 57 38 65 88 46 33 43 30 21 44 99 8 77 21 97 26 94 30 69 19 32 47 88 45 45 24 71 9 66 82 97 60 47 84 69 48 35 81 41 57 18 47 50 78 88 62 79 43 24 29 3 94 67 83 40 2 12 11 87 48 28 16 86 96 81 29 80 80 36 15 77 68 72 66 5 67 80 87 25 60 5 88 83 47 88 90 57 94 16 72 51 66 41 92 3 22 10 79 16 34 71 53 68 44 74 77 7 27 29 0 100 20 68 8 20 
40 81 29 19 37 62 79 79 75 82 11 76 82 17 52 11 78 25 10 89 23 3 30 36 9 35 14 31 26 56 87 62 71 93 61 12 42 35 50 27 70 0 32 84 47 1 24 52 94 66 45 5 26 14 80 17 11 18 53 100 69 88 2 52 61 88 45 92 100 52 72 34 98 70 50 4 56 98 96 31 69 60 47 91 81 6 58 59 45 7 72 0 93 65 94 19 23 98 82 68 90 70 93 9 79 97 3 46 10 41 75 63 1 74 8 99 79 91 87 37 71 91 18 9 86 98 88 42 48 39 63 66 29 81 67 70 8 72 74 15 18 7 24 0 3 39 17 48 36 85 
69 25 51 27 43 65 87 33 43 61 7 31 19 40 79 23 8 75 25 27 76 93 0 20 57 94 78 49 37 31 84 91 28 29 75 93 25 96 92 59 26 18 74 57 39 28 2 75 31 88 96 5 68 28 34 67 18 94 78 28 28 66 17 38 58 30 22 59 23 44 30 2 24 5 16 91 83 66 51 100 32 44 66 28 92 11 72 9 24 90 91 75 54 50 15 20 69 59 22 83 46 62 6 12 27 77 22 16 58 72 2 94 59 35 58 20 88 59 79 3 34 84 75 84 2 36 87 28 91 27 67 97 42 80 12 22 16 85 10 30 37 74 29 84 54 33 90 9 5 21 
86 9 24 31 92 27 33 60 6 14 43 53 90 79 36 32 37 94 0 22 63 71 74 6 5 66 86 8 2 18 74 22 34 92 16 64 99 55 21 13 37 3 14 18 62 1 12 72 14 74 96 23 51 28 95 66 23 65 50 58 28 10 63 24 24 64 53 59 26 0 50 30 96 83 56 0 68 60 29 80 53 73 29 14 8 10 71 43 80 36 1 53 29 61 32 88 80 41 63 80 65 85 64 41 5 16 23 70 56 5 30 55 36 76 8 42 81 36 65 79 17 99 80 54 9 22 42 78 41 52 2 76 8 52 61 59 92 76 12 58 35 67 60 78 98 22 0 9 56 94 
35 14 93 13 12 100 16 55 6 18 48 45 59 43 86 63 19 80 3 58 78 66 36 48 29 53 93 67 12 6 1 9 99 81 44 69 33 42 19 26 14 50 32 98 15 51 44 11 44 84 15 95 47 84 4 17 23 98 74 95 98 81 18 54 2 6 70 24 64 87 41 2 3 28 90 54 45 3 4 8 58 59 3 72 8 18 85 95 45 72 67 10 54 33 43 10 11 48 34 80 63 25 77 47 86 61 57 78 77 66 27 63 17 93 73 85 38 20 60 66 4 47 95 5 40 1 94 42 53 94 88 36 71 21 0 18 26 69 88 39 11 33 5 6 59 80 26 13 63 83 
58 97 45 7 88 10 61 88 46 27 45 14 66 73 23 34 1 27 72 84 17 73 21 86 39 54 82 5 9 71 62 73 8 12 46 36 67 88 29 47 98 21 66 92 60 59 12 70 0 54 42 82 10 19 15 6 5 35 70 38 44 93 98 58 53 14 21 9 93 7 39 86 0 3 35 47 17 100 63 58 81 62 100 93 16 2 6 70 64 90 36 98 93 84 94 71 67 63 37 24 73 72 55 86 34 97 84 58 5 20 30 20 9 81 71 25 69 37 23 99 84 91 45 48 5 63 81 90 20 4 89 12 13 98 23 54 88 12 31 72 10 22 71 41 58 92 0 6 21 31 
14 86 54 34 50 40 41 32 65 28 45 4 88 90 88 64 68 97 25 69 54 90 2 1 23 12 95 53 61 63 66 77 10 59 8 95 49 68 60 94 11 87 40 84 80 24 90 31 67 73 9 76 37 23 35 12 69 76 40 80 26 36 95 95 39 63 85 80 77 56 38 16 24 47 92 35 5 37 14 56 97 80 36 77 69 93 18 74 74 20 13 74 44 27 55 96 77 59 57 70 70 42 31 39 18 60 79 3 80 32 67 33 29 54 69 7 27 78 18 12 32 2 78 16 80 28 42 39 76 29 27 13 66 62 18 64 10 57 29 54 68 58 42 81 43 24 80 40 37 51 
46 0 56 52 5 15 67 74 94 73 49 18 73 79 42 6 91 99 48 67 54 3 81 86 4 28 26 49 26 26 77 36 2 96 75 45 50 72 78 23 73 65 64 10 33 34 14 26 85 63 4 52 98 22 2 92 36 72 94 79 68 23 42 74 31 26 59 82 22 86 38 71 87 91 50 20 45 44 33 31 72 26 33 85 93 33 53 18 46 13 1 2 50 18 24 29 81 46 58 60 94 48 41 3 20 63 19 12 48 55 38 21 25 46 44 45 45 28 92 94 17 78 67 59 59 35 77 69 64 11 92 66 3 95 52 90 3 17 20 85 54 42 68 69 95 76 14 4 93 32 
1 69 45 64 55 15 34 100 14 89 2 12 23 44 32 4 95 21 23 91 78 96 77 75 58 89 20 40 75 27 99 49 17 0 4 25 77 44 97 53 8 20 35 12 81 24 42 58 96 79 59 68 52 88 74 70 42 8 80 49 72 54 28 40 71 85 95 33 35 99 41 67 71 13 34 96 11 77 8 52 13 96 27 37 44 33 25 79 8 37 50 1 9 8 69 4 81 7 72 9 9 29 41 40 69 67 67 67 13 32 25 72 57 15 67 8 3 16 39 55 67 33 19 61 80 87 42 49 58 15 40 87 50 12 64 79 20 18 86 88 58 69 54 27 70 79 48 14 21 90 
12 11 72 96 9 8 73 87 35 27 64 32 27 78 12 23 50 42 6 74 71 80 29 68 5 96 36 79 32 60 97 9 87 90 42 67 0 53 38 85 97 39 98 17 40 73 36 50 17 69 30 16 84 19 8 53 17 0 58 83 85 84 92 53 8 54 4 4 14 95 30 52 57 31 24 67 93 74 75 27 53 36 54 46 35 88 100 80 15 54 67 83 74 27 71 9 62 77 93 22 90 40 50 94 86 97 54 18 93 72 52 83 71 57 52 46 68 50 6 32 22 11 48 45 97 56 2 76 43 27 69 34 2 38 60 33 31 17 10 50 13 43 62 10 39 46 14 90 35 5 
0 100 32 13 47 41 22 90 23 20 49 56 82 23 89 43 91 67 84 29 10 91 58 6 7 16 39 26 80 50 85 99 80 21 86 2 5 60 9 95 45 76 37 73 82 63 48 92 0 67 66 43 73 30 13 20 11 6 63 57 80 30 9 36 59 53 76 99 89 71 32 44 31 100 39 56 76 32 53 28 84 49 80 82 30 60 59 2 25 60 95 34 48 17 83 23 41 72 34 23 67 16 5 24 66 12 94 23 28 56 31 53 41 14 82 94 80 71 23 10 76 94 52 91 74 83 0 38 83 79 34 20 38 22 36 16 52 91 89 72 62 42 54 100 82 95 47 2 87 54 
24 11 62 56 86 48 86 86 22 54 36 30 30 90 55 4 25 31 42 81 31 40 68 78 16 87 25 68 60 33 20 49 18 100 44 63 80 90 12 5 34 10 33 66 8 45 1 26 81 81 67 4 76 17 46 61 68 58 7 12 27 24 34 59 78 5 2 19 53 64 35 100 33 68 61 93 90 42 20 54 38 43 50 28 71 58 26 48 54 82 45 2 86 56 15 81 70 0 93 85 25 93 98 39 64 99 100 3 36 38 42 92 26 65 76 18 44 86 15 92 74 33 63 89 18 16 48 67 87 8 13 46 9 23 76 82 12 12 89 9 9 76 6 28 63 2 4 60 9 29 
12 97 2 51 97 74 19 72 22 47 22 17 1 15 30 15 69 83 89 81 33 35 90 30 43 66 4 72 81 81 74 67 89 9 97 77 9 57 6 26 25 14 85 61 100 9 89 86 6 35 46 6 29 58 54 59 78 71 65 25 43 65 47 58 18 17 99 98 1 99 5 7 91 86 10 35 9 39 1 49 79 90 29 11 3 49 48 21 62 85 30 76 72 71 12 45 51 50 60 68 87 61 28 85 45 49 97 15 99 65 73 42 50 99 76 53 54 69 67 87 80 94 34 58 25 73 80 65 91 11 71 24 61 65 59 1 60 13 76 77 10 68 3 79 47 26 72 16 13 80 
11 23 30 83 50 50 20 37 85 22 25 8 33 91 86 93 6 7 68 91 74 62 6 93 45 72 72 72 50 84 82 35 61 11 90 54 53 1 1 37 28 34 66 54 71 26 59 80 84 82 37 2 3 32 12 18 30 98 1 4 52 18 37 30 5 82 32 17 5 91 85 16 21 66 80 64 30 80 43 74 77 82 57 49 86 7 0 74 12 5 17 74 64 72 25 90 44 4 93 49 34 24 2 87 27 62 41 50 72 9 87 32 16 11 80 95 15 29 13 87 12 93 26 92 27 29 7 25 96 89 39 80 45 90 32 30 10 74 98 93 10 24 74 50 78 65 78 49 28 13 
9 89 64 65 71 39 82 75 7 6 1 97 58 27 45 40 59 80 17 44 23 15 40 14 41 12 70 70 70 38 23 93 35 23 16 77 98 3 74 24 72 59 79 55 45 3 50 15 47 58 19 56 99 0 98 9 6 50 24 70 47 90 14 20 8 33 74 71 97 48 61 81 59 25 40 32 90 91 80 74 69 55 76 31 40 23 40 70 76 79 21 37 98 44 28 1 48 48 22 66 17 28 67 36 75 66 39 85 61 62 39 75 85 53 20 93 82 9 25 62 48 57 81 26 45 81 29 14 99 99 81 2 32 5 67 54 65 86 47 18 86 27 96 43 3 21 12 28 79 25 
37 22 67 53 64 17 96 73 89 84 46 76 50 8 53 55 68 58 25 48 3 35 48 0 5 85 100 75 51 12 18 79 54 23 75 90 34 94 64 63 82 27 66 45 0 82 64 63 60 92 92 28 65 90 8 7 77 41 10 40 38 90 67 26 86 76 46 84 66 18 51 33 77 5 41 1 61 75 35 21 37 76 9 16 2 31 49 5 1 59 28 64 41 12 66 33 54 27 8 36 92 96 41 17 20 87 51 33 3 50 47 20 18 41 17 71 10 21 59 2 57 61 24 41 32 54 98 1 83 74 92 98 62 89 25 68 7 84 65 34 13 34 96 76 14 42 31 28 18 79 
10 92 24 10 88 53 0 6 18 97 3 72 8 52 55 69 38 45 8 71 76 20 88 13 68 65 58 16 17 22 22 63 0 74 86 95 34 93 33 27 18 24 52 1 50 91 84 52 18 39 9 25 88 45 63 34 96 25 61 9 6 70 100 24 43 83 26 11 51 75 6 58 43 66 53 12 74 50 11 8 41 0 5 77 14 28 23 67 27 82 19 40 88 95 67 49 76 46 90 53 39 94 22 95 95 86 37 36 45 18 100 84 79 83 24 54 100 88 61 99 33 12 55 34 42 28 54 14 45 21 41 46 100 66 66 99 28 15 12 93 39 28 8 65 12 33 52 80 21 68 
25 43 32 42 80 62 81 43 85 76 95 88 96 26 7 53 83 83 83 46 89 15 0 60 69 62 83 2 74 98 14 43 95 39 42 98 75 86 100 36 94 25 32 87 86 86 81 41 10 24 77 98 13 26 4 32 50 68 40 36 28 64 42 55 71 12 94 53 86 89 62 81 39 92 9 37 6 94 60 89 54 89 51 3 34 69 52 1 9 72 27 26 31 15 87 53 93 27 67 61 46 16 48 68 44 30 62 62 76 35 66 11 2 90 83 56 73 93 73 66 96 82 41 87 9 92 22 15 28 96 10 5 38 5 5 56 14 13 95 31 8 75 30 62 72 76 33 76 86 79 
98 16 2 73 87 65 90 72 13 67 9 97 41 59 30 57 55 12 13 2 21 75 44 7 86 70 97 92 14 26 64 80 63 88 13 31 5 41 18 45 51 41 73 24 36 55 76 52 17 34 99 63 80 41 64 35 72 71 50 22 24 89 59 92 69 8 41 84 92 39 46 92 97 84 35 71 60 59 67 36 82 25 40 90 12 99 74 55 25 86 85 98 41 72 57 32 53 74 91 73 94 58 29 43 30 94 8 38 33 24 50 38 17 94 5 71 41 91 43 81 90 84 15 13 77 0 36 90 100 45 46 1 92 5 24 28 89 49 70 69 61 0 92 72 12 61 77 79 65 65 
82 54 63 67 98 61 38 6 34 64 24 68 31 15 83 22 45 46 49 88 57 27 2 2 95 40 21 29 20 88 32 37 44 84 54 36 10 22 47 40 60 96 54 72 59 66 25 62 67 36 2 4 100 41 39 5 82 75 92 52 93 50 71 98 35 64 73 71 18 71 88 93 8 81 26 72 35 81 39 32 46 98 99 14 44 80 86 14 94 28 68 38 76 77 8 11 83 24 90 49 69 37 22 100 36 87 82 40 17 81 82 69 2 20 49 74 44 83 39 64 9 71 7 58 11 51 88 36 34 63 25 18 25 83 61 30 22 21 63 5 23 60 17 35 41 6 30 67 56 83 
30 58 22 14 48 3 93 26 50 12 95 27 17 80 75 15 60 21 55 19 19 94 77 91 75 30 46 98 26 34 32 22 10 32 33 27 99 19 12 3 50 10 20 66 65 3 16 39 64 50 75 60 53 96 32 45 7 94 20 5 23 86 76 58 13 62 92 22 70 8 77 8 42 42 89 3 100 25 89 43 84 37 78 8 64 15 93 21 8 5 50 40 7 52 97 65 37 100 70 91 73 68 0 73 36 19 81 29 93 9 63 41 90 17 65 50 35 11 61 46 59 60 54 0 45 87 26 25 27 5 48 69 1 72 0 0 25 36 36 50 68 4 66 71 36 11 81 24 41 26 
93 93 88 50 69 88 67 60 41 96 18 28 95 68 94 79 81 49 95 12 82 59 40 20 68 20 54 54 10 56 95 23 56 6 12 100 18 99 84 55 50 66 80 39 79 40 15 93 31 8 1 58 44 27 75 38 4 74 34 79 60 8 53 64 76 16 5 72 57 68 1 58 31 9 83 37 60 70 21 52 51 82 86 97 80 15 22 36 33 88 40 20 47 83 72 35 19 39 10 57 3 69 8 37 78 72 68 64 22 66 52 70 26 74 12 89 40 51 33 2 38 53 39 96 43 93 32 58 41 44 42 49 45 29 26 74 32 27 73 45 18 38 77 30 2 26 86 51 66 64 
71 25 24 24 74 95 18 20 80 28 34 52 99 46 4 54 76 17 6 32 11 78 18 26 31 100 32 54 32 38 29 36 45 96 37 98 48 44 74 52 60 75 93 11 6 81 56 13 47 67 47 63 59 99 18 73 61 87 0 65 72 50 49 3 90 81 12 81 18 64 55 86 51 39 15 80 3 65 72 32 58 89 4 66 74 78 92 1 29 41 4 88 96 55 44 32 36 98 62 97 13 64 61 46 88 85 77 41 9 64 81 8 33 35 50 26 75 96 30 13 98 79 24 87 51 92 81 65 8 81 6 87 8 65 26 21 38 89 23 7 56 50 21 28 61 39 35 79 36 67 
40 14 78 31 35 50 90 44 83 84 39 36 87 74 89 63 40 59 55 17 11 20 9 60 63 45 95 99 90 21 12 63 50 19 96 54 53 90 20 84 80 67 82 40 78 86 85 96 67 36 78 1 68 56 28 62 77 8 89 2 72 29 26 91 9 54 42 65 67 53 43 82 38 63 67 73 28 59 10 61 51 30 25 56 17 54 39 79 82 14 12 25 53 45 0 64 4 14 22 22 47 61 25 13 23 92 70 98 81 50 100 31 64 70 1 38 46 90 85 7 99 35 55 37 55 49 37 18 55 76 5 66 61 14 58 40 81 8 65 64 21 27 11 37 30 100 46 51 75 45 
41 38 90 20 77 79 41 65 9 17 66 25 97 86 23 21 86 2 80 29 9 17 96 41 75 44 99 22 7 93 11 95 91 82 58 38 72 97 77 69 45 20 91 34 1 68 60 98 44 15 23 71 49 95 21 31 18 48 74 59 27 21 98 84 10 71 18 31 26 49 77 72 26 50 68 17 82 35 99 14 41 52 26 31 39 92 60 9 26 22 59 17 64 71 20 53 55 58 28 24 76 74 71 95 51 19 18 89 11 46 55 27 11 6 97 22 51 66 42 2 62 59 41 35 26 29 71 100 38 78 60 13 97 81 80 69 54 82 76 54 28 50 87 28 8 18 81 29 47 90 
20 16 57 92 54 86 58 80 18 10 58 19 88 30 69 41 30 33 13 24 35 40 73 9 14 80 44 48 28 98 55 81 63 11 14 59 41 75 76 54 62 60 70 81 56 59 46 93 60 87 51 83 50 35 14 42 0 35 53 3 68 60 72 32 79 11 0 47 34 77 46 40 35 10 39 54 50 44 95 14 12 72 51 28 38 69 63 68 63 17 19 95 27 32 31 16 61 76 84 60 73 95 85 61 95 86 41 14 24 47 99 69 79 18 90 57 9 95 33 31 55 73 38 69 74 88 31 13 85 16 73 64 14 48 25 41 94 77 38 20 73 72 50 26 49 0 52 51 98 78 
24 89 60 98 96 45 20 81 34 62 31 79 53 83 69 68 15 25 12 27 28 10 57 9 67 2 76 41 31 34 33 93 71 5 47 74 45 91 28 28 43 1 73 37 72 63 95 1 86 25 35 28 4 3 3 13 24 45 65 88 21 54 37 66 58 72 46 79 79 23 92 22 4 49 69 0 60 34 92 1 79 34 59 77 90 8 57 9 70 33 24 7 62 20 75 47 32 85 67 57 58 1 49 72 37 35 95 97 40 56 94 57 46 97 82 82 82 69 40 64 0 81 36 64 45 58 53 61 49 35 98 47 54 10 66 53 97 43 2 100 83 16 82 78 55 36 7 82 16 47 
91 50 59 48 5 82 1 18 4 46 1 91 71 62 2 58 75 52 26 98 45 54 86 92 14 34 93 74 23 27 36 28 44 5 46 3 21 47 30 24 44 96 31 25 80 52 12 62 63 76 68 71 6 16 43 11 64 95 80 3 53 44 52 12 63 51 13 75 40 9 6 94 30 67 12 82 91 1 86 30 85 59 5 27 22 90 69 50 34 60 51 10 10 38 28 31 19 50 55 31 1 87 11 1 53 77 55 99 88 81 69 41 3 80 44 31 13 35 8 71 14 41 7 43 37 48 27 34 23 38 87 31 37 9 32 62 86 93 7 6 89 25 22 92 88 45 58 34 0 69 
73 45 43 5 67 51 38 23 26 18 43 29 10 90 78 7 74 86 46 35 70 34 31 81 93 19 55 23 41 7 22 95 33 68 69 26 89 100 1 67 0 86 36 42 45 21 93 59 95 62 72 44 51 79 26 75 53 25 78 64 86 29 21 59 78 9 33 49 34 40 8 66 85 57 73 17 73 10 87 100 69 66 71 55 87 71 49 69 33 80 26 32 87 22 52 25 42 25 3 17 43 55 6 2 92 18 46 11 41 43 10 56 87 9 6 6 28 79 47 99 41 59 59 64 59 9 60 49 77 11 27 2 16 47 44 8 35 0 15 77 88 5 96 63 62 56 69 52 85 69 
75 79 16 76 24 21 16 25 63 4 55 63 50 12 29 44 43 20 47 64 66 11 60 9 34 13 87 27 41 91 20 31 4 10 7 62 82 35 47 30 10 90 22 7 0 54 53 3 92 27 33 62 13 36 79 17 70 97 95 16 71 97 17 12 93 22 83 77 57 32 97 20 58 49 72 36 0 74 64 39 85 9 40 47 21 41 64 73 48 23 46 59 57 70 64 58 44 95 23 11 80 62 91 63 23 46 51 52 31 35 56 28 29 79 72 35 38 46 64 1 84 18 94 14 88 7 44 75 55 29 81 28 5 75 53 92 24 42 97 72 29 98 43 83 53 41 86 49 64 62 
30 48 86 73 76 11 2 44 2 96 36 8 28 23 1 64 20 78 97 53 49 65 66 76 94 74 59 88 41 66 43 10 43 5 18 14 76 6 53 84 71 43 40 75 44 8 13 94 11 76 86 59 91 64 88 76 63 21 51 31 44 39 55 87 17 54 23 72 35 98 0 69 0 8 100 92 22 34 82 38 48 77 26 5 27 87 30 73 96 34 11 41 21 76 76 89 10 10 87 16 33 1 57 95 42 8 22 66 94 78 37 29 9 74 85 75 86 80 68 22 91 74 4 40 58 0 10 27 73 50 0 1 7 81 28 83 50 67 36 51 68 25 57 91 42 95 91 41 67 23 
35 11 62 36 30 44 68 12 28 28 56 57 34 40 74 86 84 87 68 30 58 91 57 0 93 93 87 83 71 52 40 11 21 42 50 58 18 17 69 87 5 58 13 62 17 62 54 92 85 36 28 87 44 66 84 54 16 65 68 74 90 13 36 72 89 93 57 66 29 76 34 81 38 23 58 13 86 91 98 4 55 52 1 62 18 68 71 55 59 64 3 45 69 16 90 32 62 40 45 35 10 44 49 16 25 82 81 64 17 93 46 62 20 73 25 64 40 43 72 23 83 23 15 38 25 89 66 65 39 39 74 73 52 13 78 47 42 50 85 3 35 23 82 17 13 99 71 66 78 40 
16 54 60 18 15 57 80 89 41 64 65 18 10 1 42 1 45 59 48 31 8 98 86 59 18 89 74 5 78 79 36 88 3 84 6 4 29 36 52 10 53 82 2 33 27 13 13 30 87 66 69 64 92 48 57 26 42 94 79 74 70 50 50 55 28 63 50 78 51 23 24 88 38 91 98 100 79 36 22 50 12 82 21 20 9 47 20 10 6 73 30 66 79 57 66 72 34 15 23 27 27 26 56 64 40 36 3 59 34 22 95 14 11 81 89 85 81 15 87 8 45 20 52 12 5 80 44 33 41 93 94 97 100 70 37 45 26 53 83 16 63 43 27 35 41 23 78 48 9 81 
59 36 44 72 97 10 44 67 13 22 36 24 2 55 38 0 58 15 51 31 65 19 94 66 36 8 54 26 95 71 72 49 19 82 29 42 59 73 77 76 51 50 50 13 62 19 64 6 31 51 29 30 36 96 55 83 72 95 24 74 62 62 87 54 26 96 68 17 41 62 80 26 38 82 9 63 91 15 71 79 73 68 77 64 77 99 36 18 95 81 100 21 93 26 40 40 21 24 82 70 41 93 98 78 75 59 31 21 84 6 21 88 40 17 12 6 40 85 56 98 26 88 78 65 35 44 50 25 94 22 68 33 50 32 0 2 4 50 9 54 90 71 8 49 66 31 40 11 2 56 
62 69 39 40 25 66 91 51 62 84 45 27 4 84 64 82 31 59 55 42 44 9 67 34 5 92 80 88 63 87 60 78 47 1 32 28 12 9 64 90 31 59 12 60 37 51 38 9 60 55 60 92 58 73 60 80 1 71 20 7 35 61 55 78 12 35 89 8 83 7 16 33 99 58 64 15 22 40 17 41 24 62 98 22 14 89 76 98 70 67 45 68 86 72 36 9 24 53 91 3 16 57 93 55 100 96 52 92 63 96 96 19 67 66 35 39 22 82 97 36 96 29 97 22 76 7 34 52 18 28 24 97 94 43 75 54 58 8 23 77 67 28 64 98 1 92 66 39 14 31 
40 73 13 97 78 11 82 20 9 33 75 46 33 2 63 12 83 6 98 0 81 61 12 82 88 37 95 61 84 47 37 3 42 47 33 7 78 49 4 76 40 3 44 95 75 63 11 66 56 27 75 42 11 20 41 63 90 100 6 79 86 80 6 26 48 61 27 42 66 14 30 47 3 44 88 75 27 1 62 10 37 4 63 69 46 78 41 34 32 50 27 57 74 95 65 15 82 78 97 33 24 15 41 47 41 48 94 16 24 26 44 97 77 75 67 17 92 27 0 5 98 81 23 87 62 20 44 8 33 96 42 30 31 41 71 73 5 7 8 88 97 24 11 28 98 51 85 89 82 6 
91 23 67 19 88 45 28 13 73 87 16 96 48 62 9 57 47 34 33 19 51 42 73 36 45 39 21 54 65 58 35 93 100 3 30 53 96 95 75 65 30 3 11 20 64 71 4 34 68 68 61 25 70 74 40 11 66 84 99 50 62 99 37 66 38 15 86 1 72 40 28 77 42 89 98 98 37 0 0 26 40 46 56 57 98 54 45 21 35 37 88 5 49 2 9 42 1 80 99 100 79 78 26 68 83 35 23 78 58 12 46 37 0 1 31 96 17 8 36 45 44 3 66 66 71 48 52 55 25 67 35 34 52 76 46 8 72 70 81 8 76 90 52 48 48 9 64 76 95 76 
48 94 75 23 95 51 86 21 19 39 58 26 59 75 73 7 19 38 55 22 100 69 37 8 32 36 77 41 77 11 22 1 72 36 67 82 20 63 4 18 77 99 80 9 62 77 15 63 31 2 17 21 35 42 68 57 66 64 44 45 31 34 38 28 38 50 78 77 13 1 0 58 1 56 48 37 46 11 30 2 69 55 24 35 31 16 91 70 47 40 38 26 75 48 33 56 58 6 92 75 49 86 32 54 33 5 86 8 37 76 16 2 79 76 23 41 53 57 49 98 100 88 98 89 22 30 95 84 98 13 9 51 55 85 27 71 29 77 33 60 56 91 5 51 90 37 41 5 79 82 
27 85 47 79 53 77 26 48 22 71 80 61 34 84 79 6 40 32 3 98 36 74 51 87 74 74 97 16 44 0 96 73 60 28 88 16 59 23 46 83 57 47 82 99 70 63 28 51 85 66 41 7 49 7 2 41 75 36 61 92 1 88 95 14 6 94 57 43 30 4 70 78 93 82 6 88 21 90 79 18 95 73 16 4 31 13 61 38 36 64 57 20 2 28 74 97 23 37 75 46 47 50 45 61 35 15 30 9 26 45 69 73 8 16 49 71 13 65 3 95 26 0 65 1 34 83 18 47 3 8 40 40 5 51 62 5 81 27 42 19 24 21 41 66 97 27 57 24 59 38 
4 0 28 99 31 47 97 14 90 69 41 78 56 77 9 65 40 37 37 31 11 29 90 13 85 24 36 10 67 82 62 25 76 20 22 62 79 76 58 41 31 24 19 27 97 63 22 26 11 82 21 98 79 42 65 28 20 100 62 27 64 19 63 62 28 25 91 90 14 56 70 21 82 52 56 61 83 100 79 99 26 51 18 54 31 38 65 39 47 75 93 72 92 81 81 100 94 69 0 39 76 0 12 42 77 22 38 70 69 70 100 4 99 46 100 13 46 51 58 69 48 8 15 14 33 61 84 84 50 85 41 38 35 57 67 100 33 78 66 84 87 0 21 72 20 71 43 11 68 100 
85 77 100 89 54 11 30 43 17 21 22 83 0 73 49 33 77 74 100 22 5 20 16 63 71 33 81 91 56 64 100 23 23 71 24 97 87 39 60 93 64 75 68 42 23 46 35 42 79 60 76 47 10 73 64 43 63 75 19 61 100 84 74 93 63 11 67 30 26 49 43 60 80 97 51 9 49 18 34 72 50 53 90 41 89 40 3 40 52 80 81 31 61 0 90 21 15 31 18 73 16 70 35 50 61 72 40 5 94 51 48 63 83 21 45 63 33 48 1 9 42 38 96 87 20 4 90 69 82 72 66 41 47 78 52 19 84 2 15 51 36 68 54 86 33 9 6 30 6 100 
26 77 66 88 2 29 45 96 62 19 53 51 38 84 20 1 57 29 5 88 14 76 25 28 71 92 53 77 70 48 71 37 4 78 61 43 7 9 44 16 2 77 5 94 3 71 78 12 66 31 75 45 69 46 16 32 98 55 99 82 20 96 19 86 29 2 12 23 67 62 48 69 14 87 0 48 82 52 91 11 59 86 22 96 92 42 0 52 68 21 7 43 69 15 76 8 100 80 21 9 9 10 6 42 55 69 87 24 41 78 71 17 47 99 29 87 92 13 33 38 32 67 49 95 18 72 34 75 72 46 100 15 12 4 4 37 17 71 1 33 90 33 59 85 99 4 99 27 49 5 
96 48 73 76 42 13 74 95 17 53 22 19 94 8 67 41 94 74 41 62 43 83 11 80 1 13 52 67 18 97 80 43 58 8 22 41 64 76 98 89 44 32 97 94 1 43 46 34 91 25 95 89 32 91 83 78 13 31 71 28 61 73 14 91 30 96 43 3 71 79 27 28 32 9 21 39 40 54 26 34 1 13 12 17 23 87 23 97 86 5 3 83 87 87 44 63 8 63 23 52 27 96 53 18 43 99 55 31 77 96 82 51 44 27 57 11 21 89 14 76 100 94 77 24 62 71 35 11 8 83 72 83 67 50 14 35 54 12 62 15 95 88 21 91 53 48 99 24 80 96 
17 10 41 59 41 89 13 63 65 39 75 53 3 32 32 96 72 66 6 10 7 88 71 58 65 43 54 33 14 71 49 53 9 61 78 99 35 22 38 40 79 38 78 93 13 36 72 62 50 41 54 18 70 19 16 20 23 65 82 33 70 73 75 90 14 78 68 48 50 83 19 98 1 88 16 88 41 74 65 77 63 21 30 76 92 18 83 64 97 37 97 5 33 68 35 60 18 55 85 25 96 77 74 44 81 91 95 5 86 66 16 52 55 50 13 78 16 41 42 26 98 74 4 16 96 10 97 39 50 87 99 78 87 77 90 92 83 10 68 37 43 43 79 64 33 34 68 93 16 26 
42 58 7 69 47 39 54 23 8 45 23 32 12 90 91 10 67 56 73 3 23 21 99 86 15 48 70 65 91 58 79 48 33 53 59 54 93 64 68 77 70 43 39 69 34 60 89 37 72 18 75 60 37 76 28 25 96 28 82 47 71 61 56 86 41 19 29 36 26 30 97 12 85 40 71 96 26 20 59 0 84 23 66 4 83 81 63 68 6 100 99 20 99 69 95 69 62 71 93 70 6 11 38 76 94 57 45 53 78 79 11 81 78 65 27 82 35 31 47 4 100 82 29 77 48 13 92 93 75 62 37 15 75 9 17 21 19 44 2 47 22 70 67 68 51 98 62 64 44 80 
86 68 56 74 61 19 21 36 48 37 58 13 62 44 25 15 12 24 41 32 24 84 59 0 6 30 72 84 25 61 43 28 49 35 16 80 23 1 1 44 88 48 35 69 50 91 22 83 98 34 40 32 88 87 73 63 29 80 3 23 95 20 93 73 19 6 48 17 92 97 40 48 14 81 92 22 42 85 82 0 28 52 8 70 9 65 86 85 27 46 5 45 97 77 99 74 51 77 54 66 71 83 65 58 37 89 53 39 42 80 16 90 32 82 71 68 93 55 18 16 60 36 71 79 3 18 73 12 97 91 24 34 77 10 86 39 90 21 20 70 2 48 5 1 58 82 31 56 29 93 
11 60 19 67 43 86 1 70 80 97 43 21 93 45 17 64 62 89 33 92 29 77 10 57 50 95 50 86 5 90 75 13 82 90 48 24 48 13 71 10 73 46 22 32 10 79 21 78 40 26 52 17 23 18 15 4 3 78 70 27 56 22 12 38 15 41 61 90 46 24 96 51 30 79 20 35 35 48 26 93 40 8 39 45 2 15 30 23 95 61 30 49 77 57 32 1 0 15 83 43 19 56 60 98 27 53 15 36 36 28 76 23 81 6 86 41 39 86 43 8 56 94 49 92 43 13 16 19 95 16 59 36 77 13 85 81 91 12 43 15 48 29 65 31 53 99 38 11 59 52 
52 76 93 78 5 66 74 56 90 73 49 29 24 98 22 60 52 32 90 53 97 2 92 65 53 95 49 10 3 80 59 1 58 25 62 10 36 3 19 26 27 85 83 78 42 26 100 27 95 1 55 18 35 75 88 33 65 55 85 99 78 27 45 14 90 13 71 84 35 41 8 56 11 84 41 31 25 21 40 44 2 1 68 0 5 86 94 88 70 65 91 80 2 80 61 91 44 45 76 64 71 95 17 76 49 29 38 34 37 79 97 74 63 65 25 35 0 73 25 83 41 74 1 52 97 61 42 83 17 10 98 8 56 54 7 64 66 25 87 61 52 40 29 67 63 32 90 61 69 30 
23 1 64 39 86 37 43 63 80 14 10 88 58 49 32 60 9 82 68 90 60 38 87 61 43 7 80 30 72 81 36 40 8 28 76 40 91 73 12 74 57 67 2 65 45 72 47 72 79 95 92 55 97 2 35 98 83 45 93 11 62 97 97 91 40 30 54 53 69 39 96 45 87 57 73 38 87 53 40 51 87 20 83 62 96 60 68 82 37 15 86 55 0 8 58 9 30 34 1 90 31 34 45 79 31 34 35 1 23 44 54 74 53 97 23 18 83 39 91 8 6 8 23 37 89 64 67 6 27 11 79 96 48 23 92 56 66 78 5 92 53 86 21 68 64 51 10 46 98 85 
58 3 92 99 82 81 79 0 63 30 78 30 76 17 13 1 64 2 76 58 29 90 75 75 84 74 70 63 7 73 76 77 26 58 25 91 84 100 22 80 48 32 77 57 83 18 6 35 30 83 12 8 21 39 100 57 18 16 45 67 52 49 83 44 43 79 26 35 15 8 41 92 73 21 19 62 37 49 0 14 6 15 20 27 88 69 99 38 41 36 5 89 28 5 14 69 56 22 30 63 43 63 17 58 62 63 56 18 59 23 3 95 24 88 84 1 47 89 88 76 71 64 53 59 8 90 53 68 11 22 20 95 28 68 90 9 98 60 60 37 95 91 34 28 20 68 91 26 64 95 
45 22 53 92 71 39 45 34 53 92 75 94 61 90 29 19 78 7 31 49 84 10 55 48 69 4 38 56 57 99 44 64 52 39 25 35 27 84 56 19 44 5 36 66 2 32 32 54 68 20 64 84 40 73 91 37 99 99 13 46 76 95 86 59 72 91 35 37 61 16 77 67 92 23 8 20 40 39 93 62 28 28 100 31 86 59 85 54 75 55 36 14 38 35 89 93 41 29 64 76 34 62 38 62 1 14 47 5 28 18 68 26 34 31 60 64 90 18 79 82 76 31 34 79 70 33 17 45 16 91 20 87 94 91 50 15 4 42 54 92 7 98 16 23 55 51 38 64 82 70 
24 93 90 73 8 96 89 69 68 81 16 67 28 43 100 70 81 68 35 21 77 96 74 66 91 68 31 50 89 12 29 9 75 67 27 20 15 11 3 55 80 45 6 26 76 34 17 58 38 94 48 5 14 74 15 80 57 41 96 0 89 18 99 82 47 69 17 97 43 84 24 2 23 38 92 3 25 21 91 5 71 75 12 27 13 63 63 10 74 39 91 73 100 45 32 98 97 6 31 41 77 8 82 5 65 10 74 32 19 60 44 22 17 77 25 45 6 42 50 25 45 80 90 39 19 84 0 73 23 38 62 51 3 84 96 96 9 82 36 69 88 88 73 49 21 74 64 35 97 88 
82 66 33 59 72 54 69 80 26 69 7 51 31 22 75 54 2 54 83 42 26 27 17 26 89 18 18 28 24 50 29 20 8 4 38 29 74 52 60 83 9 12 31 17 47 38 54 14 33 30 42 18 87 99 61 46 20 46 66 47 50 6 27 55 43 99 67 57 48 68 74 36 55 82 12 80 51 100 68 14 73 27 25 42 56 10 23 62 75 39 71 19 22 27 79 36 68 73 8 64 74 9 87 72 90 77 92 74 94 55 54 27 5 79 4 53 55 86 70 91 85 69 42 72 49 6 70 5 56 28 30 31 0 4 16 91 27 7 1 79 6 33 81 84 81 0 22 85 73 96 
14 29 86 31 23 77 4 26 34 30 6 96 76 77 40 95 25 12 13 79 51 16 97 12 71 7 30 76 38 22 52 49 1 62 27 75 65 33 40 0 64 50 1 33 80 57 51 85 24 96 7 47 6 48 48 61 11 76 64 45 16 47 100 18 2 98 90 32 100 60 70 28 45 5 95 7 48 24 33 36 11 36 69 28 35 68 92 51 40 38 74 13 46 74 2 9 81 60 84 8 56 15 33 72 54 51 57 26 21 51 63 12 37 61 88 25 26 67 21 89 79 70 75 86 62 43 44 46 89 38 50 37 3 66 69 1 46 36 28 10 28 58 9 39 52 59 16 34 46 89 
25 66 2 95 9 94 56 30 17 12 29 51 42 83 36 73 77 29 58 42 50 43 47 71 97 66 31 84 48 94 83 81 62 48 79 7 28 4 79 1 36 28 80 9 14 61 49 86 2 16 5 9 25 31 92 11 57 47 39 76 70 61 33 89 55 59 23 39 32 75 11 90 70 48 49 63 69 57 67 21 73 42 54 29 100 41 30 91 68 13 35 76 24 25 74 90 80 91 69 29 4 51 10 14 85 47 18 92 29 15 15 84 32 46 97 39 88 80 3 81 43 64 93 88 100 41 32 93 87 2 61 26 40 17 6 13 43 56 78 1 62 12 4 44 96 95 24 76 25 56 
10 89 23 84 58 97 90 25 63 66 75 19 88 86 81 80 86 83 50 37 40 20 53 14 67 87 7 87 43 51 39 43 47 6 2 38 91 57 94 69 73 28 26 29 21 14 59 81 32 96 47 23 25 4 83 88 75 11 44 38 37 37 51 62 75 66 86 56 58 98 6 7 46 53 78 11 18 16 40 69 23 53 18 97 35 58 25 40 8 8 33 45 74 52 17 48 40 94 49 30 34 90 100 54 48 72 76 68 44 69 84 46 19 10 94 22 19 73 24 76 84 28 64 87 81 83 74 90 73 84 67 73 55 42 59 24 84 67 5 86 56 78 23 52 69 14 15 100 14 47 
