70
70
78 84 80 92 62 53 27 16 80 11 54 61 31 27 51 28 58 6 10 68 4 42 9 74 41 94 5 75 71 66 80 94 100 60 13 66 18 17 40 51 34 41 39 29 9 71 99 94 22 28 80 18 76 36 32 0 9 7 40 61 98 7 2 46 84 66 9 36 41 40 
92 37 83 64 41 100 30 76 95 75 77 2 51 53 9 73 37 7 58 43 68 23 67 12 72 89 45 44 85 49 73 90 65 14 34 47 100 88 41 57 84 44 64 57 68 91 0 79 21 78 52 6 60 83 31 92 97 36 3 56 25 5 83 29 19 42 6 55 20 69 
98 81 0 60 69 12 86 77 0 17 67 34 17 86 33 43 64 22 41 95 76 100 17 68 87 8 34 11 40 32 22 19 68 3 92 35 70 71 75 73 75 21 33 2 36 89 11 29 5 90 57 14 12 2 48 48 84 9 28 95 60 39 68 29 9 46 73 19 39 37 
77 52 31 82 48 47 16 31 9 74 50 83 76 60 82 80 68 95 24 3 47 67 55 83 37 76 97 60 63 88 39 52 13 70 77 91 55 79 89 94 61 90 49 96 40 73 66 74 23 35 8 86 32 85 0 100 41 89 54 68 91 22 92 79 53 70 75 14 83 57 
42 91 100 99 60 14 9 21 56 69 88 85 84 73 38 9 82 70 59 60 7 88 90 15 1 52 8 14 84 45 24 14 12 25 68 17 8 69 63 54 53 22 45 13 13 74 4 22 38 62 99 18 56 60 51 70 78 100 91 57 96 88 56 10 86 47 29 59 28 50 
19 99 98 42 69 25 76 19 23 77 90 55 81 44 43 20 86 46 39 41 50 89 12 1 20 78 46 72 27 97 10 7 89 23 98 71 27 84 16 74 52 12 90 43 79 45 3 38 35 95 78 96 55 15 62 21 10 98 90 29 53 67 64 32 25 22 97 66 79 12 
63 56 87 23 53 41 18 86 62 27 26 42 76 28 41 83 10 37 32 25 24 82 38 25 80 100 23 28 51 78 64 84 46 60 30 61 5 72 15 41 85 69 1 93 19 78 98 38 100 21 90 7 78 62 32 61 58 39 84 86 31 21 57 59 26 99 40 36 93 18 
24 69 72 88 55 89 68 53 70 51 90 52 2 100 50 31 22 94 97 54 75 82 79 85 86 49 95 63 2 14 37 54 9 42 59 97 63 64 8 75 92 73 74 47 29 39 97 28 16 41 36 49 92 14 6 45 26 82 79 24 32 68 92 31 87 43 70 29 88 98 
55 66 12 52 31 63 45 28 39 33 90 39 8 27 13 48 35 57 78 34 13 62 7 47 71 90 9 48 80 67 31 70 36 58 46 64 45 54 16 25 34 15 92 87 0 97 83 99 71 90 34 71 31 84 80 85 76 56 24 100 54 78 69 84 74 61 62 95 28 87 
4 53 85 99 99 2 35 76 36 93 26 92 64 42 41 89 1 93 79 67 48 4 35 0 20 72 93 53 99 20 96 36 39 79 55 21 63 41 61 17 69 67 38 26 65 80 91 21 75 27 53 72 86 18 12 20 53 76 82 70 93 22 80 82 63 30 43 50 20 84 
63 33 99 91 6 32 97 96 14 16 40 19 82 27 47 38 81 50 4 22 100 37 39 60 39 41 15 39 34 88 22 45 57 64 16 19 73 29 85 83 78 43 21 66 41 97 61 28 36 58 95 38 54 96 4 79 32 38 26 24 89 92 26 12 11 96 18 25 16 15 
16 26 77 88 62 56 4 68 10 32 41 79 78 50 66 11 48 17 39 40 45 20 34 16 54 17 83 14 1 29 15 82 66 54 67 77 38 3 44 60 21 83 86 68 73 92 85 13 86 64 86 7 48 64 47 68 93 53 86 37 57 92 43 62 76 18 67 71 55 88 
25 37 14 19 40 97 62 79 55 60 38 66 10 18 59 5 9 24 77 85 19 54 94 39 33 90 84 58 39 3 73 95 44 23 56 97 4 2 3 8 89 35 23 53 10 55 79 31 53 15 19 7 79 35 13 0 40 97 24 7 86 97 50 80 40 68 88 24 68 83 
7 25 2 51 24 27 78 62 79 46 88 88 67 80 27 60 58 8 63 7 49 84 12 41 50 44 87 31 37 3 32 17 56 60 32 68 85 77 62 55 68 7 46 87 14 22 11 60 3 72 18 14 87 57 66 42 75 91 72 1 25 63 6 32 70 45 73 97 31 68 
21 8 32 51 93 37 40 55 74 97 10 33 50 14 45 100 11 19 21 87 46 44 89 50 98 92 79 63 8 15 47 7 30 71 80 51 33 27 14 89 46 22 2 18 54 28 19 79 49 1 67 91 1 78 15 89 9 57 59 28 45 98 11 19 35 54 59 98 85 39 
71 18 56 17 39 35 11 86 12 40 29 92 35 93 43 41 80 77 26 4 64 60 40 35 99 83 9 64 9 3 93 48 55 57 60 62 93 1 93 62 54 57 72 19 77 48 38 12 73 52 2 46 85 95 90 78 31 66 95 27 66 69 89 69 3 59 100 75 83 96 
24 69 1 82 76 100 11 28 30 57 7 48 24 30 82 70 76 85 78 4 20 58 96 54 84 0 97 10 71 89 67 82 75 71 13 66 8 100 60 48 81 28 35 99 13 47 84 56 89 30 3 88 23 58 53 24 44 51 81 43 75 87 78 28 21 74 26 4 83 71 
7 24 26 0 93 83 75 59 72 94 58 78 30 93 47 68 17 15 60 32 35 86 70 97 45 90 62 47 7 15 13 98 14 13 27 26 99 78 9 40 63 42 17 45 27 45 37 87 70 77 55 100 76 91 25 88 46 28 76 48 71 75 69 45 16 35 29 47 94 96 
59 20 22 30 24 30 77 86 75 44 98 26 33 87 50 87 0 64 98 83 100 77 99 72 44 62 87 29 61 98 58 11 10 40 43 47 13 31 94 81 44 65 28 62 64 81 23 81 36 10 36 63 14 24 96 44 71 37 12 78 30 34 3 4 40 99 91 18 89 94 
0 70 30 52 79 83 64 18 10 66 68 47 12 24 22 7 98 87 83 74 14 98 73 78 16 16 31 92 82 49 21 35 87 60 12 77 99 36 12 86 96 41 96 54 11 3 3 39 24 2 45 35 34 90 51 7 79 16 6 54 31 19 20 20 50 32 21 71 89 20 
77 35 52 31 23 72 67 47 56 92 71 93 100 12 78 23 60 85 8 53 11 94 5 0 92 15 45 99 50 96 59 19 12 51 38 80 94 15 96 33 38 16 73 72 61 13 40 16 52 75 3 32 16 6 34 41 94 36 28 78 17 100 72 33 8 81 0 86 53 40 
79 12 42 25 87 60 97 0 23 41 96 98 51 58 65 77 7 27 64 32 69 64 34 81 81 6 64 53 32 56 78 48 27 90 75 67 87 19 82 15 1 92 92 59 48 0 76 69 62 81 0 61 65 53 12 10 26 22 64 54 83 88 95 37 22 92 82 96 64 55 
47 64 59 28 71 24 85 3 16 50 95 44 65 73 4 94 81 45 22 4 14 55 73 30 59 23 47 16 25 58 99 74 49 48 85 48 48 92 95 99 41 38 74 73 57 57 27 78 40 46 7 35 13 86 80 95 73 22 12 78 3 9 79 19 58 27 33 88 94 25 
80 79 31 69 83 25 15 44 19 79 31 80 38 58 85 96 48 49 32 11 13 41 4 80 16 9 30 70 86 29 49 50 90 21 82 62 39 21 85 75 14 69 76 45 33 87 86 14 85 16 3 46 56 97 56 83 85 6 99 90 35 86 35 33 0 74 96 58 95 52 
43 32 5 47 50 0 51 85 45 34 15 59 79 73 96 92 81 58 82 95 79 76 1 85 49 100 61 76 40 86 63 35 42 100 95 62 96 56 81 78 47 18 75 75 84 74 6 12 39 29 100 80 63 37 2 47 8 24 20 90 98 3 17 65 29 61 39 70 22 74 
38 54 98 13 29 97 68 33 26 25 69 30 95 14 26 21 46 16 13 19 83 3 10 62 48 93 23 73 50 82 62 33 55 24 56 82 24 3 87 73 52 82 30 58 36 93 39 66 45 16 33 51 12 27 50 81 10 84 96 26 41 68 43 41 57 50 33 53 53 47 
20 16 32 49 31 94 67 97 82 64 94 19 51 38 17 54 93 89 25 32 71 69 22 97 64 78 98 58 25 17 85 97 80 68 48 93 58 94 64 38 9 22 70 17 73 61 74 11 16 0 67 98 99 70 35 14 83 77 91 51 96 54 85 19 42 23 5 78 50 58 
54 52 53 7 42 21 32 6 2 21 89 12 70 86 61 33 64 93 64 9 9 50 89 4 19 73 94 60 76 45 93 7 47 51 46 81 11 9 64 20 20 6 98 85 50 15 44 0 16 4 96 53 16 94 69 48 54 77 64 77 42 0 46 48 89 1 46 19 20 56 
8 55 6 84 8 65 83 58 6 30 17 62 90 19 19 74 73 89 87 82 12 12 76 61 41 2 14 47 39 8 0 19 25 73 21 48 42 17 28 3 21 51 25 14 19 19 54 48 32 91 63 59 4 79 89 84 79 88 26 9 24 89 50 60 66 77 41 30 63 14 
93 13 6 67 1 62 98 78 61 61 30 9 90 49 95 37 38 11 5 98 25 26 12 75 64 90 64 99 66 40 59 84 90 62 4 9 68 1 16 78 28 64 58 45 7 15 54 66 36 28 61 60 75 9 5 38 32 82 3 20 52 55 100 22 61 8 45 89 20 43 
20 58 79 57 75 2 62 23 42 68 67 46 97 26 46 14 57 94 88 31 13 42 28 89 38 8 37 49 97 49 96 57 52 100 2 11 52 78 26 27 83 71 92 48 18 55 93 72 29 72 54 97 54 43 36 76 77 20 40 60 73 98 9 17 67 24 17 36 55 94 
75 40 60 34 50 48 10 21 83 53 9 66 1 37 18 70 0 42 100 9 3 89 86 91 20 15 19 80 52 67 38 19 91 97 2 4 88 40 20 16 36 76 87 13 16 42 83 29 99 19 56 38 0 63 49 38 83 89 44 85 44 38 82 91 73 58 62 21 64 30 
67 63 46 47 94 65 58 6 12 72 22 100 7 43 36 85 64 45 37 37 61 38 39 89 7 2 95 84 10 73 84 33 96 75 55 97 10 60 69 69 23 97 32 57 54 19 42 15 48 15 13 84 64 79 8 29 96 53 13 38 18 68 32 27 23 85 1 80 61 88 
46 3 62 41 96 40 24 93 69 31 77 75 99 84 79 87 43 82 25 50 14 60 45 15 90 20 97 100 37 20 18 35 33 32 91 95 48 95 17 2 31 76 10 36 89 72 89 81 21 4 9 25 40 0 33 100 33 31 23 7 9 33 51 25 93 80 14 48 5 59 
2 52 37 16 29 81 61 13 23 70 11 12 89 62 63 8 9 36 26 15 98 9 95 25 47 23 72 17 1 75 15 36 0 56 15 20 9 5 0 59 36 67 81 57 2 58 30 66 76 35 64 3 83 78 44 55 69 16 16 45 74 9 77 50 45 77 42 87 68 23 
67 57 90 48 76 21 68 34 64 51 98 37 73 54 77 0 16 74 35 55 88 39 31 34 8 71 89 26 25 68 29 86 36 45 1 54 50 81 69 10 6 80 34 51 12 72 56 94 37 46 70 66 17 24 60 24 56 7 88 3 73 95 65 25 51 75 0 8 40 20 
88 50 0 90 34 96 35 48 0 35 13 28 94 31 35 20 80 28 49 12 93 99 11 96 51 21 49 35 3 66 60 51 99 32 37 94 90 63 59 96 20 43 79 49 28 8 28 17 35 88 82 75 75 44 11 81 19 40 98 96 37 41 47 16 16 74 23 19 30 0 
97 72 69 82 3 0 51 95 33 5 77 63 14 66 66 96 3 54 18 64 85 89 18 45 100 70 80 78 54 29 63 91 74 2 27 50 100 63 22 76 42 30 55 13 62 98 30 50 77 90 59 9 73 48 60 57 99 32 94 40 21 22 42 61 62 39 29 88 22 67 
86 0 95 2 82 59 70 8 37 90 66 73 64 61 38 15 45 30 40 64 16 94 50 60 89 79 57 40 40 53 47 8 91 55 50 64 81 24 21 13 69 7 6 68 69 24 56 94 95 47 79 37 16 17 53 64 80 13 18 64 61 51 16 17 21 75 6 2 17 2 
76 75 76 86 0 30 24 60 77 19 30 42 95 11 69 94 77 50 59 86 51 0 14 71 12 88 74 86 60 20 34 89 8 24 76 6 20 11 80 48 41 46 75 0 41 1 82 39 32 53 6 55 12 90 1 57 54 7 21 1 75 82 53 1 22 59 13 7 80 85 
69 20 49 21 73 43 85 52 84 41 39 9 11 81 32 29 24 33 11 16 11 91 32 65 81 89 19 69 17 74 53 72 63 95 19 53 49 56 22 100 24 51 5 46 37 73 91 67 5 45 96 62 2 70 82 53 13 22 92 97 90 48 80 23 21 73 78 93 90 76 
52 83 52 35 34 24 8 10 47 42 79 74 62 1 86 95 61 98 86 52 90 94 94 95 82 29 1 100 56 20 50 88 90 64 89 20 65 38 60 77 0 21 20 77 1 61 83 19 98 62 11 33 35 65 74 42 6 93 15 31 74 29 94 62 58 57 69 70 58 10 
62 48 93 6 96 14 75 10 53 26 23 100 80 5 35 24 62 100 78 37 10 16 66 76 75 23 27 66 27 52 83 39 19 72 16 16 99 17 48 28 29 87 78 47 84 10 59 74 76 76 39 48 19 6 86 41 34 42 79 22 81 61 86 2 47 90 76 80 30 72 
51 1 38 89 50 62 85 24 85 33 85 100 98 47 29 17 34 53 83 55 6 25 84 68 5 56 88 29 50 56 79 57 30 2 89 76 50 66 43 69 55 7 52 5 41 95 12 9 67 53 51 74 62 27 34 55 56 94 10 42 35 100 6 26 42 53 85 9 57 63 
15 86 46 92 82 17 2 87 44 90 62 94 12 75 36 74 51 84 68 59 63 66 74 12 62 58 97 0 34 92 69 58 57 43 56 16 64 21 10 89 91 37 38 16 6 43 42 73 55 3 28 29 26 83 52 58 92 64 97 94 83 87 53 33 0 16 19 42 43 65 
13 57 93 25 98 8 15 66 14 57 72 0 75 44 75 44 73 76 98 54 86 20 17 40 50 80 97 2 96 57 77 70 32 27 44 12 64 26 2 99 14 5 57 73 25 46 85 62 41 77 70 19 28 78 67 28 34 96 58 63 87 58 14 71 53 93 82 85 73 27 
5 13 79 71 69 76 9 4 10 12 3 45 4 48 58 34 63 27 6 11 22 42 13 62 59 75 13 82 91 53 83 24 15 100 32 95 3 0 99 33 91 72 50 33 92 8 16 86 69 57 34 8 12 11 66 75 91 24 5 3 86 12 51 41 100 54 93 55 56 75 
88 31 9 21 85 40 29 62 2 79 88 42 19 16 23 49 22 61 11 39 13 58 100 7 28 62 89 1 2 51 26 92 75 96 78 13 55 84 16 68 26 11 55 93 80 22 32 80 0 18 97 9 88 50 58 11 17 88 64 39 89 56 3 80 95 5 30 42 75 6 
57 90 13 99 73 29 31 67 26 79 48 81 82 59 46 12 92 81 46 1 96 55 34 81 40 37 23 90 16 85 59 65 51 93 62 81 15 13 33 71 20 52 2 40 61 21 100 37 61 11 67 11 62 0 97 51 29 45 11 70 61 68 98 90 11 35 37 72 72 11 
81 59 3 48 64 46 14 76 84 12 59 86 33 14 3 93 7 49 88 5 55 78 8 52 84 16 44 32 52 86 86 14 27 2 6 14 64 61 79 97 64 38 71 6 33 12 16 18 17 3 43 13 70 2 5 52 17 47 3 85 47 7 73 31 21 54 28 54 69 35 
29 56 89 100 34 67 72 64 23 83 87 45 73 100 40 90 40 43 38 94 94 88 69 42 84 63 6 72 46 3 14 34 3 98 51 4 71 26 100 3 44 93 28 96 76 38 98 15 98 17 26 50 69 99 9 9 72 63 69 14 3 22 69 99 34 9 80 0 92 60 
64 63 14 85 49 54 66 40 68 65 62 32 88 28 51 71 51 59 66 23 6 46 26 4 17 38 23 66 22 33 57 67 78 26 43 85 62 33 37 38 65 16 68 4 96 9 40 82 54 6 46 86 16 51 16 2 42 94 95 15 100 3 32 78 26 50 84 65 99 23 
85 89 39 83 37 4 80 38 8 84 77 61 48 54 22 58 100 53 93 56 42 4 12 29 80 68 69 54 44 49 10 42 86 34 30 60 49 51 39 73 1 96 39 63 30 34 55 60 95 26 79 62 89 5 16 14 81 30 62 49 84 60 73 51 2 33 59 34 12 21 
51 92 64 36 33 96 71 36 43 93 95 78 56 94 29 39 86 5 58 29 52 2 48 52 97 100 7 66 53 44 39 47 66 46 36 7 32 70 71 60 35 19 14 40 16 82 95 94 52 67 20 48 82 17 44 22 30 48 4 29 2 72 1 31 15 10 46 55 99 79 
92 32 19 26 77 34 25 49 29 97 20 38 35 61 36 44 27 56 58 84 38 2 97 68 56 21 58 38 4 75 65 12 80 29 95 67 7 100 0 82 25 99 14 12 52 0 66 2 62 15 99 31 70 45 55 16 86 35 45 93 61 68 13 28 12 34 5 70 23 90 
35 16 2 88 22 34 57 56 8 62 31 72 19 40 21 68 27 64 70 44 61 92 65 85 71 56 86 61 25 98 96 21 52 50 46 50 9 46 49 52 1 27 68 92 45 14 55 96 55 82 96 44 97 6 24 95 23 20 30 85 10 26 1 50 19 63 17 61 49 15 
13 54 57 74 41 97 47 71 71 8 64 13 69 30 41 38 68 40 51 85 19 44 49 56 6 74 82 24 16 30 33 2 50 11 56 2 56 9 36 89 75 40 28 44 84 76 56 87 72 30 44 27 71 57 64 61 44 16 43 49 67 37 91 100 5 15 58 80 64 88 
57 90 32 27 28 42 45 10 30 45 69 57 84 75 98 84 64 9 75 48 20 43 7 11 62 68 0 97 82 9 98 10 59 53 7 93 22 15 4 44 32 0 34 71 96 31 45 58 93 75 2 44 63 42 85 29 87 22 10 76 46 17 82 87 67 90 12 70 18 68 
26 27 92 13 88 52 55 9 81 8 97 10 14 53 5 59 45 74 86 98 53 96 85 50 82 17 89 58 69 19 73 39 74 57 19 50 2 61 5 94 99 38 53 8 72 96 44 7 79 57 52 49 79 3 89 78 54 10 63 22 34 4 74 66 57 63 22 31 78 52 
35 2 67 43 4 80 24 32 60 36 63 32 63 48 67 42 46 18 61 54 86 76 79 87 91 80 46 12 78 90 91 42 38 63 91 44 94 29 46 3 3 100 58 49 57 97 15 44 91 64 8 0 15 63 90 13 73 41 55 72 64 74 74 70 99 38 90 22 61 26 
44 74 78 94 62 40 49 12 37 40 62 51 64 59 71 74 94 36 59 1 65 94 17 42 5 29 98 35 56 30 28 44 99 10 75 42 46 15 99 10 72 49 26 75 95 37 95 75 31 52 65 49 21 40 79 82 90 69 79 80 100 48 86 2 88 73 48 53 5 13 
98 16 90 65 6 77 61 25 13 55 65 17 15 65 20 39 24 63 29 66 92 40 63 6 80 40 37 33 48 16 13 19 73 74 15 48 79 39 34 10 38 100 38 67 6 18 83 14 48 10 86 47 57 48 44 93 49 17 55 47 59 16 76 87 45 62 37 61 98 62 
60 75 89 62 1 19 53 25 51 54 82 7 59 71 82 49 52 6 69 5 73 47 44 20 21 49 62 31 27 89 97 62 17 51 74 78 94 30 78 70 75 59 47 94 42 90 68 67 5 54 92 8 39 21 31 49 7 70 75 84 27 68 75 18 49 42 97 35 26 57 
91 92 38 91 61 59 41 57 58 67 83 95 38 21 18 15 98 72 42 37 39 44 5 43 6 62 97 24 35 92 56 37 53 86 55 27 13 11 62 15 57 56 13 17 43 86 23 13 91 75 31 58 32 37 22 47 90 0 60 99 34 21 63 60 12 71 4 87 61 34 
40 52 3 39 83 14 26 99 61 7 20 87 67 75 69 57 59 43 11 32 62 67 94 95 97 24 80 83 92 15 71 65 22 9 22 74 14 57 95 14 84 26 63 0 32 11 9 86 72 61 95 89 55 96 65 27 82 76 80 6 54 39 4 72 56 43 20 74 99 18 
14 80 4 98 92 99 58 52 75 4 61 88 9 96 49 88 71 15 70 49 32 26 59 23 56 93 48 67 12 99 74 52 98 12 3 84 19 87 47 63 45 19 2 55 50 62 78 4 16 98 52 80 58 16 48 6 15 32 10 70 6 16 61 25 32 14 96 79 77 14 
84 100 21 53 83 9 35 57 16 74 15 18 97 3 60 15 11 68 16 14 18 10 95 55 45 34 19 61 29 13 92 67 61 4 30 77 74 53 71 60 63 80 97 45 9 81 45 55 75 44 23 4 17 15 10 57 73 95 49 2 11 24 55 15 61 79 78 38 56 36 
7 14 10 12 20 79 75 55 83 68 11 43 24 7 6 77 84 17 21 53 96 21 46 71 99 11 92 35 55 72 49 2 89 96 97 54 46 83 59 41 58 86 37 99 60 92 2 24 49 18 36 31 98 80 9 7 36 94 71 29 60 5 72 49 87 61 99 88 78 43 
31 49 77 17 82 89 30 68 50 4 22 86 62 57 80 1 49 73 2 63 32 95 90 89 59 34 2 90 20 65 65 21 28 66 26 42 74 2 46 13 82 61 68 20 64 34 77 49 47 2 32 68 24 18 79 81 45 60 37 41 83 50 41 99 82 2 62 3 70 80 
63 79 95 16 15 96 10 24 38 90 84 65 39 15 43 81 76 78 60 87 97 20 22 43 63 75 25 60 82 65 21 43 16 8 96 14 45 92 53 70 92 19 22 71 69 35 45 12 85 87 54 33 27 72 75 92 16 67 63 1 17 59 34 70 73 85 38 8 72 74 
