180
180
19 44 42 37 68 33 29 94 14 81 85 43 39 1 11 90 67 85 90 23 86 3 12 54 29 92 84 68 36 29 15 32 3 29 57 94 0 2 90 80 68 45 100 36 46 61 95 54 70 39 24 53 43 7 98 0 57 12 0 0 93 35 60 12 26 42 63 65 70 92 88 27 13 76 16 4 52 24 57 26 21 74 97 83 58 41 25 93 48 85 50 38 63 17 9 75 27 67 4 90 98 89 1 83 43 3 22 7 83 47 47 10 3 58 96 23 35 45 5 52 73 57 76 73 88 100 16 29 23 36 64 44 32 40 32 99 81 66 16 65 7 29 13 59 82 42 0 35 6 16 44 46 5 73 74 44 22 76 61 97 87 88 84 63 91 80 44 83 88 82 75 39 10 80 36 33 27 10 72 25 
38 25 0 4 48 64 33 7 88 75 44 33 65 99 57 40 49 89 42 18 6 61 37 47 98 18 93 19 41 9 20 81 24 88 76 72 81 82 29 26 74 81 44 49 8 90 63 23 10 9 12 33 6 24 37 39 68 3 77 11 45 82 71 56 93 14 36 31 6 69 19 9 14 21 20 21 44 63 98 37 18 23 29 99 62 8 72 68 86 37 72 55 50 91 72 25 9 4 72 20 49 32 2 5 25 42 36 29 5 41 63 59 58 23 45 9 12 80 33 82 78 93 93 50 89 60 28 67 47 99 27 81 66 11 48 84 47 87 12 49 0 12 62 7 42 83 49 56 96 48 40 5 30 55 75 18 49 15 17 3 59 70 77 18 58 5 95 47 39 88 94 52 62 76 46 0 21 85 20 93 
85 89 65 35 10 55 37 48 71 88 59 35 90 14 43 60 19 91 87 76 82 4 49 72 42 10 80 32 23 50 89 76 28 69 0 20 70 78 5 18 35 72 62 94 71 95 61 85 90 24 74 50 40 62 54 30 85 66 93 16 25 10 6 48 45 47 73 30 90 16 96 29 44 31 51 13 88 79 94 41 65 39 2 26 4 21 32 39 32 66 79 88 53 10 52 55 18 38 71 24 49 50 42 85 37 44 23 31 1 87 9 29 9 28 79 4 70 3 29 16 77 13 51 100 100 63 26 63 47 80 99 25 13 41 76 13 86 89 38 88 81 66 27 17 44 41 73 92 44 65 60 40 15 96 76 8 93 57 87 59 53 91 9 78 19 100 88 96 19 38 85 75 92 0 34 62 40 78 4 48 
99 35 82 40 30 15 46 93 66 14 48 87 34 29 69 97 96 85 25 63 85 25 72 63 95 45 3 9 24 33 43 18 60 12 33 83 59 32 24 82 53 66 87 95 55 77 74 71 50 59 73 49 57 38 34 31 6 12 14 74 66 5 97 63 1 74 20 73 67 12 53 78 35 69 35 49 82 89 56 99 88 37 12 56 34 38 98 76 25 65 21 31 79 2 31 13 74 73 84 89 9 20 78 92 6 43 37 72 45 99 91 99 60 53 62 31 35 89 64 22 36 97 24 37 43 37 64 32 10 69 9 41 53 95 59 96 90 2 7 15 75 27 43 56 78 96 72 7 40 20 73 92 74 65 0 76 39 50 2 100 23 65 7 14 20 9 65 91 58 50 99 56 59 88 18 1 30 81 39 11 
94 12 97 12 60 79 82 16 55 48 11 59 1 37 92 67 65 65 47 42 87 67 30 58 23 46 80 81 6 50 60 59 56 84 34 76 66 20 68 11 18 76 68 56 51 42 80 57 49 97 20 69 50 95 59 91 27 50 64 23 17 58 90 9 25 100 70 50 36 78 49 88 91 80 73 66 36 83 43 22 82 98 78 30 11 82 27 13 78 85 13 66 54 53 80 80 14 84 6 38 54 56 44 16 12 82 32 24 85 38 37 16 24 16 79 66 26 77 53 0 38 39 8 11 73 62 48 42 10 37 100 51 77 82 99 47 15 73 61 45 99 95 21 79 49 91 71 31 69 57 65 48 60 86 83 16 17 53 76 100 55 51 93 98 5 66 14 40 4 85 88 27 41 3 21 15 35 48 34 57 
40 4 88 50 11 91 8 77 66 19 6 56 97 68 53 87 91 50 59 53 50 6 24 16 15 59 42 23 52 1 19 45 17 71 71 21 57 5 26 87 16 38 30 0 39 14 6 43 40 15 67 72 13 45 55 87 38 26 76 47 71 84 33 13 19 7 92 20 42 41 1 62 72 78 84 46 92 64 51 34 49 81 26 16 0 10 10 4 49 60 50 44 7 6 6 8 52 70 74 76 47 56 59 58 83 90 57 87 7 65 84 86 21 13 22 62 32 44 25 88 65 80 36 15 79 7 41 22 95 22 37 40 39 85 84 34 87 91 46 92 63 63 96 50 80 21 63 56 26 82 58 84 25 9 90 42 29 7 55 50 2 87 61 66 7 6 27 95 42 18 66 79 12 60 0 83 59 45 44 81 
38 9 80 27 14 0 76 47 49 53 66 64 60 20 76 36 57 96 85 9 6 30 98 47 78 62 72 12 39 90 90 61 88 91 50 95 56 63 65 60 72 92 55 92 52 75 84 15 51 54 33 91 42 89 78 17 77 78 79 71 37 11 2 92 51 20 32 45 74 67 25 40 29 87 68 90 20 27 15 97 18 20 68 83 68 53 97 95 91 11 99 71 60 79 50 98 46 29 100 72 24 18 89 80 50 92 100 21 3 36 72 42 90 5 45 70 3 64 91 82 79 91 13 14 33 27 65 42 36 59 26 89 4 30 80 1 9 23 22 19 62 1 78 42 35 34 93 28 5 94 14 44 73 20 1 7 54 11 94 87 18 18 50 77 19 3 40 32 91 61 79 98 61 17 49 100 56 56 9 56 
32 56 39 60 27 59 46 78 2 94 74 29 0 70 40 100 56 11 70 12 49 99 15 12 70 54 92 65 23 79 93 57 85 93 99 27 83 86 15 98 25 78 43 7 9 63 19 73 88 43 32 81 43 64 61 17 96 66 74 35 88 38 52 21 30 34 85 17 55 51 76 54 71 70 47 44 80 24 24 76 89 85 26 80 25 50 66 11 90 45 75 64 28 53 15 6 32 81 54 96 38 100 12 28 29 7 5 62 85 90 69 91 65 36 88 51 43 80 71 52 13 17 93 30 40 91 38 53 67 31 71 32 93 32 48 79 35 38 7 70 28 64 22 91 14 11 80 76 91 33 62 43 13 26 29 90 86 1 47 1 43 97 74 48 43 100 57 75 70 67 38 65 90 50 3 69 35 88 72 47 
21 51 11 69 43 65 79 82 43 1 100 54 45 29 31 20 42 10 59 36 63 10 45 76 6 87 73 34 43 12 99 91 93 13 7 10 81 18 65 27 24 67 20 46 62 93 35 76 25 65 38 78 26 46 76 86 68 33 74 83 63 14 17 75 6 58 10 82 66 82 48 44 4 6 30 45 54 73 12 23 11 34 19 87 9 33 89 13 59 61 28 73 68 86 5 25 17 44 4 31 85 12 13 2 92 2 91 58 45 23 34 1 47 92 30 65 95 29 17 7 15 26 62 45 20 82 28 92 56 62 96 35 93 39 15 92 32 40 49 29 61 77 9 26 74 79 6 93 12 65 85 3 55 99 81 89 69 22 50 12 79 75 24 34 36 27 80 83 25 37 20 68 46 93 34 23 65 14 55 7 
12 98 84 38 80 90 52 39 48 5 24 59 42 87 97 84 32 27 24 97 14 24 90 73 6 5 56 7 96 12 65 35 32 76 3 56 30 44 90 15 59 49 33 5 86 45 98 48 68 63 94 28 32 89 68 61 87 22 21 16 81 84 2 19 42 1 14 35 8 79 37 57 55 64 4 91 6 71 94 36 4 77 64 76 88 77 95 100 62 7 41 28 26 46 14 46 27 48 48 32 76 32 40 99 7 11 66 67 22 2 2 100 11 77 64 23 90 8 5 12 15 4 27 20 65 93 15 16 67 54 71 84 79 40 0 85 29 30 59 47 100 45 62 57 92 28 13 23 63 93 54 80 1 64 62 27 71 31 37 37 81 68 46 5 40 17 52 85 55 6 28 23 96 67 62 81 89 70 93 37 
13 46 30 40 74 33 17 94 12 13 17 33 87 31 29 59 67 86 31 85 17 17 71 46 91 4 99 61 14 91 93 16 72 87 90 75 39 50 81 36 59 100 74 43 61 71 38 99 1 91 16 44 20 100 6 71 45 33 14 47 28 9 90 25 97 57 60 96 31 60 18 32 43 35 79 81 33 84 73 21 12 14 73 86 97 86 80 15 90 69 31 19 95 75 61 49 47 97 95 1 41 81 5 70 91 16 25 54 94 49 83 90 2 19 67 69 51 46 77 1 34 19 37 81 76 51 97 17 55 64 7 66 66 14 86 21 98 51 77 49 71 34 52 76 72 60 33 33 65 44 12 54 55 30 24 53 1 66 4 15 0 8 96 5 67 73 4 70 50 11 24 56 25 5 100 65 38 72 93 52 
22 49 39 58 9 28 13 25 92 87 50 53 10 19 20 53 77 97 84 73 16 73 50 17 57 62 88 84 9 95 19 73 56 95 62 72 27 10 30 92 1 36 50 8 85 55 17 11 19 41 91 82 92 32 4 62 53 55 93 64 96 75 91 6 14 30 23 55 74 0 48 82 15 10 71 73 28 70 12 0 96 36 77 17 12 4 26 21 49 99 17 5 59 85 24 59 83 3 20 19 25 7 52 93 31 55 18 33 70 14 18 33 80 15 2 11 58 23 10 70 84 61 55 10 48 52 81 87 96 39 52 47 75 100 56 7 94 72 80 74 43 100 51 95 68 1 20 94 49 2 67 28 31 90 65 47 98 24 36 54 50 4 31 96 38 18 3 16 32 77 25 86 2 26 60 48 40 45 1 94 
98 3 77 32 92 75 89 41 84 44 23 10 26 53 70 6 27 83 29 91 85 73 100 75 12 1 64 70 22 82 92 42 5 38 73 89 42 3 39 10 62 56 59 89 24 97 27 97 60 60 79 81 87 16 83 78 5 97 53 58 90 99 45 98 87 31 70 36 73 81 20 41 2 54 88 49 96 75 24 7 77 41 12 19 100 92 64 81 37 83 60 52 79 49 63 53 27 83 80 92 47 42 62 51 49 18 49 35 88 55 81 96 91 38 60 57 81 95 7 73 59 64 76 87 2 44 99 74 67 27 21 34 97 57 95 82 83 66 20 71 84 17 93 77 94 95 100 47 51 78 100 32 75 88 54 6 61 21 100 81 27 28 36 25 69 93 99 27 97 81 27 82 81 69 10 30 8 100 8 31 
79 96 79 45 86 56 39 0 79 75 31 9 25 70 66 90 2 44 81 25 62 48 99 44 16 69 93 28 79 43 85 54 22 84 93 92 0 77 5 76 81 69 74 7 29 75 49 37 9 69 58 28 0 8 10 18 16 38 5 19 83 51 35 97 77 67 99 74 20 4 28 17 33 92 43 84 12 69 59 96 77 97 66 21 90 4 89 57 33 32 56 18 74 21 24 9 79 66 3 46 57 9 37 39 55 19 34 55 50 37 70 26 3 74 62 79 50 98 9 41 82 81 10 92 17 78 54 41 3 93 1 15 15 59 42 64 6 47 54 80 27 61 78 78 28 100 6 38 89 49 24 27 61 95 56 86 59 61 10 91 31 33 92 58 42 2 76 91 25 57 54 58 22 6 56 58 30 92 64 76 
27 14 67 75 16 80 94 46 55 51 79 37 24 63 91 65 1 83 33 59 39 48 93 57 30 28 14 6 8 40 78 81 89 85 47 31 29 91 59 84 17 9 24 3 1 63 96 41 84 51 85 29 13 77 19 40 34 5 6 2 0 65 56 44 15 64 84 30 11 90 40 87 90 96 90 44 21 85 22 80 12 18 1 53 99 30 22 97 34 73 1 7 85 21 92 29 13 3 79 35 41 73 2 87 72 91 76 0 88 69 1 96 47 4 50 38 39 81 90 92 4 30 40 15 49 57 84 13 64 34 66 85 78 74 34 20 83 44 51 69 23 73 44 86 45 40 97 65 47 29 88 21 45 79 11 68 52 32 27 3 23 74 8 15 72 0 35 0 77 6 35 74 38 8 100 52 60 27 25 88 
66 91 47 84 64 75 89 66 51 71 15 77 39 25 36 50 23 57 30 92 17 59 32 0 61 71 33 93 82 55 77 11 90 2 15 91 59 34 4 22 70 20 14 11 64 92 49 64 85 46 18 87 91 23 32 33 86 66 39 49 25 92 69 66 53 61 34 18 47 45 75 85 15 92 98 55 16 44 39 41 69 99 22 7 3 7 30 23 11 45 80 46 29 87 2 74 38 47 72 59 17 32 33 40 74 31 29 29 38 33 10 43 80 87 92 56 43 83 18 28 40 33 76 36 84 21 72 38 79 60 13 22 91 37 53 98 2 70 98 87 84 55 47 12 35 29 4 5 82 6 84 68 47 50 7 96 80 20 66 31 7 72 87 7 36 87 46 51 85 32 87 5 49 79 41 77 60 87 38 54 
76 62 98 44 12 38 95 3 93 39 50 66 28 42 21 53 23 12 45 29 88 68 6 78 58 21 9 75 61 43 91 30 56 38 71 26 5 83 21 82 77 26 38 90 88 37 90 26 89 62 6 63 80 0 98 1 42 29 77 0 79 95 70 42 1 25 43 51 39 34 58 65 63 58 83 59 88 20 9 59 28 19 36 79 48 17 30 37 65 58 93 97 11 97 19 74 34 19 52 43 2 21 98 92 33 13 100 38 81 20 0 96 83 36 38 34 23 67 50 64 13 24 28 75 3 38 40 14 2 33 14 7 13 60 24 42 81 20 89 44 76 73 82 44 23 17 53 34 68 34 16 70 92 60 80 47 49 35 89 65 68 77 27 36 82 90 25 95 4 84 92 48 33 67 1 91 12 24 68 71 
42 61 49 41 40 69 63 40 47 41 48 61 26 63 89 68 37 72 40 11 30 87 62 57 94 24 96 57 52 55 65 10 89 80 46 72 56 91 64 14 16 10 6 29 23 16 36 2 57 52 95 43 42 77 42 86 85 60 48 42 78 61 36 58 12 96 69 46 72 40 65 61 23 18 71 79 60 89 46 68 66 15 89 80 8 31 92 84 77 61 30 62 38 99 79 13 17 37 67 84 64 68 89 46 61 64 89 53 22 42 99 81 87 35 56 93 53 18 26 18 34 94 49 18 99 55 73 84 59 32 48 35 28 47 26 32 62 76 10 60 24 17 44 42 91 3 17 61 55 48 78 100 7 38 19 87 77 20 65 78 31 27 79 93 77 47 66 22 17 100 58 42 4 14 77 33 40 12 19 67 
70 67 89 0 35 12 57 95 53 39 40 27 7 91 87 36 79 88 80 2 1 47 53 4 32 38 88 24 80 65 8 50 69 72 69 32 36 38 18 90 97 26 64 32 11 52 82 22 60 53 65 70 80 63 80 78 30 20 58 56 85 97 87 85 35 10 55 96 88 42 32 93 5 39 13 73 34 38 71 58 3 35 26 83 83 15 83 56 6 18 45 54 46 63 30 74 61 26 5 81 48 9 99 46 99 90 3 36 26 97 39 100 3 30 58 91 1 21 73 63 45 81 4 14 51 8 38 15 64 83 18 23 12 29 35 21 86 21 24 69 51 87 54 36 63 8 89 49 93 34 88 51 56 31 73 64 67 78 15 6 87 68 37 10 1 17 81 0 24 25 64 9 18 4 6 99 22 10 37 1 
73 48 20 24 83 55 5 76 76 58 33 12 19 15 23 71 98 8 34 6 41 23 81 7 44 44 68 69 71 49 61 48 47 17 99 19 37 62 38 66 41 66 6 15 2 56 81 63 0 21 90 57 79 36 95 57 80 9 58 78 39 61 95 78 39 63 28 40 17 75 41 83 4 91 69 29 0 15 23 4 68 25 5 87 81 7 1 29 26 10 25 95 79 27 91 75 25 98 25 20 45 13 62 91 64 22 24 5 68 52 37 55 68 89 0 93 18 95 51 72 13 97 60 87 42 25 67 84 43 43 50 58 55 70 86 64 78 31 38 3 45 36 55 98 38 71 29 95 35 55 37 72 93 92 40 56 41 92 8 52 65 11 89 72 6 98 62 16 76 64 62 19 42 68 57 15 3 23 27 67 
24 60 97 82 75 3 61 32 14 28 25 66 53 99 59 20 64 7 18 11 67 35 58 85 78 30 94 91 83 85 49 59 19 28 87 88 10 84 65 81 53 92 100 50 16 74 44 17 99 6 98 2 96 52 9 84 19 65 6 49 68 62 79 80 11 42 15 48 1 58 77 5 84 13 69 78 30 28 86 90 65 45 40 51 30 49 16 4 37 97 7 63 55 55 73 16 54 3 45 12 94 22 43 96 9 48 92 12 39 36 73 44 68 30 42 11 38 81 66 25 85 53 65 46 62 91 52 93 26 86 88 73 79 99 58 27 81 9 34 27 11 8 64 100 20 14 17 24 77 94 29 20 86 75 100 24 57 57 75 99 76 67 18 88 43 33 21 3 61 28 60 97 94 97 35 89 79 13 10 39 
47 75 87 32 92 90 69 2 13 18 63 94 18 13 95 8 99 4 81 29 20 29 12 3 30 45 42 36 41 4 76 65 53 27 84 49 24 85 93 49 54 56 22 27 30 28 91 64 32 47 33 25 43 35 76 72 82 28 64 51 59 9 3 19 73 98 42 26 17 92 58 15 79 17 37 14 23 40 18 34 91 100 18 40 32 58 75 48 100 41 38 35 95 99 21 62 89 78 13 54 49 74 58 66 47 96 26 47 45 35 18 86 82 87 34 50 7 28 100 77 3 80 51 12 98 33 70 80 87 65 28 83 48 76 37 19 91 13 83 25 98 43 97 74 74 80 33 87 0 83 87 80 85 13 42 87 3 69 50 36 90 41 39 84 50 94 67 3 95 0 69 27 64 35 58 20 96 16 90 97 
76 85 16 97 56 79 55 95 97 57 9 19 45 83 86 4 18 11 3 26 64 66 79 19 23 72 80 32 9 32 98 10 13 68 57 18 40 2 10 34 79 43 93 67 88 92 75 87 62 73 60 63 16 12 9 19 53 56 54 57 72 44 63 8 6 89 52 99 25 13 98 33 51 22 81 67 78 74 83 42 40 30 18 41 6 83 29 57 64 63 24 63 96 60 60 24 99 88 43 22 96 32 25 36 29 63 61 17 97 44 83 84 62 55 75 73 96 0 94 24 54 26 71 49 2 62 70 26 55 15 31 35 49 7 40 4 41 18 74 99 19 20 49 85 97 24 23 16 90 53 62 41 26 78 90 9 3 81 64 93 81 96 100 70 62 11 17 39 100 68 94 69 64 27 50 69 62 3 95 59 
34 9 90 54 86 96 79 32 46 38 98 24 57 92 47 17 31 95 36 28 34 55 21 24 89 15 63 100 22 100 20 97 64 91 9 6 60 52 50 82 23 60 45 9 24 2 27 44 9 89 26 23 74 50 63 3 73 9 91 57 78 24 3 90 17 98 15 75 15 43 64 69 60 79 66 87 50 28 53 27 70 85 61 0 94 86 41 80 71 84 43 53 94 35 59 30 40 82 97 25 79 35 5 60 0 68 99 24 8 5 97 10 2 63 37 20 15 63 75 43 13 48 47 45 19 52 50 83 46 52 83 50 51 64 30 0 96 75 60 5 28 63 28 68 81 26 88 86 16 20 14 9 4 87 95 81 9 97 95 37 49 97 55 77 56 83 18 53 84 73 57 23 73 27 28 96 15 65 55 34 
20 64 55 51 54 62 67 61 78 82 28 41 58 90 2 41 77 17 65 68 63 93 92 41 58 46 72 30 8 41 87 70 17 12 47 23 28 85 4 50 70 70 90 8 44 14 38 97 19 50 60 27 10 71 91 51 79 3 96 55 83 69 85 2 22 87 73 14 85 30 85 84 63 4 44 4 6 12 96 78 6 26 29 52 28 48 85 46 85 45 73 97 3 22 30 100 10 14 66 92 5 29 90 84 2 79 68 1 42 65 86 82 6 93 63 33 95 18 47 67 43 57 43 59 69 75 23 36 59 40 90 36 33 70 26 48 39 40 42 45 24 37 63 52 60 63 6 66 34 75 19 80 55 60 20 33 22 5 46 85 80 75 40 37 73 82 21 93 39 50 42 93 0 0 77 70 30 23 26 83 
94 15 93 34 68 72 69 71 100 54 39 42 64 60 81 64 60 22 18 46 40 51 61 6 11 34 86 90 56 94 58 20 94 47 72 81 48 45 88 84 29 48 39 40 7 1 86 38 18 85 69 33 2 19 19 26 65 33 42 4 3 27 80 65 0 81 31 79 34 97 1 5 90 18 88 31 75 91 94 41 95 45 95 26 84 71 26 81 77 66 38 84 23 30 44 100 88 40 96 75 67 58 12 21 36 84 11 95 71 75 39 35 7 3 70 100 55 43 61 7 91 75 72 28 74 51 97 100 83 8 77 31 8 68 87 40 41 95 2 52 63 8 94 7 5 87 75 100 32 78 30 1 57 100 73 44 31 31 38 39 65 71 12 46 98 11 80 12 59 12 62 78 89 35 73 37 16 73 60 24 
79 81 56 26 62 68 70 51 33 10 72 25 37 75 68 59 42 50 41 83 94 28 31 29 84 22 42 83 87 82 67 95 31 6 96 64 49 56 0 48 12 39 44 23 65 46 31 26 44 66 78 48 19 99 92 82 11 29 41 32 92 53 21 31 4 89 32 19 4 0 40 3 46 6 29 31 16 100 78 86 61 33 31 16 88 41 6 35 68 23 0 91 59 80 36 58 13 53 89 94 61 99 89 61 2 81 85 8 9 38 64 11 84 100 79 27 92 15 49 49 95 42 65 78 77 86 6 29 71 98 100 1 72 78 90 99 7 72 20 84 83 38 43 10 40 44 47 90 51 94 36 9 20 64 83 53 79 99 52 46 12 36 28 91 47 31 75 35 64 39 35 37 94 30 55 87 29 82 13 91 
89 56 56 25 71 5 21 58 57 27 15 23 1 78 76 4 70 50 6 41 25 17 72 51 7 18 85 70 18 52 56 89 87 19 33 15 17 13 78 38 1 50 8 5 3 79 31 67 50 94 82 83 54 24 77 7 52 97 75 86 3 94 25 9 29 63 21 36 32 45 87 7 77 79 86 41 58 70 44 100 53 90 80 22 96 83 19 96 71 75 95 87 61 2 37 57 20 93 85 8 37 98 0 73 38 75 81 22 28 63 68 62 4 80 82 68 17 27 95 88 38 63 27 70 5 25 42 65 40 99 47 16 34 19 70 38 30 95 24 12 75 8 67 90 76 70 26 80 60 19 59 79 43 70 25 68 99 70 3 17 32 94 74 19 77 62 10 70 32 22 29 7 16 48 45 28 85 78 84 61 
48 6 19 50 46 46 19 69 79 9 27 93 22 4 77 12 15 24 45 70 36 19 50 50 43 66 31 81 100 3 84 92 38 100 19 26 39 11 19 0 10 30 17 31 18 66 19 55 99 31 52 17 20 35 68 62 31 83 77 55 0 76 97 2 65 74 54 44 34 10 78 68 31 11 93 70 58 51 99 25 93 76 71 69 33 50 19 49 19 37 100 67 71 30 89 7 5 18 98 65 6 65 56 16 81 83 85 20 28 8 3 59 27 50 26 63 50 28 80 27 57 4 88 82 21 80 28 56 12 50 100 44 80 19 77 35 29 85 87 88 51 15 29 38 48 33 23 51 4 50 61 29 35 54 59 69 62 31 55 50 2 84 55 72 94 21 91 73 76 50 64 33 13 63 41 0 72 56 99 98 
88 83 98 64 25 99 66 24 77 80 2 50 50 35 42 34 37 11 55 0 20 69 38 80 18 1 7 56 21 89 91 68 88 63 75 64 28 39 100 40 52 93 0 14 16 11 33 30 29 14 96 54 98 22 40 13 3 41 35 55 61 73 73 28 22 46 74 4 20 57 88 38 63 100 50 7 74 54 17 31 40 3 44 63 34 53 63 81 57 71 56 50 25 3 3 44 51 72 18 42 95 74 44 54 85 72 13 82 92 85 25 15 88 58 67 92 6 10 35 58 95 73 60 32 81 78 66 80 82 80 64 16 12 94 7 83 65 32 61 80 86 78 36 3 50 0 91 45 2 84 33 39 4 11 56 96 95 21 90 75 79 9 12 36 23 1 17 41 92 27 5 95 61 16 67 51 35 27 81 28 
62 11 70 2 25 59 30 29 23 29 78 39 54 74 16 16 92 79 81 50 40 85 73 39 99 87 45 92 57 52 0 49 50 57 59 84 84 97 85 74 26 97 46 28 15 98 77 56 66 38 99 14 29 26 76 79 5 17 75 52 100 50 34 29 11 67 81 70 37 65 45 80 99 43 44 52 8 51 67 96 25 1 89 7 35 70 42 3 42 100 97 25 100 8 72 66 45 43 26 60 63 67 61 92 62 41 9 66 27 53 26 15 85 20 11 95 0 9 91 78 48 20 85 86 25 97 33 2 64 59 87 29 41 58 66 39 88 92 34 43 83 27 92 39 65 43 82 90 10 85 11 74 96 53 96 83 63 99 65 38 8 11 48 44 86 20 81 57 94 82 9 65 89 50 79 18 51 46 25 64 
17 79 9 31 26 8 0 18 47 71 38 45 8 45 74 69 49 86 89 59 0 38 13 52 14 89 26 39 85 98 98 61 34 55 86 12 75 30 85 91 41 50 61 27 66 33 42 66 87 30 36 68 51 18 41 41 97 48 42 1 50 31 11 5 43 30 3 30 52 99 36 86 53 49 76 98 71 87 34 72 23 5 22 4 36 85 67 26 50 68 43 22 28 53 9 71 28 12 84 11 100 68 34 34 43 18 2 62 15 7 90 70 91 85 22 86 37 90 29 40 69 0 84 34 45 76 91 40 13 1 46 45 67 18 99 23 26 19 7 97 97 82 43 40 34 54 10 64 38 65 100 36 87 23 36 75 84 69 43 23 33 99 64 46 51 59 51 100 64 23 51 20 98 8 69 28 97 32 84 55 
30 6 53 61 50 85 7 55 18 88 46 17 24 60 90 49 12 7 63 52 35 94 74 46 43 70 98 29 99 30 77 82 70 91 53 48 98 41 93 85 41 45 78 99 19 88 12 16 100 84 46 36 79 81 59 51 2 18 86 59 99 6 14 14 27 93 50 76 31 96 54 42 0 6 75 77 89 24 18 82 28 67 66 89 10 65 81 5 0 3 58 24 5 59 29 52 51 77 51 91 70 60 62 61 65 65 74 94 97 83 0 80 62 31 99 31 15 21 79 11 53 17 66 47 92 82 19 63 99 70 42 96 19 27 43 68 9 68 4 68 48 32 68 88 57 51 63 26 90 50 56 71 13 36 50 40 51 40 76 79 56 88 69 8 47 16 88 82 38 8 38 88 74 89 2 31 59 91 95 1 
28 91 3 55 51 65 19 14 1 24 82 62 65 46 48 37 79 77 5 90 48 60 11 100 23 33 69 17 22 5 68 35 0 56 73 5 83 6 9 94 63 14 86 20 41 16 81 67 35 74 29 60 30 32 55 41 14 12 95 97 89 26 36 42 59 99 97 86 44 66 12 56 94 93 19 59 27 85 49 84 91 98 35 41 89 85 97 81 61 23 72 52 18 26 60 59 43 11 18 45 20 73 53 18 26 63 69 66 27 87 94 55 78 34 15 48 42 78 38 5 96 92 70 67 21 8 27 93 31 14 20 97 2 68 13 75 52 38 49 69 68 90 6 95 9 75 87 93 9 84 46 56 44 72 15 13 48 12 78 24 25 67 54 63 73 100 83 19 49 14 100 17 20 18 13 29 32 13 10 36 
77 4 54 50 64 18 92 44 9 37 71 83 21 57 23 21 99 52 89 11 10 94 72 95 68 24 54 67 19 73 21 80 19 97 93 5 40 86 71 29 69 8 60 67 67 78 88 14 1 13 70 97 33 47 23 86 75 84 53 63 88 13 75 53 89 92 76 28 11 36 82 24 22 59 96 11 89 99 99 64 34 52 47 24 66 23 97 21 2 96 85 58 9 70 51 21 93 41 62 13 26 13 43 62 41 76 47 69 98 79 72 7 76 61 51 91 24 30 70 61 64 7 74 58 72 22 9 66 2 21 11 39 73 63 88 13 88 38 75 16 60 52 98 43 77 27 99 19 84 18 13 24 21 40 100 78 49 2 51 17 72 91 32 88 88 19 73 81 58 48 69 37 42 85 44 89 53 21 52 51 
80 23 5 88 54 54 46 84 68 0 50 35 4 75 99 28 45 87 91 69 98 89 18 64 12 55 71 37 5 13 81 83 55 64 50 25 13 9 43 17 13 98 16 10 24 96 71 44 100 61 31 43 39 53 34 96 50 98 63 0 84 53 86 51 34 74 92 88 37 98 7 79 82 25 9 57 94 73 31 25 30 99 86 10 64 11 73 75 100 33 58 72 10 61 74 57 7 58 74 61 47 96 97 49 79 38 18 98 19 2 92 12 48 9 84 46 69 80 53 13 47 89 23 38 31 21 14 55 47 95 69 84 52 19 99 4 70 81 9 20 71 71 54 49 6 78 44 100 34 95 5 4 88 20 98 72 7 89 57 77 81 59 70 98 68 22 3 85 93 61 0 93 92 96 16 36 37 39 18 90 
49 37 9 41 69 18 60 98 83 32 37 39 13 61 63 93 73 76 63 9 40 70 67 77 28 12 71 85 60 58 5 75 93 35 93 97 20 38 25 74 80 60 8 51 41 35 45 50 69 39 62 82 79 27 27 37 76 7 58 20 48 9 64 31 6 73 83 70 73 73 14 79 59 30 8 69 50 21 40 62 27 62 82 3 2 66 71 53 30 55 87 73 15 72 22 73 18 100 73 85 27 50 50 68 9 57 34 4 39 35 81 78 84 87 41 41 96 2 63 67 74 35 23 34 92 62 90 49 68 42 6 74 49 6 39 14 92 40 89 41 81 38 17 19 44 81 44 62 49 35 50 35 99 31 75 41 80 18 48 27 56 53 94 22 12 42 69 22 48 97 6 75 58 86 64 46 38 42 19 76 
59 17 24 93 82 80 57 93 8 76 41 83 0 6 18 90 13 76 15 87 69 45 47 44 95 26 6 38 45 52 63 26 51 67 1 34 52 95 1 98 60 31 88 7 59 90 36 27 15 51 59 57 97 74 0 55 18 24 93 48 60 36 14 18 60 63 62 69 9 25 23 32 10 15 59 9 58 89 41 80 77 83 85 24 100 71 23 72 81 93 90 17 39 5 5 44 6 69 19 21 15 1 72 67 34 5 42 62 90 39 93 78 98 0 100 55 44 75 84 84 62 52 19 10 12 67 77 14 54 74 41 24 19 17 13 66 31 32 9 32 28 31 43 92 28 93 79 62 7 56 63 46 97 91 9 16 89 62 31 5 20 28 39 60 19 25 56 86 27 72 57 27 64 29 22 50 40 51 100 60 
66 43 39 76 55 93 86 16 88 96 71 56 13 82 87 68 9 72 28 17 68 80 99 24 65 42 68 37 22 23 1 74 47 65 74 8 57 51 51 66 53 94 24 85 23 56 29 31 48 39 87 48 69 90 100 41 60 70 91 70 23 92 73 41 83 41 3 74 68 21 41 41 75 8 44 44 21 25 97 57 31 80 52 77 8 89 51 58 12 76 63 79 51 85 98 49 60 27 47 7 1 0 64 100 60 19 22 84 62 4 19 10 69 49 3 53 10 35 22 90 41 0 69 99 35 7 77 12 21 31 54 32 37 38 60 87 59 81 62 85 63 72 78 2 54 29 89 59 0 2 63 21 68 1 24 72 42 42 21 18 32 73 57 39 65 57 6 66 98 51 98 32 80 49 91 67 89 12 82 71 
83 16 57 88 64 7 59 78 14 5 44 62 59 89 69 9 57 65 62 86 1 59 96 52 96 79 57 45 100 67 54 53 70 60 62 57 0 53 59 66 20 54 26 40 14 56 96 97 66 2 6 19 39 49 3 78 77 95 99 54 4 82 64 79 11 96 36 82 89 14 57 18 0 42 88 51 58 83 99 16 83 52 84 45 40 54 24 97 70 16 64 57 92 67 82 89 15 45 71 56 67 61 1 2 29 0 50 91 85 39 69 21 75 42 72 57 23 98 52 51 82 74 77 46 44 43 64 29 88 65 68 17 95 15 43 63 80 74 48 75 31 42 35 66 32 18 51 40 26 98 62 57 93 22 37 44 100 41 48 39 74 62 89 88 26 22 80 37 83 71 1 48 25 80 31 67 11 58 12 22 
61 3 65 77 49 38 7 69 6 75 16 77 58 98 48 40 76 94 26 60 35 3 40 55 75 84 81 88 3 64 65 13 44 28 12 98 92 44 18 24 8 24 57 48 25 16 54 53 29 55 74 16 58 0 80 85 5 31 42 10 32 9 86 87 96 56 17 29 59 28 11 15 50 57 45 90 0 86 14 12 7 9 66 7 6 42 55 62 50 59 66 47 66 96 32 56 89 8 54 56 3 77 41 83 36 91 69 33 47 41 52 84 28 11 94 8 86 47 38 65 26 94 10 42 23 57 79 56 97 39 61 29 77 0 52 64 51 33 45 51 0 61 23 39 14 82 70 94 71 35 41 88 59 18 42 49 82 26 26 94 81 79 77 1 4 95 81 84 39 85 7 20 29 16 27 19 10 65 33 78 
99 21 22 68 94 63 89 74 5 6 58 59 56 11 100 28 6 96 44 41 99 96 82 65 53 70 22 12 17 38 57 95 86 73 80 20 39 23 98 35 54 46 1 32 40 89 58 86 48 60 49 77 38 26 21 78 12 94 78 95 30 56 74 65 70 50 20 16 47 60 52 0 89 37 51 28 97 99 83 35 99 13 36 69 95 5 62 74 29 9 65 31 61 0 24 50 52 65 5 66 11 84 11 60 25 76 63 69 23 86 56 26 83 8 0 72 15 18 16 76 25 51 39 50 65 49 41 2 63 18 39 93 14 78 38 1 51 43 95 100 92 20 22 42 47 10 18 52 73 0 85 74 76 74 78 27 40 49 54 92 31 11 38 95 88 13 94 100 42 59 12 13 23 82 89 53 48 55 85 73 
58 64 16 89 1 24 87 89 100 55 38 51 47 8 7 53 74 69 26 64 93 7 91 60 18 50 30 60 80 38 48 50 19 84 48 79 54 89 52 62 90 42 95 26 31 95 32 8 35 18 68 80 58 10 57 63 48 89 72 55 97 82 23 27 52 63 24 50 2 93 24 65 97 43 67 3 26 23 79 65 82 12 85 44 12 85 44 57 89 62 97 12 1 71 21 1 98 72 41 9 46 22 5 39 91 51 29 56 35 25 23 10 76 17 49 3 2 58 52 53 1 15 90 83 35 67 73 64 100 35 86 15 84 6 31 59 89 55 98 100 76 5 11 45 85 16 93 59 24 41 74 66 8 17 90 15 30 82 18 89 100 13 9 26 0 30 2 67 50 20 0 94 15 78 7 81 66 6 51 22 
100 31 66 93 31 64 45 85 50 9 92 71 11 68 0 47 31 84 77 94 51 87 49 28 72 73 53 58 60 97 90 63 18 50 78 32 17 0 41 99 38 18 83 47 65 11 6 60 21 5 1 10 47 57 35 48 12 81 74 93 35 80 51 63 78 82 34 5 45 1 84 14 7 30 49 53 59 92 68 73 73 49 2 29 40 26 12 93 40 55 45 54 58 66 43 93 73 24 33 3 37 5 85 65 82 85 77 51 98 40 17 0 16 42 81 64 95 30 32 96 85 19 89 44 49 100 24 1 88 2 4 71 91 86 37 16 27 54 83 93 44 37 50 49 96 55 53 56 85 46 98 57 26 33 20 27 13 75 43 17 2 84 22 97 90 57 40 83 91 40 22 27 21 36 21 10 63 55 3 14 
49 58 59 8 8 14 27 0 55 87 41 17 31 7 4 33 72 58 45 68 23 22 15 82 82 27 85 5 37 89 42 83 9 25 72 7 78 0 6 41 80 90 96 24 86 14 92 11 61 33 81 26 35 70 81 44 82 6 50 87 71 26 47 83 39 32 5 99 61 92 40 80 27 75 23 59 68 7 67 41 91 91 81 33 33 25 34 52 95 32 17 68 50 96 6 85 91 79 70 4 90 17 50 61 75 83 6 88 29 9 65 51 99 3 4 72 99 84 51 19 6 78 41 27 41 65 69 90 69 12 83 57 65 43 7 73 73 35 81 20 13 65 36 32 37 56 98 77 56 6 60 47 100 71 8 89 92 72 8 2 88 62 21 75 32 56 88 90 57 33 86 91 43 35 63 95 78 77 79 58 
94 58 30 98 98 58 28 45 36 0 90 91 32 36 70 19 68 16 62 14 71 58 14 19 43 63 33 84 8 82 95 64 96 78 97 82 38 68 0 26 57 67 51 50 100 6 90 75 73 84 100 91 61 2 22 16 63 33 27 33 64 3 59 22 55 51 3 74 24 20 52 69 59 54 46 38 92 75 64 5 71 32 14 53 73 12 91 37 77 93 97 81 99 4 72 94 84 65 24 63 16 97 4 46 27 1 37 45 33 0 52 89 66 36 89 64 56 81 3 8 0 75 65 4 67 29 85 56 16 25 79 62 78 54 17 30 67 27 19 28 83 88 65 44 83 25 95 100 21 99 63 34 37 65 20 9 74 31 60 100 3 87 17 78 91 32 82 23 29 41 26 21 77 47 71 25 20 26 95 22 
47 39 50 77 10 74 39 0 41 28 14 82 91 16 27 34 69 3 37 32 2 81 99 87 73 12 83 68 65 99 16 100 45 33 83 6 100 23 52 57 5 40 63 59 9 49 19 15 39 83 57 25 19 13 54 76 72 54 44 92 18 3 60 2 88 84 87 36 5 69 30 35 60 12 99 54 85 9 64 14 89 82 67 67 84 60 18 27 99 17 33 20 94 4 4 79 89 99 87 81 38 14 35 31 68 42 10 60 75 55 19 37 57 89 34 33 72 66 50 46 62 45 64 84 29 43 29 8 90 17 61 98 38 33 100 93 45 99 65 52 84 51 46 55 50 41 54 80 30 51 7 64 39 52 20 41 96 16 100 4 86 19 82 82 29 77 16 37 51 65 78 75 99 42 94 41 74 16 46 30 
60 7 58 74 92 52 44 90 28 81 29 36 58 13 1 83 0 26 37 26 97 82 91 21 69 76 56 17 62 84 88 51 81 70 95 3 18 9 34 36 13 56 70 65 44 78 71 17 58 78 86 75 81 95 85 75 72 90 77 39 45 59 79 18 41 70 87 89 30 12 76 68 6 67 8 50 59 70 52 46 41 7 8 84 77 61 38 100 16 99 85 88 67 12 17 37 84 31 33 25 3 41 97 17 52 63 75 3 91 4 84 14 82 63 87 91 49 52 17 42 37 55 49 67 94 95 52 95 68 2 39 0 21 60 23 87 24 21 54 19 15 85 83 46 80 77 98 43 61 7 74 15 0 58 41 6 47 3 66 91 81 31 84 69 85 38 4 14 29 61 44 45 2 10 98 22 87 8 76 69 
13 48 19 66 95 41 62 63 86 10 49 60 9 60 41 20 5 0 58 35 95 17 28 43 6 88 64 25 73 15 20 61 44 85 92 2 100 92 34 73 86 55 63 79 95 78 45 32 6 48 22 11 13 75 58 4 57 53 92 74 67 80 61 15 35 51 8 34 30 16 29 82 62 30 8 59 48 28 85 41 60 89 81 49 35 49 15 24 48 87 49 21 76 88 18 4 72 93 23 96 90 58 78 98 2 15 79 72 34 92 87 33 100 3 29 42 36 6 9 92 19 18 35 44 35 7 86 83 87 29 2 8 4 94 62 5 17 58 54 84 17 8 42 85 22 0 32 87 48 44 94 98 57 3 27 88 50 61 4 21 46 54 21 19 99 30 48 36 61 25 27 70 92 86 72 83 92 50 96 73 
31 15 89 67 74 60 93 23 93 74 60 52 86 95 18 10 59 22 49 38 72 41 63 86 26 7 10 85 55 12 34 26 51 84 43 70 80 47 63 81 46 99 58 79 40 54 0 61 98 90 25 75 78 17 36 4 61 35 16 45 97 88 73 96 15 82 22 2 16 65 63 91 70 46 16 46 17 91 84 97 44 28 17 24 65 21 58 52 20 45 72 82 5 15 40 17 82 30 75 77 82 84 81 42 65 26 39 3 45 34 41 65 62 57 92 18 37 69 0 5 5 77 53 88 84 87 6 67 94 60 93 96 97 79 54 80 66 55 81 17 75 65 23 26 33 39 85 55 18 93 72 2 87 24 52 9 36 53 18 87 15 78 59 29 62 59 93 35 14 33 66 11 79 79 3 99 100 23 43 5 
48 64 34 36 64 46 81 10 25 26 31 27 72 12 77 95 44 43 71 35 1 59 80 7 99 41 46 47 31 99 56 74 31 75 18 38 33 88 76 67 15 30 41 18 16 76 63 81 73 77 52 57 21 3 22 75 80 23 13 37 2 75 51 74 4 39 42 69 88 55 26 40 8 67 10 93 10 65 60 14 32 87 56 90 3 47 69 29 100 76 39 4 66 70 52 88 44 48 16 11 38 4 51 38 91 7 33 33 90 17 36 64 22 9 24 22 6 20 92 13 75 59 81 31 71 24 26 65 100 85 31 58 97 59 27 79 27 89 89 49 44 39 83 24 75 27 86 31 4 17 89 23 43 15 25 49 39 90 69 61 28 97 9 65 96 82 58 99 28 41 70 11 65 41 11 82 75 85 88 66 
18 84 57 12 41 79 47 63 25 87 46 62 15 97 14 81 36 79 0 56 65 65 55 26 30 32 85 36 13 88 74 32 86 82 98 24 92 44 93 57 52 64 14 0 8 92 64 60 99 51 46 87 28 44 21 89 97 31 49 63 18 90 55 18 52 18 61 86 21 93 12 32 93 67 4 37 85 85 72 46 33 84 9 74 30 5 45 64 62 68 30 9 74 81 76 90 10 28 67 80 43 38 34 79 29 35 67 15 33 60 81 53 20 78 52 3 14 7 65 92 14 82 56 88 70 35 69 62 6 79 19 6 53 75 53 48 99 31 71 43 1 77 25 17 16 10 25 60 53 4 48 37 22 79 37 68 92 34 50 62 19 6 45 88 24 62 83 87 5 65 96 58 50 84 98 22 77 93 2 24 
64 45 44 63 44 36 40 27 7 37 15 62 70 81 84 76 19 32 38 96 96 41 27 54 81 65 22 25 2 3 32 100 13 39 83 27 65 86 17 56 54 39 3 78 87 42 30 27 29 31 41 59 56 20 92 60 6 38 90 40 79 61 54 72 36 7 1 73 86 88 41 13 78 92 47 77 71 62 49 54 13 56 66 12 41 80 28 30 92 47 83 83 4 53 42 11 36 85 71 12 37 65 58 41 75 54 2 70 17 50 44 74 23 49 30 10 33 36 47 1 82 59 69 57 65 69 7 54 74 48 88 87 22 91 79 87 80 68 72 56 39 40 12 24 56 10 36 89 33 80 27 26 32 45 79 92 17 61 51 96 18 74 5 40 72 63 97 87 33 69 68 81 27 2 59 77 15 64 40 46 
59 84 84 71 46 33 6 18 45 100 92 98 100 55 73 45 50 8 37 27 54 36 66 9 22 36 65 54 69 17 89 98 79 0 33 31 15 34 51 87 87 1 1 9 72 49 38 67 70 31 65 77 44 90 20 54 48 18 67 97 77 76 9 85 44 23 70 12 73 84 47 2 88 92 100 3 68 50 3 42 51 86 21 73 74 59 94 71 5 100 93 25 27 74 32 29 50 97 32 64 93 28 5 18 38 54 78 54 90 14 40 85 65 12 29 72 16 41 88 26 43 98 69 52 66 13 78 23 82 76 44 58 32 12 38 18 46 29 92 6 63 54 19 37 15 48 79 31 27 72 10 17 75 68 15 5 62 38 57 24 0 89 78 62 70 20 65 93 4 74 39 75 25 65 29 65 24 8 52 51 
67 2 26 2 16 39 54 95 36 64 3 74 72 9 48 35 61 80 79 73 93 20 39 29 2 67 66 23 99 54 48 11 64 62 57 83 95 81 76 95 6 97 15 16 94 38 95 15 59 41 19 85 84 1 0 78 27 98 99 52 3 78 88 87 4 81 35 43 51 92 4 93 50 91 11 98 88 84 24 97 76 7 84 74 10 44 35 51 71 28 61 3 62 90 48 7 0 42 33 93 34 9 32 32 1 44 45 5 17 54 64 34 61 33 89 66 36 86 96 16 18 98 36 17 97 70 12 49 25 24 64 91 61 24 5 52 6 52 12 38 72 26 1 22 99 71 3 28 61 0 95 60 94 44 16 91 90 53 68 46 29 22 100 70 11 45 80 88 2 79 89 95 56 17 93 49 37 40 99 66 
83 22 87 74 38 71 91 12 58 30 36 58 8 61 90 28 53 64 12 91 88 21 57 51 34 35 61 17 7 17 54 89 93 56 16 93 36 97 90 43 29 85 2 51 7 65 67 12 40 81 87 9 33 68 22 68 64 12 64 86 65 1 4 17 62 99 92 63 38 53 28 29 52 31 62 44 15 60 70 12 74 49 83 86 32 82 7 49 64 27 90 31 93 82 2 79 49 16 33 25 11 42 84 64 21 29 56 84 55 41 98 82 48 15 95 89 4 38 36 49 33 52 3 12 45 19 58 26 88 15 76 0 48 88 96 60 2 98 89 71 60 50 7 18 25 69 39 20 33 14 63 11 85 80 60 30 4 96 0 54 28 44 22 89 52 78 97 13 64 44 28 82 30 29 7 61 89 65 20 15 
38 69 57 57 38 28 3 66 67 8 81 99 69 91 86 50 30 21 100 81 58 36 3 21 33 73 90 37 28 82 97 39 46 63 37 96 77 48 3 29 51 17 47 79 60 33 24 10 58 96 26 54 31 29 86 65 94 55 51 77 31 21 98 61 16 67 42 51 18 69 31 83 25 50 11 29 85 82 81 20 38 24 52 65 65 4 96 80 3 90 27 87 40 97 55 15 94 98 54 15 96 55 1 12 72 33 96 88 5 55 52 0 6 14 62 52 8 45 45 69 14 91 57 96 58 99 31 40 56 94 38 82 4 99 44 64 99 22 32 97 17 61 43 85 60 97 1 98 53 78 95 22 88 57 60 82 44 50 68 0 78 79 3 46 55 62 0 28 10 15 7 38 87 85 18 34 62 54 25 24 
73 90 51 2 46 99 68 94 8 19 75 13 33 56 26 69 52 84 75 65 34 28 25 58 57 44 56 72 30 43 37 12 70 56 43 61 62 80 35 40 5 70 86 28 99 7 94 52 51 48 43 64 82 68 65 70 45 48 15 73 1 94 100 35 30 0 85 100 59 43 62 44 47 26 55 16 68 62 49 96 80 71 81 40 8 40 84 13 84 21 78 63 55 25 14 98 15 58 28 84 61 88 53 44 19 80 50 40 98 44 92 31 19 91 95 41 54 99 92 72 87 41 67 69 43 6 59 96 1 85 84 74 13 90 100 68 6 39 87 43 62 61 68 31 96 79 88 29 8 13 61 5 84 78 92 51 24 23 39 64 75 88 50 40 49 35 49 82 5 13 19 21 52 5 79 8 47 68 37 27 
25 67 32 27 20 31 56 19 47 82 23 59 50 34 45 73 40 0 49 8 39 99 11 84 10 5 32 37 92 82 75 11 25 23 81 95 0 0 24 89 77 25 0 51 14 63 62 93 22 45 33 42 5 37 24 94 63 97 89 44 15 0 59 17 58 43 3 80 6 70 22 70 97 35 35 93 74 15 32 87 92 91 69 13 93 51 91 99 78 56 52 85 84 6 29 100 13 97 15 0 61 47 85 75 36 27 32 10 56 95 1 82 3 43 52 13 52 94 100 25 83 43 35 4 13 30 16 59 70 44 75 87 91 56 36 38 31 52 94 77 32 19 0 7 59 62 34 100 60 29 52 54 6 29 82 100 89 77 65 32 28 22 68 97 31 32 4 65 80 89 19 12 53 53 38 22 52 49 55 7 
20 42 17 42 34 98 57 93 3 17 79 70 29 64 23 81 59 71 55 96 41 88 44 91 54 19 96 52 24 60 19 44 37 15 66 59 91 90 0 66 52 88 10 11 38 97 80 81 73 17 55 35 73 70 63 56 36 19 68 35 23 26 57 59 64 87 22 23 12 1 70 14 84 94 97 82 84 70 58 98 81 55 95 52 90 18 7 97 69 19 79 60 44 16 4 72 59 33 36 17 88 89 0 49 74 35 21 98 41 12 70 64 96 45 91 57 66 16 51 8 96 49 91 63 59 42 50 9 60 4 93 81 83 35 31 13 69 65 48 2 78 6 45 81 94 24 56 29 39 41 42 25 45 1 52 24 54 59 46 85 74 56 14 34 5 3 99 66 64 14 21 96 33 50 23 65 61 3 51 9 
43 35 5 88 44 95 94 63 91 16 91 37 87 28 78 12 56 20 8 60 76 90 59 22 82 72 44 44 48 58 34 33 27 78 38 73 60 97 11 17 63 81 54 94 92 44 63 31 30 31 82 14 13 2 12 85 55 64 38 52 39 44 82 44 0 71 29 99 21 45 22 23 42 18 58 85 81 39 97 14 31 54 25 40 43 8 33 78 74 80 44 20 17 54 76 4 86 50 53 41 97 49 48 38 24 35 90 36 5 44 99 16 61 95 2 51 26 93 64 11 35 94 22 95 68 77 60 85 69 48 10 6 73 50 14 33 80 12 34 27 57 96 63 7 26 27 87 58 93 61 62 11 24 95 94 46 85 66 15 68 53 90 27 12 21 95 14 28 56 72 76 40 31 75 62 4 46 34 82 27 
17 89 63 99 60 58 4 87 9 15 55 45 57 51 56 27 66 98 35 47 59 68 39 68 11 45 47 74 67 42 18 78 45 87 35 58 79 50 60 84 100 87 1 27 99 30 65 56 35 64 83 61 42 91 11 96 96 68 70 2 81 33 40 93 77 71 18 28 59 27 46 4 32 9 0 24 26 43 72 54 31 27 95 62 60 19 56 78 18 0 48 17 53 37 5 15 48 49 43 32 13 8 87 77 7 75 17 99 38 0 40 66 65 42 95 19 92 30 84 7 39 47 17 61 70 42 61 74 52 22 7 28 2 37 99 8 1 58 43 38 2 52 92 50 31 56 97 5 73 89 50 77 9 63 63 24 10 54 94 21 29 98 93 19 47 98 54 99 7 17 48 6 21 11 5 86 35 49 87 35 
96 99 79 2 91 42 46 52 64 49 27 80 37 21 64 3 0 66 94 37 69 40 44 58 48 37 99 96 37 90 71 77 95 7 38 37 20 2 13 37 84 45 38 91 30 61 16 51 93 86 52 20 79 91 91 44 72 21 72 49 23 32 80 15 2 62 71 1 69 70 81 39 46 61 69 6 80 85 85 71 69 10 55 42 82 44 98 62 46 54 40 90 12 54 68 51 41 49 97 26 20 30 24 11 10 99 2 50 98 91 1 69 71 34 79 77 19 61 34 19 17 1 54 75 55 40 8 71 75 71 47 92 8 61 7 52 0 21 66 35 71 26 51 42 70 52 90 27 74 62 0 0 13 79 48 45 3 34 35 76 59 5 71 71 74 80 15 0 97 76 86 44 34 24 57 98 4 30 91 76 
74 62 33 74 100 45 53 51 77 92 87 9 22 63 2 99 14 62 46 100 82 35 82 70 95 49 19 13 10 49 55 51 12 76 45 9 43 95 35 63 9 46 7 37 15 61 97 52 14 63 14 30 58 40 6 19 15 51 96 17 24 85 89 28 51 84 67 75 16 34 44 46 75 74 100 52 36 25 59 98 11 77 2 64 86 5 81 1 67 17 13 30 39 28 7 28 29 35 58 77 1 37 44 30 17 85 67 31 55 76 67 38 84 99 50 81 24 86 34 22 16 88 26 92 77 31 35 79 98 53 0 46 100 30 51 60 20 33 90 83 35 88 31 14 85 4 73 36 94 10 89 53 58 14 60 76 82 16 59 34 27 28 8 73 5 73 24 26 44 25 25 95 33 13 52 52 17 80 15 43 
2 14 10 75 53 63 39 61 3 12 20 38 100 11 4 83 90 25 24 38 18 39 56 41 39 29 68 53 82 60 54 75 46 27 24 22 47 9 63 98 46 15 78 12 53 21 8 89 63 56 47 83 5 22 37 12 100 35 39 57 53 49 43 57 59 77 51 77 65 100 6 21 19 23 7 4 88 26 80 78 20 14 5 79 59 34 8 31 46 32 56 91 27 10 2 93 4 18 83 39 23 100 88 66 47 14 40 96 73 30 79 19 71 63 70 55 55 94 49 24 15 7 77 29 65 51 39 78 57 38 78 48 25 50 96 45 63 83 64 57 78 86 43 84 88 88 73 44 61 10 3 9 45 98 54 56 3 6 84 19 93 40 32 71 89 22 78 84 93 1 46 69 83 65 62 97 84 8 47 5 
10 74 30 49 74 65 88 50 18 79 85 90 69 96 32 88 28 85 6 23 66 2 43 20 83 0 47 50 86 64 3 11 7 44 46 59 46 99 28 45 57 77 46 7 61 94 40 36 89 93 80 71 83 49 92 55 31 33 7 53 32 89 74 70 58 69 51 76 49 77 92 30 96 41 93 62 24 98 77 97 34 53 74 95 12 34 41 59 91 55 89 99 55 96 58 87 19 74 69 45 53 2 82 44 97 33 48 65 74 66 76 43 87 35 11 15 65 32 52 1 16 3 43 83 27 95 90 16 55 63 22 9 85 26 18 84 18 85 19 17 99 23 83 75 31 8 87 76 10 84 65 16 0 72 92 3 34 83 6 20 8 67 43 77 23 51 61 62 66 49 31 68 40 70 3 14 51 16 71 7 
85 94 74 44 43 2 30 31 46 78 64 1 50 93 44 2 49 3 15 31 85 43 83 64 92 1 13 85 76 63 39 61 14 99 41 50 7 31 51 100 29 39 0 71 92 43 14 28 16 84 62 67 61 89 69 27 41 65 55 2 28 62 70 45 68 10 54 12 76 17 39 21 38 86 10 78 56 70 94 19 69 81 39 30 36 75 36 2 43 83 89 10 85 86 22 79 70 30 64 38 72 35 6 79 43 37 12 39 33 30 71 21 19 73 96 83 54 88 39 77 98 58 67 16 4 79 73 96 81 97 29 49 35 90 17 59 51 99 14 27 23 13 0 21 18 94 75 92 73 90 12 68 22 80 93 56 11 14 73 80 47 47 66 1 96 12 21 89 52 2 37 57 55 32 27 9 5 41 2 85 
27 58 68 68 14 65 8 57 56 32 25 36 99 18 20 74 27 31 44 36 56 80 28 59 17 0 92 49 97 33 49 4 29 19 43 30 65 92 98 29 48 48 82 68 92 8 64 7 65 33 98 22 65 82 80 12 31 46 7 53 42 30 59 34 79 7 89 75 83 38 0 88 94 82 3 61 57 10 15 28 70 30 93 27 94 77 42 14 74 81 44 77 13 100 34 35 61 56 46 76 34 99 35 19 57 78 68 13 70 26 15 30 21 50 22 58 59 81 23 92 96 78 60 55 95 9 73 100 42 19 99 45 11 96 22 5 9 0 100 85 58 73 0 65 39 92 69 5 7 70 100 42 99 20 15 36 86 60 3 94 16 95 25 88 55 31 72 55 3 41 36 41 51 64 65 50 9 22 94 44 
90 65 39 12 36 34 54 48 74 54 100 1 91 12 18 86 21 42 2 73 61 56 95 94 38 23 85 77 69 30 18 1 83 85 56 5 0 66 58 74 21 83 98 0 89 31 6 47 79 55 41 98 13 79 86 17 88 94 52 16 6 66 27 62 23 94 88 22 38 88 30 64 31 29 50 2 23 41 36 13 38 36 56 66 6 92 2 42 43 60 88 53 65 68 13 35 22 99 57 78 64 11 64 32 78 62 37 37 51 7 56 51 92 7 45 79 94 62 23 57 64 6 78 79 89 71 10 18 3 99 86 26 42 16 18 65 45 7 87 74 26 66 38 26 27 40 87 32 83 48 57 40 92 5 70 49 10 22 68 57 63 3 94 7 27 71 0 12 100 92 83 72 49 46 71 0 50 83 85 97 
88 4 23 19 57 7 83 82 49 98 50 43 44 60 92 38 12 34 60 92 1 11 53 55 38 59 59 79 80 97 89 19 88 20 17 93 43 91 37 76 97 22 29 95 84 56 40 83 60 24 21 64 52 43 17 6 22 40 70 3 52 91 87 61 12 49 5 61 63 78 81 42 100 65 83 22 86 68 14 74 31 45 19 6 42 50 6 93 71 40 48 22 68 65 87 20 86 64 80 5 75 10 73 33 89 74 79 58 74 86 32 27 51 26 68 17 42 92 60 90 35 19 1 79 20 28 57 94 69 69 43 46 9 48 24 87 83 10 48 45 97 53 80 56 52 12 47 1 42 92 100 26 13 70 40 88 44 15 33 95 21 56 40 4 76 49 74 32 37 8 25 74 27 14 10 100 15 11 66 100 
67 55 4 1 39 97 66 69 58 94 75 5 29 73 16 85 54 31 20 84 23 89 9 15 75 58 95 93 89 86 84 63 92 93 82 68 27 56 62 87 21 33 16 69 7 82 24 62 84 54 30 69 67 36 39 88 34 19 62 45 76 31 48 7 42 56 83 50 62 32 41 92 40 83 75 22 12 84 20 83 85 23 75 99 44 29 36 16 57 35 44 0 37 72 56 35 69 37 75 45 17 23 92 80 6 78 55 25 43 3 39 64 68 94 33 28 51 73 52 35 75 37 83 14 41 87 26 70 8 6 97 17 19 81 80 0 70 61 74 73 70 61 46 32 89 66 66 2 63 31 94 87 83 57 48 67 25 8 61 95 25 62 77 60 59 33 46 52 83 5 27 93 71 9 23 27 50 3 64 52 
38 40 52 58 22 2 32 10 88 85 7 2 66 70 22 76 67 22 46 26 18 66 64 15 90 91 94 38 71 27 64 24 30 66 24 15 95 20 56 75 31 48 69 33 60 64 4 19 78 98 100 37 100 73 45 50 46 10 32 12 29 76 8 82 21 84 22 36 94 76 93 62 32 28 7 73 81 17 64 90 99 89 44 1 24 84 61 94 5 87 61 26 5 100 85 57 79 32 63 77 88 80 65 29 63 51 97 11 65 94 5 92 83 74 57 11 99 69 90 28 33 80 86 52 15 5 76 93 28 59 8 79 3 35 79 55 54 24 15 48 37 77 96 34 4 74 64 78 76 68 80 47 83 15 27 13 33 54 83 15 53 58 47 64 82 16 81 93 25 11 31 4 7 7 55 72 34 72 0 63 
2 75 100 51 93 33 60 56 77 0 26 32 33 37 39 75 23 34 26 21 56 0 86 24 69 97 33 27 34 58 12 86 96 18 5 70 31 100 23 90 53 2 35 37 55 14 52 33 68 51 21 40 20 55 16 81 35 3 87 20 54 91 29 5 69 68 54 12 42 82 73 96 81 12 8 16 88 42 83 84 83 83 39 62 14 14 99 26 64 96 61 14 56 89 11 26 69 77 8 4 83 39 90 36 7 24 6 27 34 66 73 67 0 43 82 13 27 61 27 35 16 79 33 7 9 85 73 80 55 69 38 58 55 7 74 47 9 37 46 84 36 61 27 90 49 5 28 89 68 23 14 62 86 38 28 46 98 30 50 81 43 1 93 6 60 55 4 47 26 26 88 20 32 74 5 55 65 42 60 99 
65 54 24 100 30 8 28 49 90 36 84 50 38 59 12 83 56 47 42 38 57 61 39 46 57 62 49 27 6 26 11 48 76 43 40 92 95 12 37 78 11 21 0 24 44 63 39 35 99 94 3 93 53 59 11 8 26 13 97 78 54 0 56 17 9 36 47 90 94 34 30 41 7 52 25 36 40 9 19 22 69 23 41 49 45 33 39 39 68 31 92 85 6 5 70 6 81 52 60 95 61 85 84 76 64 60 86 57 34 96 60 22 33 31 55 95 13 32 46 69 50 76 31 8 67 19 60 3 75 97 97 22 8 72 80 84 45 58 51 20 53 38 15 57 74 83 62 67 54 84 10 74 84 80 24 87 4 78 11 62 17 15 86 22 85 27 54 52 38 69 55 87 5 74 71 86 93 47 5 71 
60 56 100 91 13 12 16 38 14 11 60 93 34 79 41 52 27 27 89 78 78 57 98 94 96 81 82 68 93 60 19 56 13 16 6 96 100 9 60 48 13 81 35 84 8 5 49 78 71 36 79 9 67 82 94 74 40 16 2 31 1 28 79 68 90 45 99 93 16 72 77 18 82 82 11 61 82 23 56 96 36 24 11 48 43 100 35 65 69 89 0 29 22 0 18 60 80 51 15 98 61 99 20 24 61 34 86 54 7 77 26 91 68 9 67 2 62 89 92 81 87 17 44 69 52 99 33 5 6 63 78 29 46 63 44 74 97 4 22 79 80 3 27 45 3 97 90 29 67 19 32 92 58 82 58 63 76 72 6 43 54 48 2 1 54 65 93 79 79 59 95 96 5 2 71 66 58 5 85 45 
81 66 42 33 19 29 74 73 51 88 23 48 27 55 89 48 30 66 100 83 0 69 58 49 73 54 4 11 75 54 86 34 44 68 1 79 82 27 91 16 46 91 63 84 100 24 6 52 19 59 54 85 32 50 48 61 34 14 1 75 54 54 28 23 5 13 8 9 71 89 7 0 97 62 93 70 10 82 24 35 86 9 23 16 40 2 12 93 96 80 28 7 16 99 26 13 84 59 40 30 56 61 27 84 1 11 39 37 92 51 99 60 1 71 70 100 35 9 43 1 64 48 62 10 63 22 72 100 66 68 23 55 1 29 28 80 86 78 44 62 13 20 26 95 43 81 21 51 81 54 37 16 87 100 32 28 25 61 89 25 85 72 35 37 23 44 70 17 95 50 98 50 84 33 29 63 77 40 70 44 
1 7 60 42 78 51 8 4 11 36 51 18 14 45 30 74 72 56 39 86 35 77 0 3 9 58 69 77 80 73 14 35 24 55 54 71 11 73 86 16 12 49 14 51 41 95 55 75 9 47 7 60 59 95 28 52 42 91 78 93 79 13 24 52 88 55 63 7 93 95 87 33 14 10 83 26 78 48 39 45 23 62 41 74 78 38 95 85 63 99 36 69 27 44 58 81 38 4 5 84 4 40 53 74 69 68 45 20 86 36 7 86 83 87 97 96 34 1 9 93 100 95 44 36 85 66 1 42 22 9 53 9 2 15 59 30 38 40 30 40 79 55 24 99 4 16 48 63 46 82 6 78 79 35 31 11 19 80 11 13 33 26 78 90 64 29 53 39 33 24 83 21 60 66 40 42 20 64 69 82 
14 32 10 61 73 3 100 84 73 19 50 81 11 44 66 87 50 84 61 4 30 36 14 12 44 81 30 40 16 76 29 94 41 69 13 0 18 90 0 49 42 97 9 32 49 0 96 29 36 30 42 48 42 40 75 62 25 75 51 35 33 55 71 77 89 56 15 21 1 34 90 82 49 72 10 57 75 2 73 97 25 83 9 75 1 96 45 32 93 82 40 56 61 93 46 14 97 33 67 54 42 19 88 62 41 57 23 89 26 29 55 17 93 100 23 99 58 7 72 77 92 14 37 86 69 43 85 76 68 21 87 13 57 98 50 29 64 30 20 47 98 27 23 16 95 48 31 79 58 57 85 78 86 63 42 4 63 14 24 14 46 53 78 90 38 20 45 20 38 73 87 12 31 94 9 37 1 62 15 59 
65 43 9 2 42 88 13 11 38 76 22 6 36 86 12 5 67 67 81 93 3 52 56 3 14 73 25 25 45 63 29 84 91 78 72 67 55 69 74 2 40 12 21 19 6 19 63 69 58 35 50 54 39 37 74 11 92 17 97 72 21 6 8 10 6 75 63 72 81 1 50 31 26 81 23 47 86 48 6 93 42 12 36 98 57 66 49 32 17 6 31 60 6 67 64 38 92 94 83 19 26 25 40 43 32 91 42 46 58 33 42 4 89 20 51 8 94 13 75 60 94 7 68 93 65 37 89 66 37 8 61 74 94 9 10 15 30 26 93 61 36 52 69 23 3 90 13 75 86 16 10 27 4 11 33 92 13 5 92 78 5 89 88 41 74 7 43 32 61 32 65 14 64 59 15 42 40 56 15 100 
92 70 80 72 97 48 74 90 0 53 30 10 87 4 11 96 29 56 8 25 50 21 99 2 0 17 98 77 32 55 85 82 23 46 21 91 16 51 88 22 2 8 21 72 47 28 79 81 91 10 4 33 80 73 75 66 94 73 26 11 95 28 25 72 100 80 51 19 87 20 74 13 82 16 23 87 78 77 75 17 74 16 18 44 98 36 4 30 33 91 54 49 93 58 80 14 49 41 65 9 90 76 41 88 2 1 4 58 82 56 49 15 80 61 71 56 68 13 51 40 53 6 71 45 62 92 99 8 87 15 80 89 94 39 63 26 41 16 1 65 77 76 36 21 75 74 44 55 76 62 92 13 68 89 33 72 72 47 12 24 6 11 91 63 13 0 55 11 22 18 47 78 83 23 26 60 56 95 96 60 
74 14 26 4 81 28 18 24 70 27 49 59 10 11 88 10 100 65 40 45 33 44 43 59 87 55 13 31 73 75 59 15 7 86 81 82 32 40 98 41 89 94 5 38 15 49 24 27 47 93 44 9 9 94 61 46 49 49 30 46 5 32 49 41 60 77 77 9 1 36 64 20 32 8 56 80 7 21 27 88 57 94 88 89 72 57 16 98 5 32 87 10 7 80 23 93 20 26 88 57 48 46 34 66 74 58 57 8 85 28 17 86 7 70 71 17 48 14 8 39 99 71 73 9 15 32 52 54 68 35 30 94 98 82 38 1 79 16 67 3 74 64 11 82 26 11 4 31 51 44 66 62 15 89 57 30 32 35 62 28 6 39 88 83 77 29 28 67 51 3 76 94 73 80 32 48 51 16 84 59 
17 39 38 12 94 91 8 32 48 37 5 22 87 68 41 49 15 59 22 100 84 22 46 0 41 47 55 85 84 83 49 75 36 75 76 85 90 75 27 46 39 25 94 3 23 9 21 59 87 26 86 13 39 68 71 53 19 62 79 21 51 7 28 81 52 7 32 5 98 87 23 93 96 20 70 95 0 97 17 46 94 55 57 78 59 8 45 28 56 51 55 45 88 53 36 52 75 69 7 23 99 83 22 38 88 35 92 97 81 6 89 4 30 29 81 2 39 31 3 60 29 76 29 19 41 20 19 30 100 69 56 41 31 0 15 41 81 25 18 91 1 62 26 36 20 75 70 41 72 2 81 90 49 29 44 41 12 57 62 77 48 96 85 76 40 91 28 77 10 47 1 24 97 89 36 3 35 77 11 96 
84 56 6 42 79 45 100 35 59 85 13 93 93 78 8 25 18 66 88 19 71 77 6 22 17 17 37 3 29 25 65 85 76 89 39 24 28 74 62 100 68 88 76 1 50 27 34 30 18 15 23 63 23 80 50 34 72 44 34 98 55 98 41 35 25 82 95 39 77 64 77 4 83 55 87 56 52 58 11 38 87 37 32 88 19 12 46 63 2 23 93 18 52 20 19 58 84 39 37 76 30 20 22 97 89 16 71 77 89 73 81 58 27 5 58 48 86 15 96 33 8 63 11 32 67 25 47 73 39 27 90 99 31 46 27 70 24 2 8 84 41 39 88 13 34 43 41 21 20 33 62 65 17 100 8 53 43 86 92 37 61 93 36 22 100 40 0 29 8 11 42 7 14 23 1 22 67 64 56 57 
0 13 90 54 5 82 14 25 12 40 95 4 59 0 47 76 85 98 59 92 24 96 47 39 91 11 3 60 51 0 84 46 81 62 9 51 67 99 44 22 36 49 76 59 73 54 82 16 35 6 93 93 75 25 86 83 44 78 7 29 21 16 73 88 40 90 70 78 49 46 82 4 42 41 6 44 54 94 44 29 26 35 67 43 65 7 57 56 39 80 19 21 29 46 34 61 21 44 59 16 50 98 81 99 15 16 45 15 45 43 85 61 62 95 83 66 49 55 78 72 5 52 92 80 73 70 91 34 53 81 15 93 53 30 99 53 35 78 26 55 39 49 95 45 88 98 97 11 60 16 69 36 73 70 43 15 64 30 24 77 48 41 89 50 80 75 34 91 1 67 10 34 30 12 84 30 55 52 3 61 
99 8 25 4 47 51 98 64 23 7 56 28 64 38 100 85 40 77 2 40 65 79 19 98 7 49 38 0 97 5 72 59 100 75 87 9 38 63 30 100 57 65 22 82 70 44 17 2 9 38 42 50 59 83 47 98 36 34 18 75 33 27 21 7 84 19 67 50 70 54 82 1 67 3 90 78 47 85 49 28 94 80 72 16 63 49 36 41 50 43 91 15 79 26 24 10 49 57 98 70 70 95 3 65 3 62 65 26 31 38 53 47 78 80 20 80 29 41 6 85 31 40 37 2 35 0 1 56 44 18 66 54 26 62 95 1 74 31 60 47 30 29 89 46 34 59 56 34 92 61 75 47 67 62 68 95 23 44 72 48 91 14 46 76 34 35 84 39 78 69 83 34 15 9 93 70 58 54 72 88 
65 10 26 35 78 24 35 80 46 22 28 9 1 66 84 71 80 100 38 42 0 92 53 86 15 25 4 77 35 7 15 22 74 20 63 83 21 53 67 59 71 9 40 29 9 67 65 43 44 80 50 83 23 5 3 45 64 37 25 66 79 81 98 42 26 45 46 43 99 4 90 100 62 62 9 34 72 81 62 38 25 23 32 61 77 93 55 49 52 71 55 67 2 69 58 46 68 94 55 24 58 66 9 48 30 91 67 53 32 65 33 92 25 36 55 64 95 88 11 40 62 94 28 72 0 16 92 91 89 65 63 79 29 60 47 97 58 44 22 58 44 63 75 24 13 36 62 98 5 20 32 52 1 75 87 76 18 67 60 17 31 49 86 44 37 66 36 22 47 90 47 93 27 53 79 38 71 99 52 35 
8 29 4 72 95 53 53 83 83 91 24 63 96 17 27 19 83 55 38 66 77 53 49 64 94 36 30 30 36 45 21 18 18 50 80 97 88 100 29 24 0 2 8 58 69 39 78 34 87 56 92 12 41 84 55 23 81 26 65 57 46 4 12 47 61 15 63 21 41 61 3 89 1 96 47 49 24 72 12 98 97 5 33 7 53 86 59 92 45 86 63 27 31 66 40 42 95 0 51 75 39 79 15 50 67 49 40 46 68 42 91 14 86 32 33 21 8 3 80 83 29 55 87 91 79 45 2 46 31 36 33 80 23 81 84 28 96 74 21 54 22 20 61 83 71 54 33 91 58 67 49 22 67 12 86 50 54 60 9 84 28 62 20 22 17 68 40 19 36 100 42 8 77 36 84 43 0 11 4 66 
62 4 48 84 45 23 45 9 25 56 13 44 21 70 51 55 81 89 48 38 18 83 94 9 87 45 1 82 86 65 50 77 19 55 10 8 99 31 51 41 30 75 12 27 24 49 52 29 86 4 55 46 70 55 78 20 22 64 69 73 79 96 8 49 2 75 48 8 5 8 62 16 33 61 76 29 90 78 93 93 48 12 42 46 79 74 24 4 47 90 56 86 86 95 3 45 64 77 23 83 0 100 62 33 14 93 43 37 18 97 21 28 36 55 57 55 52 66 98 82 81 31 56 52 46 43 29 33 35 71 18 21 30 12 11 92 30 42 19 91 53 34 1 31 87 62 27 17 10 47 89 99 49 88 86 4 58 35 9 84 82 2 66 75 72 22 36 16 21 9 90 25 23 9 85 81 53 49 77 63 
98 44 35 67 98 57 22 64 42 95 74 4 34 41 48 25 57 92 50 42 6 60 63 47 45 96 16 24 78 26 32 73 15 54 4 5 75 97 98 63 48 75 86 3 47 77 47 98 94 34 67 54 16 64 44 61 75 27 27 45 21 21 0 65 19 97 9 22 63 45 37 2 82 53 15 57 4 31 49 13 52 71 85 37 7 34 56 93 95 19 59 23 85 77 27 78 46 43 79 46 72 85 99 92 71 7 31 80 87 37 28 21 85 65 14 83 24 70 27 58 74 79 50 20 46 70 5 99 66 33 6 91 44 18 27 21 94 23 26 62 17 41 69 75 43 27 20 69 6 20 36 66 93 76 87 56 91 98 15 47 18 67 18 84 35 54 45 11 81 71 46 93 18 3 59 91 38 36 99 98 
62 2 6 91 0 30 4 73 51 1 56 68 71 6 35 2 100 20 96 22 46 14 42 11 80 56 78 74 32 18 43 47 87 56 84 33 13 29 6 16 55 93 50 8 51 89 8 31 89 7 14 80 33 82 95 67 96 56 82 46 45 84 73 9 92 19 1 47 16 98 35 2 80 54 29 79 34 98 30 18 61 56 77 82 53 6 16 75 80 38 29 63 91 74 71 86 2 1 12 30 54 32 80 66 95 100 96 58 79 24 44 16 2 43 53 12 27 55 40 14 45 34 55 48 44 91 62 17 87 15 20 29 23 42 6 50 60 100 90 65 15 12 18 58 32 40 77 80 83 96 7 8 83 96 92 30 77 77 50 66 33 27 7 14 18 100 15 46 40 0 40 82 48 92 90 65 98 45 10 58 
25 71 81 48 89 50 4 41 25 36 78 30 23 71 42 77 100 41 81 21 72 54 33 52 67 87 38 5 13 2 69 43 24 48 18 4 82 37 68 100 41 67 65 10 31 80 10 59 89 83 91 90 90 16 5 73 76 57 97 87 47 93 44 63 14 5 16 3 88 66 22 58 99 53 1 80 93 49 97 25 70 72 61 14 81 58 24 95 88 18 63 9 10 5 50 77 25 66 95 94 28 25 27 96 12 68 44 42 49 23 24 34 80 22 16 12 89 99 10 43 100 3 48 43 4 29 14 31 81 17 13 27 77 65 77 13 80 92 80 45 21 80 47 17 35 67 8 43 82 39 51 97 44 52 37 38 51 31 53 11 94 33 6 68 36 100 43 64 50 51 78 94 95 13 45 57 42 24 13 2 
17 2 68 20 70 37 24 0 11 77 43 26 33 41 85 10 27 8 31 46 12 32 17 74 7 85 5 70 58 90 16 60 46 45 91 36 21 6 20 92 45 19 68 99 58 34 44 81 48 41 95 96 32 30 58 42 98 79 12 74 100 44 32 4 95 69 18 91 42 80 72 15 56 62 19 55 40 87 69 41 46 27 47 45 0 23 58 25 34 74 29 79 75 46 82 52 100 5 12 76 78 25 70 82 25 60 8 37 84 91 28 24 53 38 4 36 39 39 12 49 21 12 31 14 26 67 85 8 46 93 82 44 11 45 89 84 14 35 39 27 100 82 33 15 54 26 78 43 50 78 58 42 42 43 7 55 84 56 75 28 58 50 17 69 52 53 68 23 50 16 52 74 69 22 94 16 24 32 91 68 
72 36 77 36 32 7 54 68 51 73 42 88 43 31 76 35 80 20 97 73 75 56 93 60 57 0 14 86 5 24 58 6 81 12 6 27 42 52 0 60 23 88 6 88 76 38 35 76 28 76 27 42 53 83 57 64 67 85 100 3 35 45 46 16 72 96 100 96 40 34 11 78 71 15 49 77 8 60 100 61 47 47 72 57 62 25 11 7 56 98 91 50 86 96 59 54 46 32 33 96 73 2 70 49 31 1 99 22 88 16 50 29 61 94 38 100 1 11 3 81 33 91 78 76 25 18 70 60 27 65 9 72 85 13 47 71 57 73 24 3 38 4 78 42 80 38 5 57 45 84 43 20 27 77 31 98 91 64 27 5 7 78 29 99 57 50 35 70 72 56 20 15 54 36 81 64 52 16 18 47 
22 79 83 39 2 7 9 31 80 100 6 46 25 57 17 47 96 43 56 42 60 90 3 22 47 32 8 92 26 16 32 7 22 33 37 10 37 34 45 1 51 91 45 87 92 19 68 49 23 83 65 89 91 86 54 98 34 59 20 63 82 76 81 78 19 78 83 98 51 29 34 19 94 16 88 38 37 53 100 32 99 18 62 29 17 20 24 69 92 66 53 58 6 41 98 10 60 47 64 40 10 56 23 33 36 12 66 25 72 85 0 58 81 35 3 85 82 39 24 13 72 47 55 32 21 1 32 29 15 29 68 58 53 56 97 88 67 6 51 38 29 6 87 57 41 85 39 8 4 35 3 71 61 0 39 70 40 71 65 63 34 49 72 25 63 49 33 95 53 9 58 45 22 43 39 97 4 56 30 14 
79 31 97 91 27 70 22 7 40 5 71 66 14 32 73 36 23 64 69 48 43 86 95 12 17 73 8 73 56 1 78 92 57 13 65 15 70 0 10 24 25 72 28 92 11 56 68 16 30 46 22 34 21 7 58 98 28 88 6 64 98 82 31 23 90 24 67 19 2 58 99 20 0 3 10 35 65 65 80 43 86 26 26 85 11 84 58 33 89 42 38 37 46 39 32 88 79 70 75 87 18 66 41 12 76 51 76 89 9 51 72 36 63 66 97 99 72 5 67 12 5 64 32 96 48 55 92 99 64 5 94 99 68 51 66 45 31 38 60 19 17 82 90 82 75 85 2 39 58 2 85 84 70 22 99 79 24 43 26 62 63 91 4 57 93 39 12 41 3 84 43 71 85 90 32 18 53 46 66 80 
73 17 8 55 10 58 60 1 4 81 81 50 38 65 97 70 81 76 21 75 87 11 90 13 24 47 95 57 51 21 23 98 76 88 91 43 8 89 2 51 35 95 26 23 41 86 87 34 2 1 13 46 48 62 82 92 98 8 21 39 49 86 44 56 95 1 16 84 89 10 12 63 72 82 36 92 89 19 68 78 95 43 55 40 69 36 59 7 48 28 74 16 36 51 34 96 60 79 11 52 16 23 36 99 38 64 94 84 5 56 38 28 88 47 51 52 71 95 15 84 61 47 11 24 95 29 16 78 95 73 51 54 22 3 66 93 49 3 3 82 79 84 13 21 66 38 94 54 91 70 70 28 65 15 29 90 8 78 34 21 84 78 32 85 99 33 41 100 37 44 71 10 82 69 85 90 100 36 83 32 
43 70 42 13 13 67 69 27 93 87 1 51 75 93 91 79 51 38 55 10 11 11 75 55 0 41 64 90 62 22 51 44 81 21 64 23 27 30 11 71 89 20 67 91 5 5 45 13 85 33 1 79 78 70 3 33 64 81 18 10 96 32 52 48 24 90 13 87 37 58 79 62 25 44 64 87 31 48 56 41 77 23 32 78 86 34 46 62 72 16 80 84 14 64 50 15 67 45 77 66 9 97 32 62 34 24 44 89 16 94 75 87 90 44 19 54 38 42 9 54 62 24 89 23 13 35 59 58 11 40 90 31 53 76 98 68 93 27 34 15 25 11 97 59 38 91 95 1 71 0 59 96 93 13 82 70 49 90 98 72 66 26 54 43 94 85 32 69 54 53 33 32 95 76 60 75 66 75 9 80 
40 42 92 73 69 8 95 91 46 90 31 85 57 37 99 44 18 2 25 21 95 85 79 59 13 75 100 35 52 3 35 52 97 65 28 27 14 1 72 35 98 60 38 75 60 32 64 16 59 46 83 16 17 17 46 53 47 47 90 97 78 95 12 77 84 49 90 65 94 42 78 54 13 43 53 94 48 33 76 44 13 34 39 57 45 94 60 10 69 36 100 77 70 96 43 61 3 12 96 78 48 21 55 87 32 10 42 55 71 80 79 75 94 31 87 0 32 77 45 46 96 29 46 87 40 36 46 14 94 75 15 32 91 13 74 26 72 11 42 94 62 43 37 77 29 80 37 80 99 37 63 40 81 88 10 72 98 31 62 77 47 18 15 16 65 82 25 43 10 92 74 55 90 33 86 31 25 65 49 26 
74 33 15 54 64 54 31 8 28 72 99 62 79 61 89 57 88 52 83 77 69 73 64 26 94 1 22 29 11 93 31 91 83 39 43 93 97 64 62 35 1 61 20 97 33 11 93 66 34 76 71 79 7 92 63 17 76 93 68 80 3 44 100 66 28 33 30 78 45 30 33 97 28 5 4 4 1 72 51 2 98 93 22 49 46 76 75 53 25 75 14 23 100 58 31 7 0 90 91 81 37 24 42 74 92 31 46 59 73 91 71 48 42 93 94 55 7 29 73 42 87 62 5 67 89 18 48 29 9 14 6 21 16 62 35 17 57 94 56 81 26 26 82 18 65 23 78 38 24 39 26 63 93 15 39 15 55 25 40 61 90 67 64 63 16 21 98 86 74 5 63 40 62 17 9 50 13 74 79 16 
77 63 91 55 99 15 32 41 88 1 5 71 1 75 19 36 48 43 34 15 15 18 70 100 21 51 30 20 97 31 82 71 24 16 86 67 29 70 90 75 58 95 100 86 8 36 5 66 10 15 5 25 67 32 28 73 21 24 6 83 18 71 35 3 95 12 98 3 10 3 56 7 15 62 26 76 9 25 74 40 85 93 22 13 67 0 41 46 38 62 87 88 26 1 77 48 80 1 67 88 44 66 82 80 93 86 86 21 9 7 73 62 29 28 72 39 46 25 53 72 60 49 58 47 82 18 98 56 97 45 99 48 28 1 26 100 98 9 3 67 40 98 77 35 25 36 36 58 18 24 3 77 31 89 35 38 62 49 56 55 84 8 88 34 92 41 97 26 59 46 61 12 21 36 32 56 88 46 11 49 
45 10 37 84 22 39 27 75 69 71 81 96 86 60 59 2 92 60 11 55 2 82 36 31 18 52 46 68 61 44 99 85 8 70 80 100 59 82 69 78 8 65 24 23 100 18 44 52 17 78 30 40 73 70 71 96 3 53 7 7 43 72 3 36 93 82 27 69 48 98 56 25 35 25 84 95 33 59 14 51 83 17 6 81 88 32 81 84 0 11 49 35 40 27 95 87 88 78 58 7 64 61 18 9 46 90 62 89 35 49 34 98 45 35 35 8 71 49 88 64 10 64 95 95 15 1 7 23 72 21 63 44 26 5 85 8 85 25 33 27 74 34 5 3 2 72 78 94 19 30 36 58 73 69 70 44 33 58 33 35 73 19 87 48 28 94 100 71 56 77 19 26 94 42 44 73 51 61 59 72 
9 41 80 14 3 40 46 72 67 99 98 99 87 89 67 30 92 20 22 33 67 30 93 8 42 49 54 63 62 83 27 53 36 22 95 79 14 77 8 1 96 19 20 69 83 57 67 92 50 25 59 93 85 50 41 33 96 0 30 80 49 65 4 6 1 7 64 57 2 21 72 31 72 64 88 74 74 100 75 69 34 39 81 78 70 15 19 7 71 43 76 55 82 79 74 28 54 20 23 50 44 6 53 54 22 65 76 38 38 42 51 10 86 5 87 75 35 65 98 7 14 6 23 45 9 49 19 55 20 99 80 19 70 69 89 13 88 86 14 73 69 57 4 90 46 100 31 38 59 39 7 79 30 26 42 24 83 68 35 15 66 89 53 59 16 83 39 27 76 73 25 17 82 100 80 36 42 69 100 32 
41 68 38 4 19 6 97 75 29 39 31 78 81 60 9 41 0 79 55 42 37 76 32 3 58 12 32 21 38 61 87 6 0 92 34 20 15 89 1 38 55 77 91 46 4 72 59 44 50 84 85 11 9 25 94 15 25 86 50 42 32 29 2 8 70 10 80 95 14 82 29 0 78 3 87 83 98 93 6 22 72 83 83 28 16 88 64 83 43 69 13 40 32 99 24 94 41 38 81 4 51 51 57 57 30 45 47 90 62 18 12 16 55 74 27 39 100 85 61 1 25 33 50 88 41 51 44 47 79 75 94 54 78 28 74 37 0 78 82 78 94 68 53 5 53 51 82 81 39 96 88 73 78 70 58 38 58 98 11 66 50 3 69 8 91 19 26 94 96 40 75 20 49 7 100 35 36 94 71 65 
60 76 58 41 2 26 6 35 64 83 82 95 77 39 69 75 87 69 58 19 44 19 100 61 16 55 97 31 21 56 86 11 81 76 13 14 37 36 58 94 84 38 39 18 47 65 77 41 6 55 51 3 30 91 86 13 98 16 84 66 99 15 61 61 39 26 42 19 68 57 34 96 76 33 33 91 55 32 72 12 18 45 45 2 21 8 17 11 57 90 82 92 31 36 88 78 24 84 61 12 15 10 11 20 96 31 10 46 1 3 98 84 6 28 64 18 47 98 63 20 73 32 67 0 58 42 14 46 14 36 74 57 80 91 7 12 20 72 68 75 36 19 20 67 37 9 62 73 77 52 68 28 46 27 100 25 11 71 20 85 21 43 60 23 30 61 57 45 67 63 24 2 36 1 4 17 44 87 31 53 
44 0 2 17 6 87 92 9 14 65 48 6 35 37 79 43 1 99 77 18 72 60 28 96 22 42 76 47 92 41 50 15 76 5 18 67 35 76 97 71 77 43 31 52 28 30 80 97 26 85 8 22 88 38 78 32 58 74 28 56 76 23 5 25 91 92 61 79 61 81 61 28 90 72 96 51 40 92 89 29 65 8 100 35 65 37 55 79 24 82 46 18 4 0 0 74 91 63 19 22 20 60 25 97 18 43 71 89 41 85 71 65 15 33 93 14 100 97 19 58 59 57 26 41 2 90 93 19 22 14 24 92 57 2 27 18 100 78 93 2 91 18 7 50 3 96 19 84 13 49 91 44 47 56 94 4 39 45 95 98 30 39 85 0 90 31 32 58 12 63 53 24 2 53 96 85 5 86 0 4 
59 98 43 58 24 58 79 21 0 35 17 31 95 90 69 48 14 10 25 4 6 22 78 94 73 9 29 93 59 25 9 2 43 52 87 32 34 31 61 9 91 36 52 35 58 43 65 50 11 52 2 7 67 85 14 73 8 58 39 9 15 31 7 10 96 63 96 23 44 81 56 14 69 24 50 22 33 2 17 86 60 95 22 21 14 91 54 97 100 93 96 36 32 91 88 60 52 49 3 40 6 94 83 97 13 45 31 66 36 10 7 60 32 10 5 87 96 46 72 23 77 45 96 32 1 34 53 85 99 23 82 79 74 88 98 9 3 39 52 31 86 48 4 26 66 25 53 46 47 97 90 8 72 73 83 77 59 7 25 32 49 10 28 82 67 11 24 79 10 52 93 0 45 14 48 6 40 43 95 58 
82 100 57 50 74 60 53 39 3 38 44 20 48 62 63 60 91 61 65 61 31 71 100 63 15 36 83 81 30 10 64 78 1 61 49 5 14 53 47 38 95 15 43 48 52 58 85 59 40 39 71 84 57 80 97 50 55 89 40 58 53 41 52 51 76 66 92 73 74 47 9 55 93 5 53 64 100 90 27 31 26 99 39 87 84 81 19 28 39 64 13 56 35 92 62 85 9 24 10 2 5 20 33 45 79 68 51 10 24 98 45 27 92 100 52 61 69 0 0 89 10 28 98 29 74 86 6 15 100 99 78 99 45 49 8 82 38 69 20 48 86 62 67 91 83 53 39 54 38 84 63 99 15 98 73 13 8 93 47 66 54 68 90 76 79 62 86 47 39 13 14 16 74 42 8 79 91 84 100 88 
94 8 30 30 94 47 89 75 21 16 47 23 78 69 58 15 89 45 34 97 12 86 29 29 73 40 30 82 97 22 40 79 43 24 73 34 63 90 90 21 77 58 44 14 68 56 1 92 48 0 36 81 19 40 97 64 82 59 72 60 70 74 22 58 36 9 77 23 11 59 34 29 13 79 0 55 9 9 41 95 87 33 56 12 7 42 79 56 97 15 26 46 24 58 69 73 36 87 48 68 12 2 84 1 57 25 24 4 82 44 35 19 41 62 95 42 37 34 100 94 33 99 51 38 38 19 17 14 17 12 58 60 39 63 4 16 51 21 89 79 9 92 59 89 66 64 34 51 44 92 26 72 71 93 10 8 96 80 68 14 65 35 56 88 31 28 24 78 28 88 18 84 51 3 64 86 6 63 48 84 
27 46 28 70 92 49 77 70 54 46 2 82 19 18 63 60 64 58 82 45 96 62 62 0 18 38 56 25 100 13 13 75 80 62 51 44 100 7 74 31 15 92 61 19 63 70 86 85 27 58 100 15 5 1 61 94 14 56 3 84 1 49 6 58 23 44 34 29 58 78 25 88 7 52 1 39 59 41 32 65 69 60 58 26 36 38 77 28 80 46 29 19 38 9 52 60 72 98 44 99 63 87 83 29 54 73 13 11 88 74 60 40 97 74 49 15 85 61 9 87 38 50 97 23 67 79 33 64 73 100 19 35 4 74 48 8 70 71 73 46 84 55 38 86 32 13 72 24 15 48 55 12 1 17 94 62 17 13 37 48 25 93 83 31 30 6 55 47 62 54 27 80 61 25 14 38 59 49 94 47 
28 47 94 78 59 35 63 88 44 84 79 30 57 30 98 52 78 76 65 31 51 1 60 70 10 26 24 17 33 23 49 83 20 44 10 18 80 65 61 69 29 70 14 48 38 37 15 28 97 17 10 53 86 34 75 70 47 42 75 35 16 30 18 65 53 58 5 40 68 89 72 72 42 47 7 27 52 25 8 35 99 28 1 10 20 40 1 28 41 34 75 10 59 82 24 61 2 8 5 69 7 86 8 92 81 98 62 7 18 11 88 62 26 56 97 47 99 79 42 22 7 90 84 17 23 58 96 78 27 91 16 85 69 31 97 86 0 79 49 4 30 59 57 89 23 4 29 24 25 90 87 61 60 31 51 6 4 40 70 35 94 3 58 44 68 87 89 29 58 4 86 34 33 77 91 46 83 34 55 82 
27 97 86 90 19 68 14 57 89 15 21 99 94 98 82 79 100 71 70 41 93 35 98 98 72 38 79 99 56 86 22 54 74 21 50 73 69 35 8 91 70 37 27 4 49 66 84 34 1 55 26 58 63 62 6 68 81 99 76 1 21 80 28 96 65 84 77 71 92 97 51 33 47 26 49 66 80 100 80 63 77 50 24 2 79 8 92 13 22 9 51 59 21 88 59 25 21 85 67 93 2 94 48 40 80 10 81 99 23 9 14 63 31 49 34 98 35 38 5 17 3 16 85 31 65 40 22 37 61 58 51 7 52 76 7 26 26 63 39 68 60 7 76 7 88 77 16 43 0 36 21 40 36 46 85 8 58 20 31 57 5 60 60 79 29 81 5 90 48 94 38 68 94 71 20 86 6 40 56 74 
32 5 38 50 40 6 7 42 61 27 33 99 21 85 4 58 47 58 56 75 91 33 5 38 61 33 51 35 52 13 94 57 39 47 54 93 63 51 37 46 77 43 72 65 24 12 97 52 6 78 40 75 81 32 8 16 23 89 79 11 22 55 86 27 97 93 25 9 42 51 53 68 96 9 38 20 25 82 90 11 51 53 76 80 52 5 90 81 13 98 68 74 92 18 43 95 97 2 93 65 14 65 50 61 66 9 91 91 39 13 18 50 76 34 8 5 12 99 91 54 5 32 66 38 9 86 6 69 90 67 60 37 83 93 6 4 30 20 57 37 90 84 50 23 19 15 30 69 64 17 19 52 24 14 5 53 39 47 31 54 10 96 81 10 30 68 4 0 34 98 96 87 89 96 100 33 98 83 58 86 
99 4 74 29 6 97 14 84 78 45 70 5 78 14 33 33 54 69 33 26 27 81 70 22 74 71 87 45 89 84 87 76 11 44 43 75 58 19 51 65 61 31 31 55 63 10 82 22 30 66 12 42 34 18 8 28 20 57 23 8 88 54 39 29 93 92 3 40 27 95 76 10 43 67 44 33 40 78 61 72 96 27 17 31 24 15 36 60 7 18 19 13 11 21 11 90 86 10 74 13 49 73 11 97 60 25 52 54 54 37 23 60 20 89 19 16 6 19 97 82 72 51 25 18 76 89 8 95 14 37 84 80 46 49 80 19 38 3 32 22 32 96 53 72 100 78 73 56 24 0 96 83 9 75 62 61 18 28 52 46 83 88 5 3 59 13 60 35 19 42 96 16 73 73 1 35 35 14 88 93 
30 64 40 61 44 11 99 71 22 57 42 54 54 10 6 32 43 58 5 79 56 71 47 79 25 61 70 1 36 74 32 5 86 44 69 69 93 71 62 17 38 47 44 74 50 84 56 89 55 88 65 11 53 56 31 52 31 97 19 39 21 35 10 49 2 95 57 88 24 66 100 2 33 72 38 3 67 22 47 60 36 67 57 39 48 41 80 64 95 100 74 78 28 11 93 33 54 6 13 60 42 32 34 10 28 35 0 0 30 0 27 35 33 51 75 15 24 24 42 77 45 23 77 43 20 25 70 92 12 10 11 41 82 54 96 90 10 53 18 75 76 76 93 53 78 76 30 13 44 82 35 57 2 9 99 29 90 15 19 33 55 16 28 14 45 62 13 56 86 54 100 32 94 87 50 50 26 38 28 2 
93 91 65 78 43 63 88 23 46 53 65 12 17 35 60 64 66 96 21 83 16 23 23 86 34 100 17 30 92 20 80 59 28 86 71 81 75 24 3 89 99 40 1 67 36 39 14 64 25 59 9 6 7 35 2 17 24 64 40 85 53 41 78 41 9 55 60 85 100 70 5 75 76 15 52 67 0 73 49 42 80 56 3 81 28 41 72 24 21 84 17 78 51 0 99 93 9 81 72 87 63 59 17 95 41 68 93 51 19 0 83 77 2 96 93 59 52 9 41 33 50 54 1 49 29 43 68 95 32 18 90 92 8 22 50 68 38 53 42 90 22 7 49 40 71 25 78 84 50 42 83 79 61 2 99 42 53 34 30 39 43 44 74 95 60 91 15 41 3 41 46 6 79 44 1 81 38 64 49 81 
43 16 6 93 76 60 96 88 61 41 73 99 19 51 36 45 95 63 10 51 98 33 99 99 33 30 90 81 57 63 49 40 62 50 91 23 24 48 98 99 64 75 84 57 30 13 29 92 64 63 32 86 23 94 89 1 25 48 26 81 44 73 97 37 75 97 37 79 72 24 43 25 35 65 66 47 71 70 52 16 57 82 80 30 51 87 42 80 9 52 25 96 76 89 56 50 4 46 51 50 64 30 19 5 34 92 33 79 31 72 73 20 22 57 60 75 13 94 17 78 92 5 69 32 76 72 84 26 17 87 39 97 36 16 9 6 22 30 92 80 73 18 57 83 68 70 96 12 100 0 52 8 45 88 54 96 24 3 96 8 22 0 55 83 78 58 62 77 56 3 26 14 78 46 77 0 52 64 91 100 
88 21 25 1 2 19 46 9 59 14 88 71 63 42 96 7 28 71 97 38 57 94 21 6 27 88 8 26 17 17 50 25 99 53 15 99 100 14 32 65 9 86 45 5 38 59 68 36 44 67 15 93 76 98 48 44 65 58 54 46 33 80 15 74 28 33 53 87 35 7 32 92 63 8 21 10 50 56 58 44 38 54 59 37 39 98 74 23 61 8 31 28 67 61 54 38 80 62 75 64 68 16 1 28 31 78 63 89 8 47 75 36 7 36 12 28 60 73 80 55 76 1 45 55 3 67 4 78 91 48 77 90 58 71 68 6 67 15 35 49 28 35 100 12 43 53 85 5 58 29 83 85 49 5 4 55 11 21 33 57 33 41 60 41 17 4 12 13 72 36 88 0 28 11 23 0 13 42 75 79 
87 19 98 22 76 56 9 82 80 98 77 98 47 96 86 91 29 14 91 31 24 3 19 75 20 12 96 75 5 45 62 80 46 66 18 73 79 22 45 93 89 20 51 55 25 29 32 43 57 3 84 28 60 50 56 51 93 80 29 41 37 98 71 84 43 46 13 87 46 56 16 99 85 38 49 95 48 45 8 55 56 50 5 100 86 25 12 17 41 85 94 96 6 49 6 37 41 60 6 95 88 27 100 9 87 13 24 38 25 20 98 19 56 37 11 10 35 29 69 8 21 34 24 41 99 59 20 2 79 35 15 91 65 67 6 26 5 37 91 85 6 96 98 68 33 45 77 35 27 85 18 87 50 34 16 99 18 66 99 31 18 62 88 83 59 74 40 24 33 52 0 22 69 49 72 3 5 99 49 30 
98 99 37 49 49 33 41 92 95 14 63 65 15 17 66 32 36 45 74 41 96 83 9 10 20 68 50 21 45 14 15 20 49 70 37 22 63 62 61 93 50 91 45 20 28 40 18 89 27 52 32 18 24 52 42 46 21 83 82 61 87 13 64 100 53 3 12 88 82 85 83 63 33 21 72 81 1 83 70 82 18 74 65 15 87 38 12 35 15 9 28 4 10 97 5 78 35 14 79 11 32 47 3 85 31 14 13 72 61 19 4 76 33 26 18 8 3 25 30 95 24 44 6 95 51 74 84 81 6 56 30 19 13 91 70 35 1 30 59 94 79 12 53 46 29 10 94 5 31 71 6 36 60 69 94 18 99 36 28 37 14 19 43 1 66 60 47 45 70 15 52 65 69 61 58 99 72 54 44 67 
78 80 17 20 63 74 21 3 7 48 17 55 43 90 80 45 81 36 15 73 17 88 2 12 21 92 29 45 7 28 49 59 10 84 74 13 86 93 70 44 28 49 92 18 81 64 29 24 99 25 30 91 60 46 72 92 62 21 71 26 40 11 64 17 76 55 89 17 50 54 27 99 37 92 69 50 93 69 29 17 96 68 31 91 81 89 93 77 64 56 75 57 14 81 53 57 50 42 85 81 56 42 96 32 41 76 68 27 48 24 24 95 99 76 50 97 77 96 35 50 36 96 51 94 94 43 20 72 0 76 30 82 94 2 39 27 55 25 44 9 89 65 23 31 13 26 87 76 28 88 59 26 8 38 44 62 33 40 85 59 23 76 25 98 51 73 24 67 31 27 10 56 29 66 71 24 21 50 93 83 
27 90 17 12 14 72 58 57 57 34 24 32 63 92 93 61 78 23 15 81 76 34 69 42 14 27 94 63 74 68 23 86 60 84 21 31 48 13 88 16 20 68 72 61 25 45 31 70 84 91 25 20 41 82 8 83 74 2 29 42 23 57 9 84 93 23 36 81 11 58 36 75 49 19 96 5 87 21 85 0 36 75 47 3 48 9 31 34 44 36 76 94 57 36 66 88 85 4 59 82 4 45 50 18 0 8 77 90 90 79 82 1 22 30 36 48 38 27 95 74 65 60 19 82 6 100 68 100 58 47 82 49 25 29 81 76 53 34 48 91 93 14 19 74 12 30 10 24 58 22 90 64 16 52 40 86 40 46 88 2 95 40 82 41 98 46 71 96 60 57 74 56 22 56 2 12 39 82 57 88 
72 6 56 54 79 46 86 29 7 26 81 55 21 3 53 54 65 29 62 43 0 29 18 51 59 73 4 68 31 50 16 29 89 91 87 61 60 11 12 19 33 85 93 63 94 24 27 26 37 56 22 52 69 2 91 63 91 90 87 49 45 96 22 54 77 43 66 32 85 52 75 39 26 2 47 29 12 84 89 20 68 63 66 7 76 30 43 30 27 34 73 22 53 58 83 1 98 31 76 87 16 4 25 3 20 57 82 23 61 74 12 74 16 7 24 79 24 89 58 79 98 95 85 37 96 34 42 16 22 94 90 26 81 76 98 85 53 95 65 69 57 6 5 94 65 62 13 96 11 32 34 73 5 31 28 3 90 10 5 60 100 14 80 37 3 100 41 58 70 74 66 32 35 91 4 43 17 16 15 90 
97 96 79 9 77 62 29 17 85 16 32 85 75 76 85 10 18 15 11 81 51 88 53 61 91 67 84 84 83 31 35 14 94 99 42 95 85 5 26 37 42 81 36 62 50 62 58 0 23 80 96 39 63 17 47 27 59 47 25 55 70 1 38 47 20 21 89 33 60 1 65 50 11 90 94 41 91 21 46 42 51 34 81 98 34 29 62 96 11 6 70 69 99 23 65 28 61 3 60 43 12 6 9 76 45 75 19 52 34 90 22 28 62 84 4 74 92 74 75 43 77 8 79 24 37 89 3 11 32 59 88 24 36 79 26 45 46 58 69 7 11 76 63 3 71 94 95 90 91 90 87 99 26 79 77 96 10 30 55 5 38 47 95 34 97 69 82 97 47 65 29 43 23 7 50 34 89 25 51 94 
13 70 71 15 3 67 4 38 73 96 94 30 24 93 86 44 20 30 20 43 44 0 4 81 73 94 51 44 89 98 3 96 52 24 26 28 86 51 73 29 2 77 14 90 79 87 75 73 65 29 77 76 56 60 93 88 1 22 80 19 56 63 68 78 43 31 35 9 26 16 44 32 3 6 45 53 19 71 71 40 38 31 10 57 70 33 84 69 30 50 10 22 74 74 83 26 64 67 75 2 36 72 16 71 72 57 48 25 3 41 12 4 84 97 86 79 65 32 29 88 83 31 33 87 64 63 66 4 93 99 81 64 16 63 19 27 77 3 33 14 80 82 4 59 81 69 11 6 72 80 64 32 57 88 80 56 64 73 19 90 100 3 91 73 10 82 20 5 1 17 47 94 65 57 83 26 97 54 74 60 
89 53 2 29 98 33 64 37 8 76 26 23 26 71 94 11 92 31 61 56 100 21 12 20 89 69 78 10 93 47 75 78 66 92 95 68 49 85 5 77 47 66 55 28 51 31 48 12 51 96 36 97 33 5 18 7 68 54 71 74 65 63 36 31 10 10 50 58 7 59 86 51 58 71 4 35 86 60 0 59 80 63 63 94 20 37 71 14 51 21 22 75 9 62 89 87 87 19 44 27 91 83 39 70 19 57 31 6 36 34 47 54 20 86 96 45 52 52 72 70 61 36 0 86 35 73 2 62 44 97 70 52 35 75 12 70 89 17 16 16 12 35 94 44 48 72 85 78 74 11 54 9 47 38 47 78 14 59 68 55 16 76 32 24 54 100 33 5 41 65 93 39 81 19 1 25 86 68 58 75 
56 70 33 80 31 38 50 37 43 44 22 18 77 57 64 17 65 6 7 60 97 47 12 14 43 90 37 69 12 37 15 3 45 0 25 13 44 99 70 89 88 41 40 18 1 69 63 64 74 94 29 79 30 65 93 22 56 38 59 83 11 55 20 44 28 25 45 77 75 52 30 44 99 94 6 24 96 80 45 66 27 56 61 88 10 15 24 10 94 66 96 32 10 22 28 74 38 12 46 73 62 26 89 14 20 94 70 10 84 64 28 42 13 86 92 29 18 19 77 52 32 85 23 6 42 92 86 72 54 86 59 92 12 92 12 13 16 75 49 81 78 11 49 91 60 33 42 22 86 54 16 80 91 56 15 17 22 47 89 71 71 24 37 16 48 91 100 5 3 44 75 100 9 32 70 24 59 20 50 22 
0 42 65 84 32 41 67 2 55 81 12 92 23 50 3 55 34 97 23 92 29 95 49 19 0 100 24 24 80 25 48 87 8 20 96 38 94 53 0 52 32 34 15 7 65 5 17 72 60 20 54 37 70 48 82 77 40 63 15 90 0 51 99 67 14 10 93 19 13 59 37 56 82 41 57 72 62 23 67 79 63 6 43 78 60 94 99 91 22 75 17 94 42 16 79 41 54 93 90 47 76 9 85 95 14 3 97 16 30 60 73 73 25 67 8 69 7 72 63 11 67 12 22 50 2 16 31 86 15 54 18 49 94 47 38 71 5 87 35 90 0 92 96 88 6 16 42 84 79 69 38 35 56 92 74 30 28 82 44 55 1 100 84 12 96 40 100 34 52 88 52 96 7 83 9 62 16 25 99 28 
70 40 100 44 18 100 61 60 63 67 24 92 91 2 81 5 12 28 46 79 15 86 17 23 48 55 1 4 38 1 46 75 89 87 7 78 20 39 61 19 53 61 6 90 25 80 0 65 79 74 50 47 93 90 98 85 23 17 26 48 36 73 73 32 3 77 11 49 96 32 73 9 98 12 59 55 37 50 30 58 82 58 65 84 54 26 93 100 50 74 18 32 80 53 13 15 64 76 96 40 55 18 97 46 50 64 70 31 35 81 40 53 22 10 12 88 0 17 70 34 11 57 80 79 58 20 73 57 65 98 54 3 42 70 47 25 38 63 13 65 22 27 53 75 94 30 72 84 70 46 33 87 53 98 98 30 13 83 61 67 89 42 88 27 90 65 74 71 14 60 77 12 55 25 87 80 98 13 27 78 
36 59 56 45 70 20 40 35 71 53 61 66 10 87 98 15 35 56 44 35 33 25 42 40 47 83 27 55 14 58 22 70 19 30 95 48 37 84 58 0 40 74 8 3 17 16 40 37 57 79 2 81 55 89 27 17 97 7 38 98 90 79 23 73 90 71 45 3 1 39 47 14 96 69 40 62 8 98 55 70 24 35 6 45 4 100 13 54 40 14 62 52 28 14 34 10 1 61 57 38 57 82 98 5 81 80 67 61 74 83 70 62 17 99 39 80 76 20 34 71 90 63 49 74 19 31 37 79 4 49 4 10 16 44 77 0 16 80 55 95 37 64 41 2 15 73 11 5 75 86 84 52 93 14 90 56 66 90 39 54 4 12 32 65 4 99 74 40 28 55 73 76 34 13 89 32 72 68 38 63 
78 67 18 90 90 83 39 20 99 81 61 100 95 82 1 62 96 65 91 35 47 23 53 93 55 9 13 33 26 6 25 10 22 60 7 75 40 35 100 10 38 52 37 22 26 11 48 33 54 52 65 71 21 82 66 94 12 99 59 26 69 14 26 41 82 38 16 8 62 0 11 96 85 44 16 5 83 53 73 41 84 92 48 6 57 33 20 95 54 68 64 25 54 89 94 33 26 93 73 21 37 95 57 64 15 91 60 5 26 82 39 49 40 5 52 71 6 19 96 76 72 100 34 45 7 56 87 42 67 64 61 37 50 42 34 70 60 63 3 42 8 86 97 17 22 52 30 20 37 14 75 20 80 83 87 52 73 9 75 13 21 74 80 2 34 2 63 12 26 81 59 10 81 35 36 84 36 83 75 32 
96 10 13 97 16 99 78 4 53 53 31 14 92 94 76 7 44 98 22 26 44 51 0 11 62 93 39 88 11 98 93 30 1 43 28 93 96 31 5 28 52 3 44 21 55 88 38 40 17 99 38 10 79 66 48 31 51 88 60 14 14 14 9 31 39 83 30 9 5 69 7 4 22 75 66 51 80 77 44 75 86 78 58 29 63 3 73 44 49 54 69 18 18 77 17 29 31 68 85 37 49 15 20 82 79 76 31 47 59 7 4 88 99 82 18 44 15 37 2 9 15 10 7 94 39 51 77 55 15 3 11 60 73 81 52 35 77 100 92 46 0 90 77 92 80 37 86 7 16 78 0 13 27 95 38 25 18 2 49 8 83 91 42 52 63 2 93 30 39 51 40 70 27 1 4 41 73 76 60 7 
44 91 73 55 36 11 59 34 42 38 93 29 64 73 4 99 57 32 30 44 15 87 51 1 75 71 84 44 92 28 53 49 94 72 20 37 13 96 35 47 63 50 41 36 30 38 72 49 84 49 22 3 18 91 39 46 15 5 13 97 62 61 7 86 44 89 11 48 94 86 4 71 55 15 29 25 50 58 52 4 56 19 39 14 97 45 56 40 81 58 31 76 99 75 75 15 46 70 89 73 36 30 49 1 40 64 42 66 44 68 66 24 92 11 55 26 60 89 99 25 98 78 0 6 76 32 63 17 8 7 45 53 67 41 35 21 0 22 71 90 49 8 30 13 16 27 53 48 23 55 80 69 42 57 6 95 92 73 18 14 8 41 97 16 17 63 58 35 14 73 90 44 90 67 57 18 51 25 5 56 
45 29 72 8 51 48 33 40 31 83 61 58 47 15 16 25 0 17 91 59 79 42 25 9 69 20 80 78 62 45 40 4 4 18 8 87 57 75 53 7 45 12 9 85 75 8 40 80 45 67 32 31 42 54 5 88 69 35 66 56 26 46 16 59 96 6 88 76 15 74 66 79 43 91 83 12 74 80 52 21 95 19 11 85 17 65 7 14 99 15 15 71 95 31 2 73 42 42 36 0 55 94 99 52 86 28 63 30 65 29 13 67 72 32 3 12 45 14 62 93 76 2 42 3 98 50 72 33 87 37 82 81 16 5 28 65 59 100 91 12 11 3 30 4 44 40 49 38 29 3 1 86 98 61 3 86 27 76 26 91 69 4 4 24 17 1 92 52 83 64 4 71 95 98 56 49 15 3 40 33 
95 1 95 64 18 41 95 68 11 6 90 60 14 42 30 8 53 100 81 39 83 71 95 11 59 28 36 4 56 94 31 15 59 12 83 7 13 63 50 77 46 71 28 67 1 41 26 31 51 52 71 41 4 49 57 33 71 52 90 45 33 14 93 49 88 79 19 64 59 4 16 87 68 56 22 22 89 64 87 82 52 66 71 35 37 15 56 59 88 47 4 18 59 93 95 43 8 52 0 58 42 51 59 51 2 56 98 30 100 27 99 58 21 53 12 16 79 68 34 38 28 50 22 38 5 46 16 24 68 18 88 91 97 82 80 18 28 32 30 75 32 100 41 90 94 74 51 50 27 26 50 97 37 69 60 44 30 20 52 12 61 74 87 42 28 87 93 89 68 9 29 51 13 78 48 52 10 10 81 0 
85 79 100 59 87 22 95 25 14 93 100 99 75 6 98 57 22 89 13 45 99 27 92 65 29 28 9 18 57 100 60 15 53 36 26 74 68 27 58 40 13 50 77 54 4 89 16 67 6 24 53 86 31 99 43 12 36 7 68 42 68 70 47 65 48 28 54 16 61 13 41 49 24 45 78 87 68 75 70 12 75 19 94 80 54 62 63 25 89 78 63 18 7 13 18 4 18 38 100 28 56 84 25 15 79 88 91 77 13 0 15 84 95 16 83 15 50 42 48 40 17 51 12 55 14 99 32 52 14 18 88 42 72 37 13 90 49 87 96 24 3 0 33 57 29 38 48 6 7 66 82 84 32 99 68 59 32 64 11 5 3 25 21 88 92 55 21 94 100 1 45 79 58 37 59 1 57 75 98 44 
88 6 93 29 1 84 83 76 63 49 78 56 29 77 7 72 70 1 87 1 42 44 51 53 63 4 15 63 44 22 38 54 24 68 20 78 69 12 10 90 60 60 27 48 63 65 75 65 47 39 79 4 16 62 78 15 93 21 44 47 71 55 13 89 42 85 85 80 39 30 81 92 53 92 3 68 72 88 91 59 96 95 91 39 71 33 98 76 83 96 76 46 43 37 65 76 14 30 92 82 39 87 84 60 63 0 64 78 7 7 94 21 88 96 43 10 0 96 18 67 71 16 7 21 92 15 10 64 53 59 49 42 79 7 11 91 96 44 67 59 84 90 20 31 44 33 97 39 30 55 13 75 20 7 89 55 43 47 71 6 55 86 8 83 65 88 15 14 42 57 80 98 85 57 92 67 88 26 36 4 
23 11 80 3 99 2 90 43 13 18 17 21 4 53 80 16 26 19 99 92 23 25 79 41 75 83 47 40 9 83 11 74 39 58 32 85 20 73 11 61 1 67 27 35 18 100 38 15 21 6 62 84 11 14 60 73 28 74 50 47 40 29 34 76 76 3 63 96 26 29 55 25 39 1 80 50 82 42 79 4 16 81 73 88 41 54 34 30 56 50 73 76 7 43 5 24 99 13 37 75 57 51 31 3 87 62 72 99 25 52 87 88 94 80 63 11 93 3 23 69 0 4 23 13 6 23 61 24 35 16 50 83 61 6 45 11 42 85 84 43 4 44 44 83 22 53 83 18 94 50 22 9 90 70 88 89 22 94 0 51 96 98 46 84 27 36 44 21 22 42 28 56 39 89 3 82 13 37 25 83 
70 67 6 11 90 4 54 40 30 92 61 17 63 77 61 25 37 74 22 32 84 44 76 54 1 2 66 72 91 98 47 95 68 2 95 100 97 78 60 73 1 38 58 81 74 24 76 75 18 8 3 54 24 82 82 53 68 67 49 99 77 32 68 46 18 77 9 39 13 1 96 95 36 12 61 92 59 38 64 100 63 50 92 42 23 76 32 78 89 29 62 81 35 84 43 62 82 97 29 21 32 68 28 95 32 83 66 47 24 42 59 84 95 58 7 51 76 84 86 10 26 91 58 45 78 77 100 35 67 74 89 27 22 64 57 100 83 41 83 95 44 77 40 22 2 17 43 44 59 27 98 98 94 14 28 48 49 39 78 65 56 54 15 44 33 99 83 25 89 68 20 67 79 2 94 66 56 63 45 40 
10 27 94 68 14 97 53 27 53 78 6 84 85 66 66 7 7 38 13 97 41 34 65 31 86 63 11 33 60 36 75 43 58 93 60 59 42 12 78 19 71 42 25 89 41 38 85 56 74 61 5 27 37 80 84 69 5 61 55 43 48 97 54 32 86 89 10 42 89 84 51 91 54 11 1 33 99 43 38 58 40 69 3 5 92 60 4 65 14 20 47 62 41 11 13 2 68 41 74 77 56 48 6 74 75 67 42 41 3 5 31 44 2 50 82 43 3 4 96 95 75 90 76 12 53 62 30 56 37 16 37 67 26 89 14 77 19 79 3 82 98 13 83 7 20 28 33 10 54 68 7 46 14 82 16 91 16 11 95 45 10 30 90 45 79 81 50 18 53 35 25 3 97 5 37 69 67 87 66 71 
67 39 82 40 67 53 57 20 57 19 13 37 33 80 87 78 36 23 58 18 80 84 49 32 19 73 59 91 21 31 81 43 9 94 56 53 80 0 18 2 55 31 36 84 27 32 2 84 30 91 93 72 54 15 56 75 81 51 97 90 27 39 19 5 65 99 74 52 43 43 88 62 36 9 51 41 74 83 4 72 54 59 25 86 48 24 66 68 65 83 66 57 3 78 46 9 80 89 75 50 6 46 77 4 24 58 21 55 73 93 8 81 60 37 44 54 7 7 8 93 88 9 25 84 20 32 81 79 20 41 0 64 72 11 94 26 64 14 82 86 59 39 24 43 77 100 35 80 86 92 76 8 93 95 97 15 55 37 51 5 38 41 12 0 41 34 42 71 47 2 76 32 90 65 27 44 74 82 26 35 
61 4 87 91 85 62 71 14 43 94 78 58 48 37 99 84 67 55 10 77 19 51 92 72 41 79 57 51 79 65 56 67 93 50 29 49 1 51 61 98 81 34 75 57 63 95 86 49 79 79 79 79 96 82 61 5 74 83 20 33 5 42 19 96 52 83 78 60 59 49 78 54 100 76 23 79 80 6 66 92 8 1 46 79 62 16 58 47 5 24 1 60 35 32 61 81 58 30 85 23 85 46 2 83 52 49 92 76 28 21 37 15 45 89 47 41 60 15 24 42 34 43 51 86 88 69 51 60 25 8 5 31 67 1 100 3 96 97 10 40 42 19 91 56 16 95 33 69 33 6 55 94 3 19 98 34 68 46 50 35 86 2 20 81 11 76 60 73 51 5 36 67 86 37 77 17 39 13 48 30 
12 16 18 76 21 55 16 59 86 23 18 23 60 16 7 83 26 83 40 31 35 57 26 86 96 87 6 87 95 58 82 94 64 75 23 6 100 4 64 76 43 29 79 92 12 56 39 87 20 86 20 18 57 36 8 40 96 65 23 11 98 77 37 77 57 37 59 34 30 13 48 53 37 22 76 20 84 99 76 60 33 2 55 64 12 76 30 25 45 84 24 23 95 9 34 57 36 28 94 38 24 81 9 30 75 50 2 58 50 63 27 28 39 71 4 74 32 26 89 60 84 80 0 89 67 0 63 32 24 22 73 38 91 74 48 89 54 66 95 30 55 72 64 14 68 82 38 29 95 79 40 68 22 2 29 21 8 70 88 56 5 22 4 61 75 77 48 52 81 85 24 61 65 97 19 97 37 69 45 5 
70 17 68 14 11 22 75 99 70 32 87 91 40 10 96 5 63 34 15 73 95 70 7 42 49 70 14 87 31 54 99 20 72 91 93 78 47 41 6 87 38 35 20 85 4 84 89 85 78 65 9 80 57 91 79 89 82 24 64 77 66 46 100 91 100 11 73 43 32 2 92 77 80 96 78 98 83 31 73 6 20 8 10 48 27 63 94 53 43 72 37 22 48 20 9 42 5 65 20 57 77 22 40 39 20 95 45 30 78 60 1 6 57 32 49 34 83 40 80 33 0 76 46 99 11 60 73 40 82 77 4 58 76 44 78 67 5 80 54 91 69 40 49 32 80 67 10 47 10 61 78 21 28 83 42 59 76 17 22 38 65 54 67 64 86 31 66 70 77 39 29 18 37 56 24 53 34 63 31 64 
47 72 49 6 43 58 45 73 98 54 1 14 82 5 42 24 21 96 14 32 99 71 56 89 17 68 19 84 70 96 23 51 32 4 21 57 40 18 62 75 55 79 79 48 29 6 91 7 20 83 81 69 22 61 36 41 38 22 85 30 32 6 2 28 67 44 76 25 98 19 57 31 86 67 68 88 58 73 95 76 64 93 24 93 99 50 97 46 42 93 88 60 7 46 56 25 39 90 85 43 3 9 74 33 74 49 84 95 21 100 75 66 70 69 93 72 31 19 42 91 9 33 60 52 10 44 92 0 45 7 66 22 11 0 2 20 87 57 11 43 4 62 19 55 13 31 42 40 100 78 79 20 6 50 64 32 36 81 69 94 59 58 71 22 23 8 83 77 3 47 37 0 21 1 57 55 35 23 18 15 
20 25 0 71 40 26 72 50 48 15 85 84 49 59 85 40 59 6 96 15 63 30 25 32 89 51 87 33 41 57 76 54 42 49 41 89 40 21 86 96 62 80 98 26 65 15 35 14 41 70 66 58 76 60 24 19 57 13 84 8 59 89 38 48 100 89 67 67 15 12 49 85 79 34 38 78 19 36 46 94 91 80 82 7 30 28 53 49 50 15 78 60 37 58 13 62 85 55 48 0 37 94 7 37 15 69 85 91 34 56 64 93 51 41 11 33 97 69 80 60 69 24 33 42 21 19 60 77 62 16 14 54 41 4 57 10 74 46 19 60 86 10 63 33 25 41 12 63 18 32 63 50 94 70 78 33 14 95 25 57 50 57 50 88 4 84 32 73 16 37 18 82 3 63 36 74 87 62 83 35 
93 79 40 39 4 19 85 14 39 94 66 93 15 43 3 65 64 15 85 67 73 31 38 89 51 99 9 2 8 59 75 41 65 64 94 46 97 84 39 15 58 76 75 54 87 27 86 50 15 32 99 43 37 40 47 26 41 56 36 30 23 86 99 49 40 45 24 45 37 97 71 64 31 13 29 84 62 34 42 6 56 97 36 57 21 2 77 17 43 94 49 86 22 51 0 22 54 55 74 7 15 28 62 34 4 27 80 67 22 36 2 7 81 6 34 84 1 45 43 38 52 66 41 56 97 44 98 80 80 39 1 42 81 9 57 17 9 88 87 20 28 66 87 80 35 63 33 93 37 0 35 84 7 76 60 37 40 79 41 11 17 26 7 27 97 15 6 46 40 17 98 70 72 18 29 17 15 81 11 66 
43 29 67 89 5 51 64 78 13 78 82 89 38 77 54 85 93 48 1 74 22 70 65 53 85 47 23 56 61 97 43 4 13 75 43 1 9 73 24 46 56 30 15 87 73 69 78 10 66 97 52 33 21 90 70 66 99 35 12 91 69 7 63 64 49 47 50 5 29 44 7 12 16 98 41 92 13 4 16 0 50 79 34 50 46 19 26 30 92 1 0 73 45 19 64 22 6 92 71 99 25 63 2 1 84 76 92 4 16 100 65 85 96 37 75 74 16 69 74 81 45 96 64 12 30 50 62 89 74 55 100 79 44 62 74 93 15 0 23 80 49 16 27 41 57 19 79 81 56 56 3 9 46 48 31 28 22 51 81 29 61 6 26 76 28 4 22 9 6 53 40 48 80 50 91 14 51 90 76 72 
9 53 32 25 79 99 14 47 84 33 41 66 1 95 61 81 92 45 63 40 14 48 13 46 66 29 69 73 83 68 0 12 33 38 27 1 23 28 28 88 74 53 32 100 47 35 75 73 40 31 37 54 65 65 24 15 45 92 89 66 94 2 75 98 42 62 92 80 57 64 40 82 82 59 2 1 83 8 77 57 3 38 35 57 91 47 58 23 52 29 49 25 57 77 54 19 100 30 33 8 53 41 30 23 19 77 50 86 56 17 12 63 74 68 50 37 68 73 44 86 36 44 3 23 31 8 18 55 73 51 94 3 45 97 8 95 36 97 20 56 74 91 80 61 77 70 89 10 23 65 1 62 12 16 58 60 30 22 22 68 92 24 73 26 54 46 68 14 92 64 10 51 40 76 47 1 72 100 56 73 
42 30 64 35 55 28 17 72 90 16 95 73 46 71 62 93 73 99 53 97 94 15 92 80 47 66 21 80 38 1 95 94 26 86 4 62 74 8 32 0 85 96 12 36 51 28 31 50 30 17 77 31 64 8 0 29 19 53 71 56 93 56 91 33 12 37 1 77 49 95 21 57 19 80 38 52 55 45 74 94 52 16 53 34 24 11 11 36 68 32 67 59 1 32 99 71 62 25 65 19 83 44 96 95 25 97 54 15 78 16 10 52 32 39 65 44 14 77 95 40 19 75 3 93 77 70 55 4 14 41 46 27 87 24 18 1 100 45 19 51 31 50 4 15 62 45 73 90 63 38 27 41 45 31 94 10 48 61 85 5 40 60 5 34 76 40 35 18 26 97 49 32 62 77 51 0 96 32 86 61 
23 48 54 54 4 56 89 95 16 66 55 87 96 62 44 55 98 12 68 3 57 80 37 23 45 27 2 4 7 44 38 16 45 87 53 76 61 66 83 66 15 76 64 32 88 10 9 49 35 48 81 92 14 43 22 75 67 34 73 68 74 66 13 50 16 52 76 29 95 87 93 99 12 38 31 55 87 62 22 90 66 78 72 48 17 25 19 13 83 14 35 28 77 84 7 53 48 93 89 78 24 79 38 26 2 64 27 71 43 41 74 67 61 30 55 98 76 56 32 97 9 49 31 15 96 9 17 19 27 70 7 40 46 93 52 86 100 8 89 74 74 50 53 64 2 59 59 47 5 68 34 93 71 68 42 100 91 17 47 14 64 46 41 90 61 4 75 11 98 49 13 39 27 90 9 5 20 23 100 57 
43 74 21 98 23 33 58 46 62 33 20 47 72 92 66 14 37 17 68 69 6 97 5 84 19 6 20 11 49 52 66 2 100 7 59 64 85 1 85 92 98 84 17 24 21 39 55 74 77 9 47 34 79 56 44 96 13 54 93 1 83 40 62 8 32 41 71 73 15 59 22 83 25 65 76 99 73 89 2 7 99 55 87 49 45 86 34 45 13 99 89 98 25 3 76 6 59 83 85 1 81 62 40 43 46 40 18 37 48 10 83 42 50 57 95 59 10 3 2 54 93 5 84 25 63 37 74 55 20 0 34 36 26 67 88 7 79 7 38 97 41 29 71 76 5 5 90 72 100 19 58 5 97 74 22 70 89 93 65 26 50 77 25 4 75 12 18 85 40 21 95 100 30 33 11 38 40 82 60 87 
87 63 52 47 10 51 64 4 48 27 32 11 32 58 75 70 1 47 68 95 52 18 8 8 60 59 25 78 80 83 39 56 12 28 67 2 53 25 72 98 57 51 64 67 52 25 50 90 22 77 45 23 1 96 72 90 25 100 33 77 38 27 53 27 5 49 42 88 96 16 40 48 88 57 1 18 85 36 2 83 0 67 12 77 96 70 98 58 31 99 62 70 54 17 83 11 32 82 57 52 42 90 48 0 72 17 90 96 81 100 36 68 83 93 19 31 45 94 40 88 38 64 49 93 12 64 44 6 43 95 47 96 41 11 98 83 21 54 34 85 76 97 6 72 9 74 59 69 43 79 81 74 12 99 13 48 100 9 99 82 17 17 54 79 71 29 42 95 55 83 19 31 26 39 88 86 86 88 54 84 
69 89 1 36 21 56 32 77 86 89 93 11 10 44 46 95 73 31 77 93 65 30 86 100 62 58 24 32 30 38 84 85 6 25 3 74 26 43 57 41 62 87 85 76 51 20 52 21 63 46 51 39 42 64 20 65 37 21 15 31 96 83 59 52 6 84 35 67 83 91 47 92 98 94 11 68 58 46 84 49 68 71 53 42 71 68 85 100 49 4 97 64 43 1 26 28 48 67 23 95 35 37 42 55 42 81 14 11 19 61 43 7 65 94 26 62 29 29 16 87 81 77 73 84 15 93 60 96 32 78 92 76 98 29 26 4 64 91 86 97 2 92 12 94 32 66 88 13 94 78 49 30 63 33 60 45 90 78 22 81 31 18 53 35 42 69 15 84 4 23 46 35 42 22 70 31 5 7 38 36 
26 23 91 90 92 6 30 1 91 11 52 31 12 31 90 62 28 39 14 17 98 61 30 55 38 52 94 62 57 45 65 30 97 55 74 72 34 32 55 41 9 71 82 42 66 22 23 67 66 72 86 65 75 67 46 0 13 6 60 15 95 37 38 67 82 85 56 6 60 13 42 8 31 12 21 22 40 11 42 60 30 100 11 58 61 66 80 99 67 4 68 11 85 48 33 3 44 16 78 65 75 82 63 87 50 54 33 48 16 35 52 23 11 99 26 94 29 1 95 86 9 47 26 7 95 77 5 100 20 53 5 31 8 25 67 25 6 13 25 83 78 100 81 39 87 14 42 72 67 27 19 37 73 88 81 72 17 10 12 23 23 3 24 88 82 2 14 57 95 20 19 22 37 65 76 26 32 27 48 35 
82 90 72 90 23 30 99 37 91 40 8 3 97 40 5 14 40 99 66 35 59 60 41 57 25 87 52 42 98 79 17 8 9 8 81 4 14 28 4 72 98 93 80 39 78 1 93 55 79 24 23 79 41 87 4 17 40 9 31 79 90 94 37 95 36 63 3 75 6 82 65 8 29 85 6 84 56 54 72 42 4 93 73 36 37 21 38 35 91 80 7 8 14 97 19 2 56 79 52 22 38 5 89 54 47 79 16 96 22 13 22 26 51 21 83 21 76 69 10 82 3 1 59 11 71 62 86 59 25 99 72 12 67 53 85 41 60 66 43 75 17 6 58 59 90 82 97 13 13 91 48 2 78 72 19 83 85 70 85 19 99 83 64 39 29 10 38 21 61 92 21 44 72 3 49 63 37 40 36 44 
45 24 49 78 78 66 53 52 17 90 14 95 22 6 21 80 97 20 51 36 71 41 39 44 75 18 17 59 27 42 41 86 0 39 67 92 3 95 24 69 8 67 0 14 38 38 51 62 60 53 78 8 99 60 91 99 22 27 97 14 0 85 59 58 98 95 16 88 29 19 67 20 43 63 81 21 30 53 44 91 12 11 68 49 0 75 100 75 40 94 61 75 27 73 98 50 2 80 46 92 76 61 90 90 30 30 32 70 92 83 10 45 56 36 47 59 46 6 14 2 12 22 24 98 10 47 17 97 99 87 60 7 55 0 87 6 54 59 32 72 41 85 95 53 61 5 52 61 43 23 22 62 10 52 26 55 13 0 1 43 9 9 82 18 97 92 31 85 17 1 81 50 15 89 5 2 7 29 87 32 
16 7 8 84 68 96 46 56 94 0 49 29 44 52 11 44 95 8 23 47 75 34 80 13 97 40 79 38 5 46 59 61 84 72 45 9 90 35 57 55 97 90 76 78 28 22 7 79 78 31 58 33 77 78 54 24 78 51 57 28 100 52 86 30 38 29 83 95 17 15 89 79 98 44 19 28 99 80 48 36 85 53 56 62 31 28 80 66 63 32 46 70 19 46 93 41 3 82 100 49 18 14 18 8 64 53 56 22 12 39 7 90 80 43 94 53 52 79 56 28 60 70 7 100 91 4 91 92 50 97 83 27 89 49 57 81 40 14 13 28 21 5 8 0 1 29 43 16 31 17 25 62 71 51 24 84 74 45 49 90 24 40 72 74 18 57 82 11 35 45 51 7 95 40 9 94 35 100 94 88 
10 0 73 89 78 38 100 5 39 90 58 5 34 64 40 13 67 42 22 88 39 89 37 69 70 18 31 29 9 19 42 64 98 73 42 61 70 92 35 67 54 77 43 100 82 30 47 82 47 48 75 90 6 90 16 43 94 74 64 98 72 46 8 79 44 70 4 59 65 35 84 15 79 88 57 31 22 40 100 13 87 14 50 57 97 14 95 19 98 46 70 3 70 31 14 85 67 80 89 92 43 98 56 12 71 59 58 5 14 20 90 74 26 28 65 25 100 54 24 35 69 5 23 98 20 90 72 30 4 35 53 53 93 22 53 52 56 68 33 33 38 42 35 20 36 29 36 13 70 10 96 31 47 49 58 32 57 85 61 75 17 93 51 63 85 43 21 62 69 69 16 48 54 78 5 20 19 57 10 58 
68 29 51 85 43 83 99 45 0 28 74 53 38 57 7 36 93 54 5 12 18 57 38 75 62 36 50 30 56 79 15 92 90 39 42 93 48 94 4 25 75 62 80 98 90 1 3 25 26 47 98 7 82 72 86 33 41 53 28 44 36 55 74 70 37 66 59 68 30 95 84 75 29 16 22 65 80 95 2 71 44 60 23 36 66 5 0 50 30 28 37 31 45 61 73 7 9 3 74 58 97 32 8 32 16 5 70 78 88 80 23 19 45 79 71 50 100 58 25 38 41 19 51 56 98 9 30 41 47 29 4 35 53 76 31 19 46 77 56 72 66 20 6 41 67 97 71 44 70 11 77 68 61 11 58 16 60 2 99 55 53 88 5 19 84 77 98 31 65 16 42 10 35 82 77 41 23 71 41 0 
0 66 8 33 86 45 43 13 81 44 52 68 16 57 41 30 44 41 0 4 48 50 68 22 2 92 8 9 77 77 60 14 36 76 58 23 46 31 79 19 98 11 75 88 81 97 61 92 37 20 20 25 66 41 35 89 95 72 65 34 46 74 77 20 11 5 87 72 83 25 100 10 67 46 54 57 41 51 60 63 91 58 35 63 54 33 17 5 72 26 25 78 25 55 12 75 71 62 24 59 53 95 76 43 85 7 51 33 3 31 89 47 44 42 17 62 91 58 18 29 44 8 24 29 34 23 67 39 92 9 48 2 81 68 27 79 50 14 43 67 29 75 5 63 2 16 19 80 24 87 66 0 84 6 40 13 99 4 37 4 93 23 26 93 38 91 52 0 76 77 53 97 99 54 59 71 51 92 51 74 
12 69 57 83 45 99 87 49 58 98 49 65 7 14 29 36 63 68 50 12 30 27 2 95 32 26 34 15 14 48 58 91 36 46 43 99 36 38 62 31 59 43 6 29 43 23 14 45 77 9 64 24 58 94 7 73 15 92 98 8 70 56 95 85 91 64 75 41 76 67 75 38 77 64 54 70 56 75 62 52 13 28 36 70 73 11 93 54 64 41 10 51 80 91 36 41 61 81 95 48 57 96 65 38 99 38 15 75 57 94 53 60 47 92 60 82 11 68 73 43 76 6 36 73 30 40 55 89 21 70 29 22 74 39 55 93 61 37 59 78 34 32 5 51 9 56 2 84 56 29 61 8 61 77 17 12 53 63 59 72 63 50 74 96 89 47 8 88 80 3 25 90 49 81 87 24 15 97 92 45 
28 63 79 27 53 42 97 10 77 84 4 59 78 67 46 51 29 51 36 93 21 59 93 95 81 69 20 33 88 2 86 35 85 17 14 66 7 78 72 51 76 40 54 98 26 80 16 53 76 54 27 14 25 62 52 84 5 22 57 44 63 71 67 16 52 5 12 10 82 8 10 0 94 83 93 80 50 40 84 37 57 6 54 71 96 26 78 18 77 71 73 19 44 3 46 55 34 29 38 61 88 100 79 53 27 45 47 5 62 50 78 35 32 73 67 22 29 98 29 66 21 69 11 59 14 5 100 89 6 30 95 21 33 49 87 36 87 5 8 18 50 66 28 65 14 2 33 25 72 78 97 14 59 28 96 7 49 66 7 27 85 13 83 42 33 52 94 89 24 9 9 59 76 94 39 29 7 13 92 98 
3 10 67 27 41 12 0 11 1 80 98 2 92 36 83 2 85 31 57 26 71 63 28 22 19 49 63 69 75 67 75 35 14 12 60 89 39 83 75 38 2 63 67 65 76 66 71 42 24 80 100 83 21 26 16 30 98 40 50 4 83 79 40 25 28 79 69 88 14 38 28 42 23 41 60 72 25 84 22 10 84 90 97 98 47 88 85 15 72 45 98 21 19 52 19 0 100 11 26 89 0 63 46 8 89 55 100 15 71 58 11 66 82 6 77 79 50 51 5 35 1 82 35 16 71 7 44 67 41 72 72 91 82 39 98 42 70 13 9 50 24 95 15 69 19 88 52 46 29 0 19 65 36 64 1 97 15 23 99 61 47 46 62 54 45 98 55 8 86 66 0 23 6 60 22 89 38 69 73 91 
93 9 38 5 64 8 51 94 53 45 68 79 49 71 85 55 9 92 14 94 55 0 41 77 25 100 94 93 71 11 25 1 33 68 1 81 35 85 68 47 5 89 49 55 34 19 60 23 28 60 82 13 89 88 92 27 57 1 84 100 89 28 84 4 38 26 27 16 38 9 76 41 58 91 72 52 57 25 94 73 94 73 9 7 98 31 76 88 59 23 59 2 8 71 12 67 76 88 8 30 50 6 14 86 24 53 7 11 98 40 38 29 35 79 97 92 20 45 21 75 38 12 27 20 28 45 51 47 33 97 19 68 52 52 29 72 82 51 12 85 3 11 30 85 42 91 10 58 88 42 5 51 3 6 80 53 74 65 25 2 17 43 51 21 27 73 0 99 25 54 51 70 71 71 87 44 72 41 73 27 
54 46 87 99 37 33 87 75 8 32 41 92 14 37 46 46 42 36 75 73 22 73 84 1 80 35 5 75 42 15 17 94 47 11 6 42 40 6 86 95 24 100 55 23 39 18 41 44 0 31 9 65 37 38 26 45 99 89 22 72 80 10 45 100 81 12 60 14 20 9 6 5 69 58 63 42 38 98 57 12 10 91 31 52 54 83 13 97 42 74 6 18 35 46 59 84 37 78 30 68 7 54 51 59 19 93 52 6 94 69 8 29 28 99 5 29 78 86 29 87 64 56 14 63 98 31 30 22 38 44 35 63 12 64 98 46 83 4 48 2 30 64 38 31 36 74 64 14 34 82 17 54 38 98 91 3 27 24 62 72 53 11 7 25 73 100 4 84 42 15 33 8 62 86 95 13 99 21 56 79 
84 79 83 25 20 9 94 28 23 48 22 28 15 68 45 92 36 75 51 81 13 2 39 46 74 32 12 22 0 97 57 31 9 15 90 58 46 6 39 58 72 19 62 4 39 80 30 31 97 46 1 44 1 96 46 27 17 94 71 11 26 70 64 97 81 40 50 96 31 26 33 64 70 41 50 14 23 5 42 94 8 51 69 17 20 95 7 84 27 71 3 68 87 59 42 64 23 19 78 19 8 95 22 71 9 60 38 23 21 28 35 60 88 47 3 97 25 80 7 69 59 84 90 36 58 15 18 36 19 27 20 64 72 71 72 56 22 72 70 10 84 45 29 9 64 40 76 9 27 69 39 92 78 8 45 90 53 0 11 18 31 32 34 21 1 41 80 23 6 76 82 88 53 12 0 65 34 42 85 49 
74 93 51 22 56 5 80 0 82 78 81 7 90 100 36 98 31 26 47 60 78 39 15 13 89 13 59 4 49 27 12 44 3 87 89 39 9 42 95 74 80 16 18 89 98 78 62 80 35 68 75 88 80 31 49 88 67 0 40 6 33 79 5 62 70 78 55 84 64 99 97 31 34 18 49 5 99 47 3 15 92 51 40 25 66 78 92 63 75 70 59 14 81 27 23 77 51 12 0 42 76 64 52 16 96 10 89 94 11 85 16 43 45 66 55 21 7 85 35 24 76 58 7 39 73 38 79 27 28 92 72 86 17 60 12 8 5 92 18 32 43 60 18 33 12 30 60 81 69 70 37 31 17 7 22 0 1 84 71 80 19 80 48 41 89 85 26 0 7 54 48 7 11 38 92 47 48 16 48 77 
63 45 20 15 10 26 97 16 34 98 49 52 91 43 79 21 1 13 51 95 19 83 30 19 87 75 45 97 40 41 39 48 46 64 17 6 65 37 54 67 98 28 90 34 8 47 10 69 84 0 30 96 11 100 70 65 48 48 63 78 77 50 99 79 72 77 33 86 94 61 70 47 97 29 39 64 5 87 36 57 37 84 35 18 36 83 94 82 3 26 90 9 75 17 33 4 4 49 24 62 53 88 51 67 91 95 75 30 86 58 60 28 77 2 6 88 76 84 33 18 70 11 31 25 42 61 64 37 26 67 36 37 29 6 67 17 11 86 68 18 59 37 38 34 60 98 94 11 25 46 82 41 8 43 97 37 10 1 94 81 48 16 57 31 91 25 91 32 67 98 28 87 70 20 83 93 37 96 54 27 
78 12 18 59 10 6 2 100 98 77 97 93 15 33 47 34 50 37 70 36 86 12 49 39 77 87 83 99 4 85 61 34 73 75 86 68 20 61 32 16 49 40 4 45 75 42 38 61 92 63 98 38 66 53 75 16 99 62 42 73 87 25 41 21 75 70 82 40 92 84 47 6 71 18 95 37 19 61 27 87 47 0 82 19 84 12 52 35 62 20 26 6 9 42 31 58 85 33 53 17 60 96 35 10 76 0 7 23 78 12 73 73 7 33 99 100 50 9 49 17 91 52 51 33 65 80 37 59 5 6 77 75 44 63 83 100 90 51 14 49 92 50 21 96 90 63 55 33 54 27 28 2 63 4 4 59 85 45 79 98 63 50 30 31 87 34 100 97 82 80 79 21 92 37 44 40 21 67 5 12 
34 17 26 51 69 6 53 49 36 48 66 61 40 62 36 51 78 95 65 5 84 63 42 13 47 99 7 93 78 20 77 70 90 32 14 23 3 54 96 77 90 78 32 89 85 100 78 91 57 80 78 30 97 29 88 81 24 87 60 63 54 98 58 68 2 18 48 42 38 74 5 67 64 88 40 35 36 30 55 79 69 19 7 58 19 18 79 66 15 44 40 32 92 47 62 61 79 17 69 31 61 85 51 32 75 66 78 68 99 53 63 91 26 87 14 21 43 29 100 31 39 32 4 53 8 32 54 85 73 64 64 9 3 44 57 57 0 77 41 30 44 34 30 5 57 23 50 32 93 17 58 17 42 87 51 98 92 52 77 72 71 7 97 19 50 47 23 56 64 63 32 29 39 25 59 98 16 79 65 7 
22 33 93 67 22 77 40 52 45 23 18 51 34 5 7 8 63 92 54 98 88 38 24 1 5 94 43 29 25 20 94 54 16 60 100 36 67 97 60 32 63 55 89 43 65 14 79 8 90 54 23 10 45 54 97 57 60 75 40 1 46 35 75 44 31 6 38 73 26 41 17 29 88 38 63 72 1 47 38 45 49 38 62 40 77 6 18 93 86 59 98 59 43 55 100 91 81 38 44 26 41 20 18 64 94 37 86 84 6 95 55 26 61 33 76 81 50 28 7 22 27 77 69 38 39 10 8 10 46 62 12 16 84 34 90 55 79 57 37 32 54 73 88 1 74 53 74 87 93 61 30 24 60 72 52 75 35 81 18 63 43 70 57 1 95 30 26 66 30 87 87 52 27 18 68 93 46 24 43 8 
6 46 4 98 84 73 94 91 97 73 12 51 84 23 50 4 55 74 72 42 37 87 7 63 11 16 57 67 20 87 9 60 20 80 89 52 17 23 83 27 41 15 84 47 20 19 86 64 47 68 88 86 85 78 54 94 72 68 76 50 17 62 8 25 100 18 49 59 94 1 62 42 30 51 96 64 55 97 40 9 88 93 75 68 24 15 52 53 10 42 10 33 10 60 64 77 96 57 18 62 34 95 24 15 65 20 49 57 69 0 87 68 45 90 75 20 8 81 4 56 22 82 21 24 17 87 84 22 92 46 47 59 47 49 85 45 39 83 80 8 29 80 60 31 74 0 25 61 19 94 92 8 81 42 40 53 47 17 87 13 9 55 93 45 28 69 41 85 80 64 12 23 44 0 29 44 2 64 26 90 
47 15 45 12 54 82 74 15 0 91 59 78 81 100 8 93 80 64 45 7 4 25 50 19 1 8 40 12 7 46 35 12 10 0 4 51 38 39 65 48 42 54 66 93 18 1 74 35 4 4 44 83 50 61 39 31 77 98 67 39 60 24 3 25 37 18 78 34 99 58 19 61 98 98 70 69 18 32 81 55 76 26 40 70 23 33 64 78 36 95 61 97 30 85 72 85 63 38 40 87 89 24 85 90 87 94 85 66 98 65 47 19 39 42 7 24 64 76 4 57 74 91 14 90 50 62 100 70 95 73 3 52 52 32 22 64 41 39 55 22 44 22 36 73 36 51 30 89 99 34 45 89 30 98 19 81 90 37 42 93 46 1 95 44 90 95 46 46 96 21 95 3 44 62 62 54 8 28 80 65 
82 91 59 89 96 91 46 42 42 66 42 94 80 83 41 43 13 0 81 56 1 88 17 45 82 30 52 13 7 36 69 52 66 1 4 69 55 59 15 47 18 48 61 17 13 67 1 67 6 9 83 52 34 72 40 15 12 25 46 65 89 59 88 45 53 80 16 18 37 26 29 93 50 76 1 68 1 41 82 100 23 56 10 30 48 4 48 29 6 75 99 78 40 95 94 16 35 98 13 8 3 14 47 41 74 97 3 23 62 87 3 7 77 83 29 43 16 72 5 0 53 71 52 91 45 13 44 20 2 81 35 95 71 43 84 65 76 24 67 67 36 66 84 52 29 9 44 13 58 73 39 49 40 36 41 77 62 15 18 65 99 83 31 14 10 56 64 10 28 93 33 18 49 19 95 76 60 4 99 17 
71 52 64 50 27 97 10 55 72 33 54 5 62 37 90 12 55 32 13 21 76 28 76 56 100 70 28 34 30 42 86 94 85 93 64 16 24 34 52 73 0 52 88 45 89 62 82 98 12 73 47 44 71 33 81 16 58 95 68 28 23 30 88 78 87 76 64 43 75 41 38 2 86 8 29 40 68 95 61 38 20 41 43 99 57 4 50 30 37 33 4 84 59 89 91 81 40 8 15 33 77 21 7 47 13 33 28 95 6 85 89 26 87 76 99 17 65 55 86 57 16 87 88 90 5 100 45 0 31 59 3 90 49 56 3 93 48 85 66 39 36 14 58 1 66 58 33 21 58 31 92 3 4 11 96 60 58 34 10 52 83 74 83 41 17 90 100 98 88 4 61 19 38 35 50 28 57 35 54 27 
47 71 86 18 90 71 25 92 15 15 51 42 24 67 71 35 94 8 65 97 32 74 51 23 82 5 65 95 88 28 85 4 6 14 10 30 50 8 10 49 32 24 41 10 0 80 31 29 9 4 51 23 61 63 32 8 59 27 57 5 56 60 17 49 93 22 90 26 5 7 55 20 13 63 22 4 56 73 19 67 75 92 89 63 33 10 81 100 42 90 2 52 76 34 2 76 82 94 19 70 10 98 83 71 81 21 20 52 84 94 77 73 31 24 4 4 65 6 99 93 25 19 24 48 76 30 50 48 5 86 6 35 14 99 74 75 92 67 76 54 42 36 82 73 81 27 46 9 0 92 29 70 92 49 45 57 48 93 82 16 53 12 50 81 44 42 46 30 53 39 59 96 17 97 19 6 60 40 98 21 
7 13 70 32 35 16 23 91 36 100 16 25 6 93 73 57 15 97 37 85 46 47 19 45 12 67 13 51 40 35 87 51 4 29 95 44 99 54 40 28 52 51 39 6 1 91 33 21 68 9 59 38 95 43 8 84 45 21 96 45 59 60 57 22 42 71 76 88 71 86 97 74 84 4 28 16 52 30 23 29 48 73 15 16 72 97 35 5 48 95 70 38 43 38 23 74 78 97 51 53 59 30 20 97 39 80 39 9 2 50 7 68 71 67 77 69 82 44 72 86 92 61 66 86 14 23 85 77 11 92 11 76 1 95 87 84 56 44 19 13 77 80 67 90 80 22 32 4 42 50 18 10 12 93 77 51 41 13 81 97 58 20 83 1 54 63 27 54 83 64 2 98 36 67 39 14 10 37 7 59 
84 89 51 39 80 33 19 65 12 72 49 89 14 86 100 1 5 52 85 29 49 59 22 35 95 2 68 58 38 10 81 42 46 23 36 65 94 27 37 78 2 85 45 60 24 84 0 1 20 55 97 26 73 36 96 9 3 91 91 15 64 80 17 28 55 63 39 41 31 39 28 58 75 28 97 91 41 75 88 51 79 70 0 73 28 13 93 51 79 19 93 5 76 21 9 67 81 40 34 79 61 82 10 4 16 100 86 99 22 85 33 92 17 43 3 49 56 35 92 95 35 46 48 35 75 52 22 42 40 99 36 98 86 45 45 22 25 19 10 86 86 53 80 43 64 30 86 11 51 63 43 27 62 51 56 39 64 48 93 90 61 68 36 60 31 91 69 34 46 31 77 17 52 56 10 80 56 72 42 73 
41 20 28 73 52 69 97 96 49 47 67 88 63 63 68 32 68 35 91 98 6 78 41 32 13 60 55 42 89 2 84 76 22 91 93 19 13 71 94 43 14 82 52 83 27 8 83 40 79 17 64 32 90 16 86 58 91 66 60 94 49 62 41 0 78 58 36 55 59 36 48 36 77 67 88 72 14 8 53 84 30 73 96 83 27 47 50 34 50 100 46 96 94 42 63 4 29 32 90 90 26 11 80 94 84 49 14 18 27 55 8 0 89 66 72 46 71 17 98 12 84 93 31 96 74 18 35 32 64 2 63 69 1 59 16 70 64 97 76 68 57 99 13 2 26 89 29 73 2 85 58 17 5 80 18 45 22 0 57 53 47 12 0 65 88 24 20 74 75 97 63 28 80 28 41 83 32 96 42 66 
52 26 100 76 54 37 11 87 19 70 78 57 72 83 69 72 13 8 59 98 35 56 96 40 87 21 32 95 77 71 41 76 46 6 6 97 28 6 74 74 12 45 55 5 45 58 37 94 100 39 13 97 92 92 42 33 62 93 85 32 87 89 50 79 22 16 53 50 60 6 5 90 68 18 67 29 98 81 32 10 96 11 19 70 72 4 100 2 31 70 83 19 19 69 86 95 78 69 73 9 9 80 73 61 0 32 96 67 68 68 11 54 49 46 59 74 48 3 56 47 93 0 27 96 41 26 45 80 66 62 5 40 47 63 15 47 100 93 19 9 9 47 82 50 55 55 76 44 100 63 52 53 23 6 36 95 48 57 38 65 95 57 97 61 26 96 17 73 23 11 56 41 10 70 64 45 26 78 61 78 
