180
180
81 5 77 96 18 79 44 100 54 50 70 90 31 61 76 74 21 27 92 48 77 99 9 81 19 24 12 86 46 44 54 65 68 0 86 14 90 57 82 64 39 72 32 23 75 60 28 47 35 5 12 1 51 23 64 60 49 90 76 25 63 14 38 90 82 3 68 83 86 13 17 88 74 27 45 5 62 25 24 8 69 84 51 53 15 97 15 78 31 97 100 95 48 72 10 40 20 33 47 69 61 12 64 80 48 38 5 36 50 37 23 9 98 3 33 20 15 99 55 26 82 68 52 20 3 94 33 66 10 54 29 88 55 53 19 49 90 84 0 68 62 75 52 86 62 1 24 89 33 28 70 5 59 49 83 99 70 9 25 4 28 11 8 10 92 61 11 9 53 33 57 58 9 88 50 35 89 69 44 42 
2 10 100 29 73 100 60 78 78 16 92 95 90 60 5 89 77 13 20 25 38 20 59 38 18 87 64 40 27 59 2 6 70 70 18 53 40 7 31 92 72 54 57 18 51 3 2 100 38 41 98 17 64 34 76 71 51 17 93 47 3 77 47 22 45 17 81 10 75 33 47 76 81 12 70 45 31 69 1 27 61 37 59 60 76 39 35 45 23 2 31 88 28 57 96 47 30 25 74 46 23 4 13 15 91 7 99 24 13 28 40 78 4 13 18 72 91 70 82 6 0 43 46 24 71 50 87 40 37 79 79 29 53 15 19 15 21 29 41 60 66 72 98 7 58 14 54 44 69 88 7 17 47 13 90 15 57 100 96 45 53 66 57 67 98 81 89 13 14 79 23 73 73 79 66 40 80 39 7 52 
98 78 89 70 56 82 87 66 66 3 31 58 3 85 0 5 98 90 29 34 54 11 82 14 59 36 71 25 48 10 4 96 48 0 90 50 50 12 2 50 49 96 79 83 44 1 50 62 10 8 29 42 88 57 0 1 42 22 12 83 44 17 95 78 89 72 39 92 25 66 1 12 56 58 73 66 46 12 43 51 22 86 7 0 17 54 13 42 96 43 63 7 83 58 37 24 81 56 27 22 40 64 67 90 85 89 56 50 86 42 71 71 77 78 22 12 81 12 3 65 36 90 48 51 81 83 80 100 96 24 97 22 95 97 100 16 85 95 9 67 17 19 32 39 68 52 86 66 52 19 71 84 57 70 92 85 73 95 79 41 56 23 78 1 63 26 44 2 7 37 27 49 57 65 69 88 16 91 6 58 
33 37 55 85 39 45 64 3 50 1 98 61 3 48 67 6 51 92 3 9 30 8 41 83 33 77 70 54 24 29 99 25 9 24 5 80 5 52 78 79 80 2 25 69 61 82 47 93 58 19 23 12 31 90 5 38 46 74 13 70 56 26 40 30 95 33 93 89 31 20 7 58 18 28 86 42 34 24 10 15 40 51 90 30 38 15 59 30 48 91 5 81 85 100 46 33 12 90 18 39 34 44 45 65 34 45 59 99 13 1 42 90 9 27 64 39 75 78 29 100 67 12 65 78 69 63 12 39 97 26 30 1 78 93 95 42 20 41 37 17 0 53 1 80 96 92 86 64 99 55 40 64 1 85 52 24 4 10 66 62 40 21 27 40 45 9 93 71 15 95 26 88 34 99 35 3 80 37 95 56 
28 62 27 94 36 15 70 18 100 10 54 21 96 38 89 81 1 57 8 48 6 29 89 80 97 41 83 69 38 88 71 57 60 34 50 28 24 17 14 2 37 46 80 21 38 37 82 16 82 10 88 99 26 43 22 52 94 14 26 63 28 20 80 14 17 84 46 91 29 45 21 46 3 67 6 96 95 53 51 20 42 89 59 10 13 96 80 86 26 28 76 34 31 20 78 74 14 25 60 50 63 89 46 33 99 94 36 14 70 68 80 4 69 99 17 47 14 85 27 41 96 70 61 92 96 39 6 19 76 37 73 52 18 26 33 13 91 70 88 30 28 78 46 37 44 9 19 23 70 49 17 19 27 26 95 16 22 37 44 44 51 19 35 31 90 41 97 46 14 80 45 58 30 41 90 62 48 67 84 9 
47 82 56 21 48 24 65 84 82 67 43 81 52 49 70 79 56 93 78 57 83 71 83 73 33 6 62 76 4 14 21 38 63 69 79 35 56 70 86 96 50 84 82 66 14 29 25 67 58 41 93 66 51 95 10 28 0 72 25 33 70 83 41 73 8 76 96 2 98 73 26 99 3 100 87 37 39 96 4 2 96 91 31 77 59 83 52 48 35 59 100 68 72 86 61 71 98 81 60 85 66 75 74 52 13 14 63 17 75 48 32 98 45 74 4 9 17 55 67 0 17 38 99 84 78 25 26 8 96 6 5 65 5 0 20 43 64 90 36 26 27 91 73 49 45 24 93 32 88 24 29 94 67 66 56 85 96 100 11 71 34 91 87 41 33 63 39 89 63 27 21 75 46 62 5 91 76 43 9 62 
47 66 83 6 25 47 17 29 61 54 82 81 5 78 56 100 99 91 62 35 75 46 37 27 94 28 32 26 66 60 53 11 2 81 32 85 98 45 33 50 97 20 30 95 24 40 15 98 74 56 49 31 45 25 78 84 87 52 4 23 41 61 47 57 47 77 12 32 18 95 26 24 16 24 78 17 98 42 38 17 44 20 65 35 16 57 27 57 51 87 54 46 69 59 21 90 2 14 21 46 75 89 34 71 82 3 80 50 23 92 9 61 80 18 44 76 29 49 34 100 2 60 96 94 91 81 2 73 84 69 75 37 84 34 78 0 35 37 51 40 89 22 25 71 59 68 15 26 98 16 57 24 79 94 48 2 100 6 61 55 71 90 8 12 97 40 64 73 19 23 89 82 26 0 17 82 24 90 0 83 
79 4 9 50 27 40 96 62 21 84 53 55 78 77 29 95 17 99 73 5 62 2 27 86 6 12 66 59 85 96 87 42 86 61 46 19 36 15 11 34 83 99 77 46 81 15 63 79 21 97 96 57 17 98 91 96 22 33 43 61 14 92 68 77 38 50 0 85 75 76 28 63 45 97 43 82 35 54 20 59 7 15 89 71 14 64 100 40 32 62 80 26 50 96 92 100 46 84 20 25 30 39 37 72 33 93 90 42 47 10 10 91 79 61 6 40 74 63 6 99 10 92 19 4 38 78 8 2 56 46 77 83 78 31 86 52 68 41 96 23 84 90 99 12 38 2 24 40 33 3 66 19 39 20 68 6 84 6 97 17 84 46 75 21 48 60 44 37 69 22 26 92 74 93 52 43 97 9 8 10 
45 92 82 70 38 89 26 48 3 96 97 50 69 52 74 52 88 64 47 53 31 52 75 91 71 1 59 40 16 16 80 43 71 98 47 87 19 34 76 7 100 70 32 40 53 9 53 70 98 43 90 25 52 34 80 17 100 92 75 25 3 73 67 12 86 100 41 57 83 14 85 37 63 59 93 64 96 94 19 63 17 25 7 63 44 72 6 40 75 2 29 4 71 85 81 100 10 14 67 64 29 35 14 98 34 37 81 30 10 29 18 90 17 37 96 32 34 56 84 7 23 94 96 10 16 82 63 73 100 25 77 90 6 3 8 45 26 80 55 73 90 50 48 8 0 21 4 90 94 9 79 45 97 51 36 70 37 90 0 65 34 15 27 52 1 17 96 39 16 40 62 51 32 12 61 49 90 95 32 54 
100 89 3 41 52 52 64 24 31 64 64 68 55 24 65 50 76 42 48 84 39 93 56 10 22 71 71 87 75 37 69 82 80 17 16 48 59 78 65 90 78 52 55 79 43 73 35 11 15 83 11 69 63 45 78 5 79 58 49 47 98 44 85 100 35 10 36 26 50 94 47 88 7 90 20 1 39 87 34 69 24 15 82 75 95 47 23 69 78 89 24 90 92 81 61 1 36 9 19 3 8 0 10 65 46 81 65 10 94 61 42 21 70 16 44 6 13 69 75 29 94 78 3 63 17 40 71 92 64 76 68 29 30 8 36 75 19 63 57 35 94 78 89 29 32 70 34 66 75 85 100 94 55 85 19 69 64 67 58 68 67 54 43 36 26 49 11 18 46 60 28 49 86 84 3 70 5 0 91 80 
14 0 85 48 24 50 73 71 87 9 78 62 63 82 8 9 3 74 62 35 2 93 61 5 78 8 43 62 63 0 90 53 95 1 3 0 29 67 82 59 40 71 9 9 78 84 85 20 18 92 5 95 100 87 4 0 71 46 59 16 54 41 87 48 73 95 12 36 79 99 31 21 70 62 15 93 73 90 29 17 66 94 76 60 31 87 33 95 46 22 81 37 36 24 31 67 91 87 85 1 24 4 47 43 41 15 71 94 5 6 67 79 73 25 72 99 12 2 46 62 77 44 42 17 72 20 53 48 14 82 27 47 98 75 11 81 25 37 82 50 24 52 46 79 84 79 77 19 53 54 29 93 5 88 62 77 6 56 93 52 40 66 51 93 11 81 63 41 7 73 21 69 30 100 6 5 2 12 67 4 
28 77 72 17 38 39 30 93 43 77 72 34 99 6 74 67 88 86 70 56 95 54 36 9 57 75 47 61 65 9 11 19 78 49 44 53 22 87 56 14 62 62 91 99 47 87 99 45 21 25 68 84 61 48 47 65 20 39 63 4 95 48 70 46 20 71 93 4 70 0 40 19 54 28 63 78 46 48 19 8 77 53 74 77 97 35 97 65 13 4 17 5 67 7 95 97 23 33 46 45 80 14 96 21 44 97 99 52 26 89 2 5 42 2 55 43 76 90 13 23 9 95 39 77 82 89 23 38 8 41 78 30 15 99 62 53 6 22 97 32 9 82 72 86 2 10 27 73 79 36 50 35 81 21 64 43 82 35 92 39 0 74 85 55 10 74 100 36 87 21 4 58 13 14 53 83 74 28 0 92 
39 30 94 44 56 100 39 79 35 23 28 64 69 3 96 80 74 12 90 33 33 42 5 95 53 54 6 81 71 69 98 8 65 48 78 73 64 10 94 30 100 66 60 28 2 96 78 66 61 38 32 9 85 61 3 98 77 49 71 45 6 63 40 74 64 0 21 64 4 63 67 42 52 80 10 47 90 64 27 88 72 7 100 30 65 37 68 22 35 0 38 79 78 55 27 84 51 55 37 33 28 20 51 48 0 78 88 37 45 53 49 91 27 84 52 25 74 54 26 79 1 36 85 12 20 45 39 58 47 9 17 4 12 61 61 61 42 24 7 79 85 61 54 3 24 27 86 76 40 100 96 9 73 65 62 9 89 16 77 63 57 92 74 24 6 52 38 27 13 23 80 47 23 52 62 8 40 45 15 64 
16 53 33 44 78 85 84 46 97 93 51 92 34 28 17 64 57 67 0 98 73 2 49 49 9 67 72 31 18 7 93 23 89 67 7 22 2 39 95 85 43 65 79 78 32 74 42 57 62 3 65 83 77 74 95 4 65 77 90 92 97 75 85 82 32 8 51 28 93 23 67 50 38 54 14 85 37 45 44 99 35 87 94 59 12 52 31 83 71 11 71 66 7 79 50 94 14 44 31 64 76 51 87 29 91 55 69 54 99 94 32 92 18 9 4 21 64 9 53 83 90 32 4 4 84 46 1 22 23 100 8 14 77 21 16 53 75 57 49 55 82 87 39 59 92 29 75 81 84 6 25 14 65 11 58 93 20 74 24 79 61 34 38 65 63 19 75 47 96 92 67 12 32 87 88 65 97 34 36 3 
34 7 94 65 60 40 16 5 98 39 51 22 69 88 64 29 69 60 33 46 3 76 45 0 24 25 95 38 26 74 86 32 23 87 39 73 98 14 58 80 58 80 33 65 46 81 43 49 4 31 0 78 81 97 100 52 59 77 78 14 69 62 47 99 48 11 2 34 63 93 3 74 55 14 42 82 98 65 100 73 31 89 49 89 90 43 89 45 82 100 10 27 27 58 26 71 70 29 32 73 94 68 45 28 25 51 47 99 33 61 94 16 18 33 8 33 54 80 36 5 2 28 99 4 32 93 55 37 60 97 14 45 29 3 85 2 2 82 92 26 17 5 21 69 40 80 22 74 93 4 50 47 14 12 47 55 37 26 60 46 46 62 1 82 61 21 91 13 22 67 29 69 46 37 35 35 82 60 90 82 
25 97 17 7 9 95 45 40 29 8 47 44 63 14 24 45 21 77 2 6 94 8 72 66 24 77 45 9 51 51 54 84 51 38 62 97 85 30 74 58 29 85 3 87 43 91 89 61 84 6 65 84 100 26 41 26 42 90 88 72 15 49 47 52 63 25 48 70 99 28 11 79 85 24 0 30 27 36 44 39 45 69 48 98 37 66 47 39 15 3 48 91 52 25 13 37 80 25 37 48 91 27 75 63 31 64 91 1 70 74 50 75 6 68 13 12 27 52 59 73 24 35 68 83 31 73 37 65 77 74 95 20 86 30 40 98 96 53 83 47 63 76 82 42 49 94 68 88 80 99 87 91 11 15 99 20 69 61 61 19 11 65 67 20 98 76 50 59 48 91 13 92 29 39 66 49 73 22 88 23 
85 44 94 52 84 31 32 27 63 77 76 48 96 85 24 27 100 40 88 45 18 18 37 64 63 77 64 78 3 61 87 10 85 82 87 35 11 2 20 54 19 75 84 12 68 31 25 42 40 70 67 81 11 82 60 47 71 37 13 60 90 19 30 66 84 40 89 2 1 55 32 14 63 96 47 41 62 91 41 81 17 84 77 65 89 9 42 47 8 72 37 56 16 17 55 60 25 47 61 88 42 28 46 34 38 37 75 5 53 78 85 66 61 83 60 78 38 31 75 79 99 77 56 24 16 27 69 33 52 44 96 47 14 20 79 38 43 8 96 69 86 39 54 64 69 98 72 39 52 84 28 92 77 18 66 31 28 92 10 67 22 64 90 4 35 69 56 41 14 37 13 19 57 54 46 14 100 15 38 20 
91 32 29 2 0 86 8 33 54 76 82 12 13 4 26 97 88 98 24 38 29 46 99 9 59 89 34 53 18 34 68 52 68 61 31 26 57 55 70 25 50 96 32 98 25 30 94 12 30 62 93 6 31 94 59 3 35 44 57 4 56 57 16 28 46 72 67 49 1 97 49 60 50 2 63 47 17 61 48 10 46 7 37 87 98 80 70 100 77 66 56 39 13 92 16 24 58 25 84 47 62 35 91 45 52 16 39 13 21 92 26 99 83 3 85 1 1 49 85 39 13 71 20 32 39 95 81 13 92 72 58 26 68 49 82 69 74 54 1 52 87 18 84 16 66 41 76 42 23 78 12 81 8 62 3 74 97 83 49 84 22 43 8 87 12 12 26 88 55 68 47 90 60 85 1 47 92 91 51 58 
29 65 36 32 92 16 5 20 70 73 59 40 74 8 82 15 47 72 8 56 64 43 79 75 47 41 40 44 45 64 52 34 71 59 11 94 61 75 73 24 16 4 30 99 86 54 32 4 28 25 10 39 43 19 31 3 100 19 54 7 31 87 18 85 13 4 20 72 99 86 3 26 36 44 59 60 99 96 36 47 6 84 88 91 13 100 67 98 58 76 73 15 71 90 86 0 0 31 24 64 32 40 63 6 48 17 84 14 97 54 73 3 39 92 46 55 80 55 79 79 40 23 8 60 11 15 100 21 98 71 9 6 38 84 47 42 6 77 95 92 77 89 68 81 62 95 67 69 31 11 48 43 76 11 59 48 92 92 35 1 91 3 33 2 2 56 96 64 76 29 45 16 79 13 82 32 16 7 46 77 
60 22 5 99 40 4 84 77 71 2 53 3 52 8 9 59 43 89 43 49 70 72 45 99 28 75 64 52 99 51 72 11 92 2 13 67 43 71 79 82 15 28 82 50 2 84 17 33 0 21 1 39 49 56 85 46 23 41 11 66 51 90 33 38 8 15 17 15 32 86 15 89 33 82 44 0 65 8 61 78 76 52 18 4 71 16 61 91 85 34 11 70 84 94 50 69 64 25 27 65 87 57 23 40 79 81 42 66 74 72 3 28 37 26 2 30 62 5 7 4 100 74 99 33 21 26 20 81 33 92 63 76 52 7 47 4 88 50 54 50 54 84 95 81 8 80 29 53 58 70 30 60 12 50 11 48 61 92 77 93 88 50 75 41 36 0 20 67 90 41 43 59 1 27 81 17 50 58 23 35 
37 47 45 74 80 47 95 19 89 25 74 53 8 84 51 5 53 26 41 76 18 72 61 97 60 13 77 13 47 62 73 35 16 57 5 62 66 10 87 92 13 21 37 73 20 83 13 49 95 27 19 19 39 48 6 42 42 23 63 47 45 47 30 94 10 86 99 85 51 56 60 47 87 10 28 69 97 68 34 26 84 94 58 18 53 43 60 20 45 87 49 9 85 65 15 39 35 9 51 66 84 45 34 16 78 0 37 65 11 43 70 92 100 83 12 59 64 83 22 0 2 66 42 15 17 76 2 5 55 36 32 44 62 41 23 54 72 12 4 57 37 72 8 60 16 76 90 100 95 37 100 68 28 19 36 20 81 90 35 32 78 14 60 99 64 69 91 82 45 100 4 26 16 49 64 17 0 43 43 80 
88 12 42 74 30 26 5 91 54 100 53 96 15 32 48 49 6 18 63 68 84 33 78 43 30 85 51 50 92 85 12 39 35 28 27 16 84 31 50 76 4 25 23 32 59 21 10 61 16 45 89 100 92 42 91 50 96 7 56 77 21 11 69 34 27 3 87 2 19 57 95 94 99 11 39 50 26 76 52 46 32 76 62 92 45 37 10 48 60 81 3 80 39 0 61 1 38 55 12 3 58 67 26 53 36 36 63 19 61 22 16 45 78 26 55 3 9 95 63 1 14 8 29 35 68 78 16 64 58 55 76 82 27 25 11 5 44 41 12 63 74 44 29 5 67 35 86 48 99 43 41 60 0 24 68 16 58 11 36 96 67 100 35 24 32 76 17 48 5 35 57 74 77 22 56 37 99 9 40 56 
44 31 75 68 3 42 7 50 29 22 36 28 22 3 35 70 53 37 74 42 52 37 18 5 48 9 13 95 57 43 69 36 57 68 54 2 73 3 42 0 11 69 51 88 54 49 90 82 23 15 27 68 24 41 9 60 42 42 17 95 65 81 11 14 32 4 77 20 57 47 100 29 7 29 51 38 40 32 92 74 8 20 56 55 74 86 2 52 83 7 66 90 85 57 56 22 24 6 29 11 96 74 22 47 36 69 35 66 65 28 21 23 55 63 69 30 39 4 47 66 48 33 87 66 63 34 13 96 21 52 7 2 67 46 68 48 22 39 20 29 58 51 80 34 51 73 34 21 81 55 6 12 87 43 56 92 81 88 91 73 35 52 33 79 7 5 68 11 13 6 93 82 36 35 56 50 33 10 86 99 
67 88 85 18 15 64 75 93 59 91 87 47 48 39 44 3 42 77 16 43 11 69 74 98 47 52 66 7 94 86 25 2 79 28 48 85 82 58 17 84 47 51 94 72 21 98 5 0 85 20 20 75 24 35 89 72 89 64 43 82 25 13 5 92 24 61 6 52 98 54 79 26 16 30 92 8 12 51 18 98 69 28 17 86 22 40 81 18 53 62 73 78 32 43 86 21 87 74 61 77 54 96 95 81 98 20 39 6 7 3 100 4 87 4 100 98 50 80 18 90 1 51 23 12 25 43 80 61 32 94 82 72 54 39 91 68 42 17 94 84 25 46 17 34 49 3 70 99 96 71 84 81 92 63 52 12 12 53 5 65 58 46 67 50 99 41 8 85 46 52 41 87 26 11 58 41 69 59 39 27 
46 52 56 10 60 90 21 50 32 63 88 29 77 100 24 9 67 80 38 38 22 12 11 93 12 4 74 74 98 80 76 30 21 47 12 22 85 51 3 17 67 4 60 26 76 0 1 93 57 48 71 48 9 84 1 92 65 30 74 43 16 78 30 92 60 32 22 36 33 15 49 30 69 19 38 47 26 89 42 50 4 96 34 53 29 98 39 58 50 33 41 74 11 67 31 97 99 38 0 2 54 73 1 39 82 73 63 35 90 81 81 17 80 97 93 63 16 56 78 90 75 22 30 98 31 17 26 21 83 59 81 6 3 84 81 18 17 23 38 53 90 2 26 50 55 86 100 61 90 89 88 61 42 87 47 27 46 69 85 12 91 56 49 1 63 99 59 31 41 27 87 30 59 83 67 55 6 21 50 29 
83 3 0 26 85 94 18 92 67 38 51 71 98 18 75 47 95 6 54 85 93 15 10 62 39 26 35 59 33 7 48 90 59 25 5 59 64 47 66 19 32 89 29 54 39 45 27 17 49 90 82 13 70 8 95 0 62 84 68 67 83 81 87 49 28 36 55 13 34 64 72 36 64 89 91 16 51 52 91 21 47 65 47 96 76 17 39 0 45 46 94 82 63 42 60 41 53 88 46 27 71 66 91 1 2 20 20 67 50 49 2 39 4 20 62 38 6 72 92 54 92 76 91 1 9 17 43 23 48 32 71 55 21 30 11 77 48 90 80 67 11 67 16 8 72 2 67 14 69 65 86 9 27 98 55 48 56 41 27 92 15 87 30 39 15 73 30 72 52 69 64 20 74 54 33 71 77 46 37 41 
88 71 45 65 53 67 38 85 80 25 19 7 34 64 84 83 51 98 76 20 0 13 89 48 89 44 78 55 24 36 72 89 18 62 43 78 57 80 83 73 88 62 64 94 21 94 79 76 46 66 83 31 49 46 1 65 61 74 39 81 17 60 36 21 60 26 77 29 3 15 97 94 64 36 59 76 81 2 16 47 19 37 60 75 10 41 77 69 74 71 93 73 81 6 52 18 51 33 78 36 99 35 39 75 81 21 15 40 54 80 100 36 52 6 8 67 55 84 48 32 33 80 61 77 2 86 16 46 58 41 31 64 94 95 65 6 82 20 30 34 65 87 49 70 67 80 100 85 35 52 11 45 89 79 36 88 59 75 6 50 93 14 31 37 35 41 22 8 63 92 39 58 3 4 75 33 34 0 77 79 
41 94 95 27 28 17 6 68 77 14 15 8 32 94 37 31 86 41 68 58 71 91 58 8 82 83 81 99 16 80 15 83 94 59 35 14 57 70 79 5 24 39 11 65 58 20 46 82 30 79 71 1 32 3 38 37 13 42 87 73 89 75 76 2 15 33 13 32 42 88 94 0 28 11 69 21 78 59 6 60 8 54 52 94 32 47 4 10 70 76 3 77 14 42 60 88 18 75 13 66 82 66 63 25 72 34 16 89 43 65 71 100 81 38 79 11 6 17 57 56 66 79 84 61 63 95 77 89 50 5 37 28 8 54 64 20 2 86 21 0 73 66 87 83 93 91 15 99 52 38 83 30 26 35 12 28 70 65 100 56 36 19 28 85 90 32 51 4 35 58 2 43 31 61 56 81 73 16 60 52 
1 37 20 26 48 39 94 23 47 34 70 54 30 14 74 8 10 2 0 16 3 13 7 73 56 66 12 66 31 73 79 66 34 63 77 61 79 86 4 71 46 48 3 11 13 35 5 52 87 100 16 69 56 43 86 15 96 15 10 58 67 41 90 24 66 58 1 8 99 6 48 87 89 21 63 28 4 62 68 48 76 33 64 8 47 32 93 85 66 10 68 43 46 82 32 5 25 58 5 6 55 56 73 10 48 21 27 78 84 55 30 71 65 78 36 40 89 86 93 20 26 25 92 62 79 23 13 11 45 41 27 29 45 62 68 53 68 10 12 10 47 72 61 20 91 33 5 91 16 57 86 32 15 92 89 69 61 85 86 43 2 14 40 68 4 27 53 24 79 50 43 65 56 23 62 100 19 12 22 14 
84 37 17 50 87 65 23 60 54 35 6 58 5 74 70 12 70 85 42 54 92 9 75 94 69 7 18 72 48 2 76 83 99 53 13 44 0 33 23 2 47 69 32 51 62 74 36 63 43 97 11 3 24 51 99 7 96 11 75 56 60 11 79 47 87 77 17 100 91 12 98 20 44 23 90 93 92 94 33 81 72 41 34 24 95 27 36 42 83 16 0 0 79 90 78 25 76 3 63 100 71 29 12 77 1 82 73 36 81 67 17 88 52 38 41 95 72 45 18 78 13 23 93 49 60 1 89 38 4 16 60 42 40 11 85 83 53 59 63 64 47 33 58 9 69 85 95 74 70 99 64 62 71 3 51 71 87 100 17 53 86 96 35 23 84 0 45 63 99 24 50 4 52 32 93 5 54 90 90 24 
80 84 97 41 48 66 68 41 0 47 80 16 1 51 42 46 95 2 83 52 42 22 25 7 36 97 54 79 100 94 98 42 75 72 93 34 52 44 56 41 36 92 35 23 39 14 16 89 14 24 5 96 44 57 28 28 17 93 61 43 85 88 68 23 2 31 7 48 26 11 78 28 41 66 40 24 0 29 93 97 30 31 33 58 5 22 89 57 40 46 39 74 44 66 50 66 52 64 23 82 44 11 6 97 4 2 20 45 35 26 76 31 54 92 3 77 34 43 29 7 70 12 28 49 36 54 44 45 8 18 3 79 86 10 42 98 92 36 97 15 90 72 19 29 73 96 92 28 18 90 22 31 89 21 17 96 4 9 9 89 46 4 94 75 8 64 48 30 50 4 22 49 58 32 70 75 36 64 20 91 
90 62 66 29 31 45 4 56 11 48 58 18 47 15 0 91 42 93 16 55 60 54 24 38 8 20 29 33 85 42 17 28 60 75 62 41 47 24 86 75 35 4 8 50 20 63 32 68 58 97 35 52 5 85 42 82 44 45 94 7 62 8 66 70 24 72 92 2 24 17 96 44 61 85 36 92 74 43 50 25 2 42 99 65 88 93 83 23 93 38 84 41 30 36 57 33 36 23 60 75 16 70 97 19 24 71 50 93 96 75 61 78 32 12 23 60 17 11 6 21 33 55 95 60 3 83 83 76 13 71 95 57 50 94 14 40 87 58 41 22 67 25 13 44 33 78 13 96 68 77 71 42 34 28 62 85 92 25 62 17 0 60 56 35 14 27 30 96 58 67 8 29 77 79 4 64 81 60 13 0 
53 4 34 71 42 2 62 14 32 10 86 55 78 24 24 29 70 96 9 46 0 21 73 14 84 47 47 9 39 46 81 15 29 95 16 98 4 83 23 73 28 30 9 6 11 11 36 85 10 43 39 32 3 57 22 29 67 97 29 62 86 29 95 84 58 74 0 72 97 60 92 78 5 100 18 26 84 53 28 37 44 26 6 1 15 100 85 18 97 92 57 11 96 22 31 11 77 27 50 42 11 11 78 49 80 90 81 20 60 92 88 14 22 70 63 98 98 68 100 79 58 29 79 42 71 88 70 83 55 96 94 17 41 79 13 10 27 95 82 88 8 56 38 90 37 87 22 27 70 36 65 59 18 36 22 91 64 57 44 86 74 81 85 45 46 40 58 82 91 67 84 63 75 15 15 16 2 8 87 54 
96 68 55 15 78 90 82 54 63 23 33 87 9 58 26 20 81 22 8 39 93 22 11 33 30 92 69 34 95 94 69 96 70 60 38 23 67 99 56 41 88 49 93 32 76 65 96 44 31 40 29 45 48 62 37 81 37 28 22 76 89 33 35 23 38 57 42 44 18 43 89 9 87 51 30 87 82 42 7 84 100 75 34 40 21 37 100 38 73 79 49 54 69 77 100 8 96 48 26 78 41 48 8 68 29 79 39 26 15 19 30 30 12 39 84 41 7 71 12 3 52 78 36 75 43 17 62 28 70 20 89 97 89 68 92 86 61 19 67 5 35 13 98 3 57 14 43 34 11 77 92 45 15 14 52 48 2 19 8 48 83 75 35 47 76 46 54 77 55 87 82 55 14 50 74 41 22 46 85 44 
44 72 82 41 52 1 46 89 40 17 13 35 23 89 56 37 83 98 14 31 5 1 29 74 78 5 54 12 74 22 11 66 46 3 40 71 33 22 46 57 70 97 15 38 70 64 6 3 57 43 37 73 40 53 80 14 47 44 34 68 41 32 46 5 70 35 18 100 82 2 26 83 10 79 56 5 29 27 35 8 77 0 6 21 74 100 54 84 79 48 77 8 71 11 71 65 65 36 32 52 87 10 88 96 30 32 21 7 41 16 55 15 42 92 100 26 93 95 73 74 24 55 25 44 48 59 56 35 37 32 53 77 70 25 94 65 46 43 90 95 5 78 13 38 61 13 74 55 86 34 82 32 47 49 36 16 46 33 68 75 90 28 56 96 94 83 24 93 95 76 10 81 94 68 14 65 81 45 93 31 
51 52 70 57 2 38 19 30 35 75 65 19 86 84 31 20 98 8 39 63 45 33 53 92 11 59 42 93 79 20 95 71 13 11 86 97 4 80 69 13 32 98 10 25 9 36 5 9 70 81 6 60 19 24 100 17 7 34 77 63 96 61 79 52 94 47 0 85 33 59 64 63 68 98 91 33 98 77 1 48 75 74 75 54 19 12 72 41 17 55 74 73 18 26 21 48 37 46 53 87 37 73 25 64 72 99 100 85 4 32 3 3 55 63 6 2 84 36 45 98 70 98 71 10 82 79 70 28 77 45 13 54 92 62 3 17 6 13 89 99 30 87 13 91 25 93 18 44 46 21 54 48 48 23 56 39 37 21 19 87 36 90 83 73 56 13 67 56 44 10 52 33 35 53 44 0 82 57 11 50 
3 56 10 91 16 14 31 64 16 38 90 73 12 22 43 35 34 47 63 3 24 70 98 14 12 83 12 10 72 79 83 40 62 97 45 80 26 39 48 26 88 59 92 8 33 76 93 3 30 40 57 10 44 99 64 74 82 26 38 71 87 95 88 73 9 83 1 89 63 58 74 32 46 2 30 76 1 87 11 16 39 56 82 73 32 7 7 3 96 85 12 92 35 99 74 70 41 63 81 10 83 0 51 12 54 15 3 17 75 72 69 48 89 97 12 90 7 49 49 61 2 74 98 35 69 23 2 39 28 47 28 91 97 43 3 47 41 70 66 19 94 15 27 24 57 22 15 41 68 16 99 29 7 9 25 97 83 61 19 88 8 53 0 64 6 26 45 32 10 19 63 22 40 19 58 40 96 2 34 24 
67 85 88 89 9 38 60 40 35 98 7 15 43 75 73 32 40 27 57 74 63 8 36 97 24 1 10 50 65 39 54 94 59 39 11 21 30 15 98 91 94 30 77 51 85 86 87 80 69 95 73 34 73 34 45 48 50 37 70 53 6 41 79 45 51 62 57 43 75 39 23 82 15 18 58 64 8 45 39 26 24 72 93 81 71 89 86 53 12 63 42 2 69 52 78 28 69 100 71 40 28 37 8 38 78 59 55 12 4 52 4 44 94 0 21 58 68 39 43 64 68 54 99 65 47 48 7 98 17 37 63 41 5 62 45 69 20 53 95 98 20 71 81 59 48 53 73 46 72 20 38 3 15 31 18 52 2 62 42 80 94 8 67 46 45 15 66 59 38 29 36 25 83 71 64 83 30 63 98 65 
96 85 5 25 97 41 5 27 40 57 3 44 69 74 81 17 61 88 71 20 10 60 15 27 24 14 76 82 45 41 31 56 96 34 91 22 46 79 89 55 100 44 25 10 93 38 96 81 85 46 86 54 71 81 19 47 65 3 98 26 33 45 82 13 36 5 78 19 67 91 55 12 21 68 73 94 69 4 98 34 90 78 75 56 13 36 10 28 81 19 77 58 48 1 23 45 47 72 47 78 13 65 2 73 63 87 20 61 60 34 32 17 64 54 91 73 13 48 58 13 77 55 6 38 68 71 77 100 89 30 73 15 30 1 73 40 19 41 32 88 56 50 71 80 72 65 70 75 15 75 81 69 65 23 42 3 100 8 32 84 73 68 84 72 81 39 67 2 89 26 31 46 32 25 68 97 56 36 61 57 
76 96 11 51 56 32 1 91 51 53 59 64 40 18 64 6 74 10 69 80 94 28 17 66 90 68 48 89 89 40 42 65 56 96 63 18 60 92 40 41 67 61 8 46 3 86 28 32 19 51 71 61 92 74 93 40 44 46 6 38 35 64 71 39 38 63 11 97 75 44 21 21 24 49 56 72 85 15 26 19 77 40 57 64 48 91 60 79 41 69 37 40 64 99 85 19 10 45 85 60 44 79 78 50 14 47 4 18 7 30 68 13 80 54 8 69 14 12 47 98 27 51 10 17 22 96 29 74 31 57 50 3 53 92 32 87 25 100 68 92 90 69 85 53 12 39 58 3 41 70 33 9 18 97 61 47 58 59 1 36 10 85 47 6 9 61 71 89 86 91 46 38 94 38 26 79 26 59 19 35 
20 85 17 0 15 74 11 88 98 65 13 6 3 39 40 7 63 57 0 2 17 33 39 89 91 81 31 0 69 9 28 28 8 15 34 59 34 100 45 23 92 30 14 68 29 68 53 73 2 4 5 42 11 39 74 67 59 55 8 77 46 13 36 77 30 100 60 52 85 42 77 2 64 88 35 81 37 40 76 48 71 74 81 11 72 71 31 35 83 40 0 36 44 57 49 31 80 60 41 40 14 88 66 46 83 11 34 15 68 100 12 79 72 80 23 93 70 61 9 57 43 22 96 92 65 19 74 95 69 23 65 11 7 41 92 65 0 55 34 7 27 35 33 0 77 33 14 67 29 19 8 72 29 1 6 36 33 38 91 49 86 70 35 96 78 1 28 56 66 29 34 41 53 39 64 2 83 29 32 72 
81 37 98 71 69 37 75 28 90 50 7 68 83 69 41 41 25 94 3 33 18 1 5 92 51 45 66 5 21 38 73 9 34 62 58 88 3 8 33 24 95 66 69 86 29 42 59 84 70 72 95 46 53 80 33 89 38 0 35 54 9 82 11 29 85 65 68 91 53 13 76 93 46 42 20 43 82 30 97 92 75 86 48 76 14 79 7 27 32 56 61 67 72 20 64 63 83 34 67 42 19 90 11 99 24 72 1 11 57 21 56 53 42 11 51 61 67 24 84 46 95 6 49 99 96 44 58 100 49 90 97 44 89 57 1 96 49 40 46 18 34 17 33 24 32 84 31 6 18 4 20 98 16 2 45 49 64 51 93 57 19 69 53 68 75 75 11 54 72 76 42 52 31 69 69 29 20 88 49 82 
49 52 15 74 60 13 82 38 16 12 24 3 63 52 14 73 26 60 30 30 77 44 43 88 10 11 63 78 45 21 95 14 60 14 18 53 86 39 89 82 87 51 50 32 5 54 6 46 28 84 26 92 92 68 96 27 57 67 83 93 16 83 75 1 97 71 99 56 30 44 96 65 11 7 5 41 9 33 57 12 2 60 80 83 66 66 9 46 66 97 80 95 53 68 72 30 22 86 61 26 33 49 83 93 25 95 25 27 53 22 88 42 41 10 66 53 78 87 36 31 83 98 38 52 83 7 95 82 68 41 21 13 76 34 95 84 100 64 25 18 45 84 60 76 1 85 36 65 36 62 52 28 7 77 87 91 69 69 53 60 12 3 82 41 20 34 77 83 86 18 40 88 7 74 45 45 35 54 1 98 
8 39 15 40 22 96 4 77 74 99 14 70 36 78 50 7 98 61 86 21 37 21 65 12 42 23 57 53 70 50 68 66 100 82 6 64 58 21 29 87 52 65 91 12 65 42 4 44 39 21 9 92 33 14 24 45 85 65 16 78 82 81 7 82 89 91 66 8 83 5 29 49 88 66 37 13 84 23 29 72 68 67 7 21 48 32 23 21 15 58 27 76 7 80 99 78 26 38 77 87 34 59 19 64 92 83 79 40 65 24 16 22 1 52 71 44 7 31 65 55 38 87 78 22 20 99 91 71 25 22 83 42 62 13 39 71 66 44 15 89 4 73 65 29 98 15 8 23 17 88 30 33 84 86 33 92 30 14 25 96 79 33 24 0 0 58 61 54 32 61 35 21 44 38 53 32 29 30 50 89 
37 44 58 36 35 99 47 6 80 35 2 53 22 67 18 22 79 3 66 27 95 64 77 17 84 84 82 38 14 40 47 36 46 59 88 44 85 37 55 66 77 38 44 19 8 80 5 67 17 13 71 96 19 28 70 32 5 90 13 3 79 7 72 83 83 25 5 95 87 20 30 19 57 49 21 31 54 60 52 1 23 9 72 18 58 95 17 1 23 72 5 78 18 44 45 33 45 12 11 46 70 85 1 95 85 90 54 90 25 82 25 3 60 81 23 10 40 60 11 73 46 26 19 53 59 28 100 97 0 100 46 86 31 74 94 22 69 14 28 12 6 80 55 42 66 26 14 55 43 57 25 33 65 5 16 43 83 1 96 12 37 19 64 28 16 91 89 5 70 5 94 74 38 90 1 57 34 5 35 52 
74 23 82 11 14 93 31 100 40 18 94 57 44 2 30 21 32 64 73 71 56 64 36 31 42 43 93 20 21 5 58 99 83 36 67 94 39 54 99 91 26 32 95 94 49 3 26 51 52 68 3 79 18 73 44 77 65 19 56 18 46 30 96 3 79 68 19 0 95 85 70 53 79 13 43 51 36 35 47 10 93 23 94 33 83 50 5 77 81 65 90 25 57 90 64 40 91 22 43 6 27 52 17 92 11 66 89 15 100 42 78 8 71 32 99 28 27 19 53 81 33 52 52 6 47 35 79 96 40 42 51 51 36 38 74 4 4 85 68 80 9 95 35 29 58 7 75 28 0 89 42 45 64 32 38 34 30 92 14 95 81 32 2 3 1 79 81 18 35 15 31 98 46 84 54 65 70 47 61 90 
97 19 70 89 81 55 7 19 43 71 81 97 56 0 78 88 11 6 23 43 70 49 13 93 3 57 17 6 97 64 27 53 37 8 85 16 45 62 0 74 65 6 70 66 14 51 7 63 0 65 61 97 26 71 6 23 60 12 32 20 96 25 100 29 10 7 26 11 9 68 26 91 58 15 13 43 73 46 27 18 34 83 67 49 73 16 98 54 34 29 22 26 24 96 57 28 0 88 84 16 45 6 33 59 21 7 23 62 41 27 52 91 64 71 33 55 79 84 62 35 93 78 65 93 51 67 66 36 95 14 81 42 65 70 68 14 34 68 37 11 4 49 70 51 78 30 25 98 53 3 82 26 71 67 80 46 90 56 12 79 31 42 33 48 65 68 89 59 83 30 1 27 96 83 16 83 57 0 57 97 
36 91 28 17 7 69 47 97 90 53 60 50 31 29 60 44 66 74 61 69 9 18 68 78 28 62 71 53 87 80 14 29 42 16 9 45 2 22 67 2 53 1 82 59 78 59 24 49 79 57 0 92 17 78 93 25 21 8 4 42 20 29 8 99 85 1 40 23 38 8 1 97 84 92 99 79 86 56 87 32 61 48 45 30 64 63 59 88 23 30 42 85 70 29 81 76 1 55 8 47 99 0 58 19 69 17 31 47 74 94 90 59 94 78 73 97 94 87 20 0 25 68 66 59 56 85 52 98 10 41 90 59 98 37 40 73 23 96 29 12 96 48 6 80 1 14 90 89 58 82 89 29 63 52 90 43 66 60 32 73 20 46 41 63 80 24 85 26 63 86 19 18 56 33 7 30 56 6 51 45 
14 16 57 7 33 48 23 1 83 64 30 32 38 91 92 25 39 97 27 13 71 38 87 36 11 19 3 93 85 35 12 68 66 22 33 24 35 58 45 70 54 66 55 80 79 100 93 6 78 84 94 16 69 8 79 32 91 85 39 89 53 98 6 19 64 3 72 40 16 65 41 0 57 71 86 27 1 96 5 62 10 9 63 48 82 1 97 57 90 31 42 100 24 71 45 35 54 58 99 10 18 72 81 62 41 12 94 64 34 21 16 71 55 70 16 50 14 84 43 6 75 19 6 43 2 49 81 23 49 87 55 8 62 98 70 47 38 22 64 45 54 54 100 16 95 62 88 23 60 75 9 99 77 21 97 88 55 18 67 51 50 40 33 70 5 43 20 10 69 5 93 88 26 35 85 49 90 91 90 74 
69 73 33 21 62 26 13 12 89 92 9 80 81 58 97 36 6 17 22 57 67 55 49 33 90 95 87 91 12 94 44 74 28 55 73 33 94 5 37 51 98 88 36 76 97 50 19 57 78 70 22 43 71 86 9 71 100 53 51 46 12 67 39 10 79 25 38 56 55 16 70 12 17 99 84 91 93 72 8 33 12 94 68 11 22 99 78 71 11 43 29 81 30 34 35 18 85 73 80 20 5 6 84 84 58 80 83 45 52 18 53 24 72 94 7 26 81 23 38 76 6 55 83 42 10 47 89 48 31 67 68 23 65 10 89 50 5 29 31 56 2 43 16 54 62 11 19 31 52 80 99 10 43 4 78 45 38 73 27 7 47 1 69 82 11 53 27 100 92 77 36 47 0 82 49 91 48 73 52 34 
68 23 69 61 54 90 38 37 4 17 54 22 77 5 46 32 69 31 24 42 87 32 79 10 96 22 22 15 20 11 56 75 12 99 54 70 24 38 26 51 60 24 31 93 20 47 94 60 55 20 96 59 50 60 22 84 91 82 82 52 45 39 23 30 44 28 0 11 52 56 64 30 63 16 48 85 50 40 9 19 54 70 80 76 74 35 66 79 15 83 77 47 98 24 42 50 64 74 70 9 42 24 63 4 66 29 34 28 21 0 14 48 15 27 47 47 72 63 37 44 53 79 50 48 48 14 4 28 47 81 4 100 77 55 86 87 70 42 19 27 74 98 91 73 68 9 89 35 71 25 41 75 78 6 64 36 48 12 24 58 73 87 93 74 48 32 2 24 11 15 74 49 90 47 79 16 70 40 80 42 
28 65 56 2 37 99 4 59 45 3 16 93 26 55 36 40 65 68 84 36 44 86 89 16 1 57 42 51 38 47 20 76 78 53 28 42 95 48 82 23 90 28 10 95 90 25 79 36 68 95 62 12 64 59 93 26 39 14 100 98 78 83 98 56 98 57 98 58 99 29 63 50 43 65 57 100 55 68 95 39 81 74 82 35 71 0 67 90 37 49 30 53 71 62 67 98 41 66 69 41 11 73 39 43 65 37 94 74 21 35 0 62 38 6 68 31 58 65 9 82 2 27 41 7 12 23 43 99 27 96 65 3 84 49 82 81 22 62 24 22 16 10 0 0 88 25 26 89 6 73 3 71 31 55 76 80 60 23 68 84 40 61 48 63 67 91 3 56 39 25 77 49 33 62 14 59 48 78 11 66 
33 5 68 75 9 94 82 80 92 12 24 92 11 50 44 31 99 54 41 88 79 75 63 25 6 56 88 20 75 60 97 60 21 76 44 48 11 29 69 59 0 56 20 3 76 93 37 70 33 0 13 7 33 38 85 100 72 95 8 32 63 92 86 32 89 13 59 94 69 84 63 67 26 99 13 28 99 36 77 21 90 44 24 89 52 54 62 94 8 47 45 30 56 38 16 61 1 83 72 72 28 81 20 81 13 64 40 37 71 87 59 40 51 48 60 21 33 78 80 2 59 14 74 96 16 21 23 60 4 41 5 34 6 91 36 19 94 1 24 30 71 37 43 98 19 25 85 89 72 46 93 95 74 59 73 58 40 5 90 27 54 0 89 43 27 80 39 93 16 8 2 7 18 94 34 43 88 71 16 0 
18 5 42 55 32 50 88 42 51 21 26 32 71 32 3 100 72 12 85 55 30 55 31 17 25 88 73 98 18 17 84 84 8 76 50 91 11 21 42 56 14 13 69 26 50 3 20 59 96 12 7 53 46 93 16 84 83 78 100 88 44 56 84 45 38 59 40 85 36 32 94 61 3 39 72 27 54 81 89 9 68 21 22 58 30 100 16 21 47 8 63 30 26 83 24 37 31 14 92 60 37 77 13 35 96 4 4 54 19 13 52 48 15 27 92 31 70 41 51 86 36 54 51 90 96 100 97 61 25 84 34 19 1 75 73 7 73 85 90 56 49 77 8 66 52 93 29 13 15 10 29 10 9 43 0 46 99 64 20 3 51 15 91 81 96 29 96 8 57 70 11 26 69 66 43 92 24 17 30 17 
7 56 1 77 8 30 81 33 70 65 58 96 96 65 71 98 92 14 80 57 10 77 85 98 74 69 76 88 99 62 32 57 83 81 8 17 64 33 48 10 57 49 94 98 5 5 66 66 71 58 69 25 94 20 67 63 34 10 38 92 82 54 98 97 57 48 84 23 20 27 72 60 90 0 48 71 27 80 100 96 14 15 72 91 82 84 48 22 18 94 83 76 48 99 4 97 3 65 64 85 88 54 77 94 13 13 49 92 82 71 30 52 2 11 86 51 40 32 52 16 60 79 33 29 7 19 75 57 97 46 5 15 53 36 65 35 98 31 64 53 99 7 67 95 23 47 51 62 27 12 43 66 53 55 26 92 38 90 25 22 80 39 47 38 60 94 29 90 95 50 81 53 28 87 14 100 99 69 4 68 
42 25 33 17 72 92 57 80 64 92 46 4 38 84 71 17 45 94 77 65 92 12 40 86 71 28 82 47 53 71 1 68 22 56 18 43 27 14 6 45 15 94 45 10 17 40 65 97 11 24 34 2 70 32 23 59 0 33 23 45 46 43 2 23 11 1 85 12 16 47 98 30 99 25 8 14 60 96 66 87 52 50 22 94 16 80 97 44 26 21 99 92 34 81 13 21 7 63 5 95 53 20 72 90 27 89 40 17 23 34 56 51 4 59 29 48 26 32 29 3 87 41 56 24 38 88 44 100 29 69 93 74 13 98 60 58 22 30 5 8 24 20 80 62 85 27 14 87 43 44 48 36 100 76 10 45 93 62 84 62 99 82 2 30 41 42 81 77 14 99 26 66 68 44 91 89 98 89 26 54 
60 10 45 87 74 22 27 62 37 39 74 45 73 28 0 33 94 4 23 74 49 22 2 13 75 88 16 32 5 52 69 99 7 3 59 43 88 48 53 79 88 71 67 43 75 40 2 50 18 45 51 68 5 5 44 96 97 4 32 38 74 25 33 11 67 98 7 60 31 0 85 72 86 93 8 4 51 39 13 90 35 31 84 98 98 34 87 51 74 64 29 71 30 30 85 49 63 20 62 72 60 51 41 89 80 27 88 6 7 2 86 55 16 7 62 51 92 14 80 78 55 53 30 28 68 91 85 27 91 56 52 75 83 43 62 17 48 68 72 93 76 60 36 95 92 30 78 50 0 78 28 65 9 59 52 68 1 18 63 90 76 87 78 89 58 71 59 71 91 91 37 39 74 93 70 61 13 82 6 12 
34 80 23 56 67 92 80 30 6 45 28 72 8 8 73 81 26 14 66 9 14 43 38 30 20 42 66 64 97 23 20 98 79 66 4 93 53 6 11 24 0 79 22 86 82 64 21 90 42 45 98 58 14 15 49 73 28 53 29 76 29 6 8 67 66 37 10 41 71 40 45 84 17 28 59 76 38 23 45 32 9 17 76 84 77 85 80 45 57 35 82 33 86 13 12 6 91 93 99 58 42 12 6 77 81 47 29 58 58 70 76 65 56 71 5 57 26 67 60 19 34 7 27 0 42 27 46 0 17 82 65 97 1 80 66 17 54 41 51 19 4 15 49 26 84 9 97 92 24 38 47 84 40 66 69 43 60 65 20 85 66 45 89 2 11 77 62 31 26 0 44 25 52 58 62 96 34 3 19 44 
51 74 43 83 30 81 96 55 25 55 98 28 66 50 89 14 79 10 52 61 62 41 9 5 46 57 63 53 25 93 72 68 2 67 8 49 26 86 32 54 23 11 64 35 42 31 27 42 42 56 33 47 45 33 47 85 95 33 7 4 55 9 12 49 32 18 11 69 96 33 43 51 68 20 62 27 54 25 31 44 17 41 40 10 22 60 71 14 41 63 72 42 49 58 36 23 43 56 35 48 82 34 40 3 8 93 3 35 52 98 66 56 36 100 19 58 96 18 67 78 79 8 10 3 64 46 38 14 89 55 42 30 49 95 98 35 42 67 65 97 18 66 56 0 74 71 78 82 66 54 30 26 94 34 85 72 25 91 68 80 95 95 25 87 36 80 13 97 72 0 9 88 83 9 39 1 89 87 81 50 
5 8 2 30 28 53 20 24 56 32 58 72 59 25 61 78 46 3 0 16 4 21 68 16 83 30 20 26 84 49 23 60 73 47 86 26 88 53 14 20 52 7 65 100 44 79 52 30 75 49 20 17 52 28 77 15 59 33 55 61 13 37 6 32 62 92 36 11 6 86 35 92 64 27 11 26 27 67 3 42 32 34 11 96 21 57 31 15 53 89 39 29 87 79 17 56 88 13 87 30 5 12 90 59 15 87 96 43 4 85 93 62 67 91 9 0 84 4 7 4 17 64 12 58 65 66 87 61 31 47 8 72 13 82 81 14 74 93 8 36 77 80 36 92 90 54 28 42 55 27 44 18 92 57 22 3 83 1 70 53 10 51 80 14 78 65 90 56 85 29 57 43 6 95 55 29 26 40 22 37 
70 47 46 30 8 62 63 20 44 17 46 76 17 57 67 40 44 39 32 22 68 26 9 23 73 17 36 35 71 83 22 44 57 34 62 26 17 57 17 42 77 65 5 14 11 41 86 49 23 36 86 38 95 67 37 89 23 4 5 16 32 92 88 84 22 4 84 38 85 26 71 21 81 50 37 66 12 65 84 94 65 1 52 66 29 79 72 66 45 57 40 80 78 41 79 30 58 81 76 24 34 54 31 8 30 62 59 7 54 29 46 85 61 99 55 87 79 23 32 51 7 44 96 2 78 63 52 72 41 91 93 2 15 4 71 21 77 6 53 26 73 11 67 71 16 41 1 25 97 46 57 53 22 98 49 16 26 38 51 82 37 34 13 33 85 39 88 85 20 52 86 77 53 95 22 39 96 57 29 85 
14 59 58 51 7 49 51 34 39 11 47 85 69 30 18 86 99 34 50 74 40 88 52 10 12 61 26 98 80 95 6 89 96 92 50 65 90 52 66 25 90 3 5 79 61 4 61 5 72 51 92 57 12 23 21 61 41 93 62 81 14 84 3 85 32 83 84 63 1 12 10 57 59 74 21 71 8 84 85 38 21 7 25 31 8 58 35 75 32 50 45 79 55 94 57 32 69 41 99 86 81 15 6 96 27 42 51 72 10 38 54 52 8 49 28 78 3 1 3 41 13 95 61 88 36 74 80 78 85 7 34 22 80 66 43 5 19 46 96 61 67 86 88 14 85 46 7 33 2 25 93 15 18 71 28 66 94 14 82 64 84 96 96 81 66 99 48 79 20 90 25 65 57 73 12 12 5 11 100 31 
55 33 29 24 5 44 16 84 2 8 59 89 91 73 64 51 4 24 14 9 96 99 59 57 69 10 75 60 39 16 52 73 6 10 98 61 34 92 0 61 10 15 26 33 91 66 58 89 35 2 30 29 34 68 38 49 57 80 81 49 27 76 85 65 16 88 34 47 71 42 61 37 3 43 37 57 80 8 82 76 61 59 87 25 52 48 33 31 84 56 71 24 84 12 28 51 71 25 72 69 100 84 46 35 79 55 2 94 38 17 51 51 87 78 69 5 21 2 90 71 53 20 95 81 54 17 52 9 84 29 83 52 7 26 3 65 65 94 37 51 76 19 11 86 28 84 56 45 34 96 40 69 57 42 44 57 24 100 12 0 62 96 82 68 57 66 94 4 58 56 49 49 0 96 44 21 68 14 42 32 
61 81 40 54 70 78 0 35 45 67 96 32 45 2 28 99 22 23 39 46 41 99 55 77 61 31 29 75 7 32 36 70 41 32 35 53 72 45 100 54 10 63 92 79 57 78 51 84 42 59 10 63 79 92 45 81 52 44 50 45 18 71 95 56 100 83 6 61 56 71 23 52 65 43 53 80 7 63 82 73 94 85 22 80 65 88 26 91 97 40 29 26 70 8 68 78 92 21 17 69 65 34 96 99 82 11 99 77 24 5 26 34 52 1 72 45 87 70 87 83 52 68 58 40 8 25 58 48 75 96 65 47 47 36 57 59 53 32 93 4 60 16 94 95 29 28 25 1 18 51 67 29 51 12 23 63 88 4 45 45 98 64 61 70 97 74 33 17 81 47 72 26 29 28 93 29 50 16 24 94 
86 68 21 2 89 77 28 27 88 32 91 7 50 33 61 34 93 93 19 91 93 91 67 82 36 86 88 30 4 24 65 0 45 59 83 16 42 35 100 84 31 87 43 36 92 99 80 84 41 31 53 90 31 19 97 25 88 3 28 85 39 66 74 43 91 67 32 48 33 57 49 38 63 39 0 8 95 77 71 60 49 98 80 17 32 32 81 7 39 49 81 68 77 40 48 11 20 13 66 88 83 77 26 16 88 89 23 72 61 7 90 44 30 34 28 54 86 81 47 5 41 37 5 7 59 29 6 39 12 60 39 15 44 47 64 2 17 74 85 48 95 97 37 18 16 62 3 91 7 31 50 68 8 38 59 77 36 61 7 16 12 84 83 0 45 75 20 38 37 89 73 28 3 64 99 45 98 63 58 95 
32 12 81 80 55 43 19 24 0 91 32 41 32 89 50 62 43 86 5 58 58 77 91 55 58 64 42 89 54 80 54 94 95 25 43 22 67 88 78 6 99 95 13 97 27 70 78 2 66 35 27 51 47 36 52 39 28 62 31 44 94 37 89 58 26 94 83 75 27 79 81 18 80 62 91 48 30 45 64 36 56 16 23 51 46 39 85 30 66 5 38 71 13 74 78 72 68 80 43 38 68 28 90 53 25 53 74 72 19 88 70 91 12 4 63 6 90 6 67 70 0 1 16 30 54 46 37 6 65 92 40 76 42 54 42 43 46 23 42 87 89 42 58 38 31 51 46 96 80 1 44 92 49 22 21 13 24 95 44 83 29 99 49 55 86 8 93 41 5 20 90 53 30 85 42 39 89 30 33 97 
95 10 69 100 43 45 98 100 48 34 31 83 67 88 25 15 58 54 12 51 99 74 41 22 79 51 9 57 10 19 6 50 38 9 10 94 84 53 28 76 31 29 60 66 91 42 25 27 33 41 26 11 47 95 27 51 52 20 85 95 75 42 85 71 36 82 15 8 89 24 64 64 21 2 56 60 29 49 60 8 61 70 23 75 16 48 28 50 77 66 75 58 53 70 60 65 92 33 41 18 80 33 45 24 40 65 17 42 28 36 71 72 36 21 42 91 77 100 28 100 100 88 37 6 84 40 80 15 53 46 69 78 1 4 80 8 11 64 27 69 7 45 33 79 66 77 40 76 70 90 6 65 54 57 25 69 51 25 83 96 87 86 25 40 97 84 8 71 99 48 98 62 63 29 40 57 92 99 91 50 
74 7 37 83 17 24 87 63 92 12 90 95 57 41 57 56 94 70 84 88 70 54 39 2 11 2 98 57 90 98 79 46 13 7 21 71 13 41 90 23 13 83 28 52 55 21 68 79 75 86 77 6 96 5 35 39 1 71 86 40 17 31 68 69 7 77 18 32 18 10 68 92 62 19 53 16 31 69 83 84 42 24 77 3 83 45 46 93 39 73 41 59 81 63 20 41 66 55 48 4 54 85 9 57 75 4 24 94 3 56 86 25 42 32 4 63 14 89 85 4 48 65 20 2 16 26 75 11 43 14 74 56 96 77 50 26 3 7 38 48 53 10 41 47 50 84 26 47 13 17 13 86 44 69 40 55 85 23 43 9 6 63 38 58 48 11 54 39 13 37 37 90 74 88 57 1 78 64 20 77 
4 55 8 27 28 62 5 31 0 96 54 40 40 71 57 25 87 16 24 98 29 91 20 98 48 62 99 47 81 38 81 2 80 71 68 76 28 9 15 50 61 19 48 35 38 84 93 48 53 92 10 91 5 24 31 92 14 37 100 22 2 61 28 82 85 90 83 71 63 81 18 18 43 41 42 68 40 31 35 0 67 23 97 83 39 43 63 18 62 28 52 14 55 66 76 75 6 35 28 97 90 90 80 75 5 45 59 99 37 29 15 97 57 30 49 12 35 34 50 96 51 5 62 37 89 8 81 86 65 37 56 14 83 85 83 95 61 16 86 35 55 68 25 69 94 77 70 77 86 6 6 76 76 1 13 23 79 52 88 45 79 59 7 29 93 11 67 1 100 16 95 27 4 56 65 73 83 64 85 83 
31 94 53 100 85 94 59 87 48 89 36 98 77 90 41 1 39 67 80 55 50 35 36 95 76 98 65 5 20 17 85 16 63 74 98 38 9 96 25 31 99 15 67 36 80 85 54 18 13 9 48 66 8 93 95 87 8 70 29 88 84 4 33 51 5 93 61 18 21 25 100 79 17 84 16 88 19 76 17 62 30 12 92 39 94 61 2 23 21 40 33 52 12 13 92 40 75 58 74 15 45 50 61 47 73 83 10 35 17 96 26 7 69 53 22 4 11 83 29 4 80 49 35 21 61 21 22 16 0 2 83 58 72 53 95 22 38 90 22 82 37 60 47 27 25 55 19 43 42 63 74 11 18 24 51 10 27 28 11 3 100 68 89 5 5 79 68 42 27 77 69 48 91 43 53 82 45 70 3 99 
72 46 57 61 57 93 3 86 67 12 4 33 9 92 77 45 62 35 87 83 42 81 66 21 46 40 19 99 82 100 84 22 18 58 6 80 73 68 59 45 16 35 19 65 79 18 74 10 2 61 99 89 40 10 71 30 60 39 20 2 52 3 33 67 54 12 11 80 55 55 43 94 7 26 49 14 14 41 43 60 16 50 31 0 42 79 61 78 29 7 31 55 41 63 3 85 26 66 93 14 34 26 18 73 65 67 66 74 71 94 65 92 39 8 50 48 70 7 85 14 51 93 4 7 3 85 71 48 82 74 31 14 41 56 20 79 75 87 74 60 39 36 94 14 74 99 69 47 33 83 29 59 36 77 80 53 71 50 58 9 99 63 17 94 47 10 73 77 53 6 52 49 89 1 15 56 94 20 90 65 
4 50 47 80 17 49 19 23 33 99 95 22 13 35 80 71 80 43 56 58 5 64 79 18 47 57 54 18 15 94 45 85 28 49 82 23 51 39 37 89 32 24 63 73 33 35 44 69 81 75 83 80 32 74 76 24 28 68 95 83 17 27 37 17 25 46 18 37 89 88 52 90 74 68 100 10 80 18 48 55 81 32 18 37 92 22 19 55 86 39 61 46 42 69 62 77 14 3 81 29 8 27 9 90 48 2 84 6 42 79 78 52 50 78 40 86 22 100 39 65 89 100 63 73 21 19 61 95 15 23 32 28 25 32 25 73 99 5 1 73 17 36 70 96 19 19 41 91 46 95 8 88 3 48 91 42 30 69 85 13 24 96 18 47 69 74 59 75 60 74 6 68 2 66 12 95 44 35 80 87 
61 86 69 20 26 80 92 84 92 25 25 37 22 2 1 75 18 52 36 94 95 67 68 76 78 14 88 40 57 42 79 76 37 23 74 88 28 89 99 38 12 9 82 11 91 66 8 21 3 7 83 13 73 37 31 46 17 46 27 84 50 31 99 59 29 5 62 52 26 35 42 56 70 89 82 94 15 21 37 85 55 45 57 25 37 44 23 31 39 70 33 96 40 31 24 24 46 56 22 78 23 9 51 23 57 17 14 68 67 28 30 74 17 3 25 82 56 69 61 77 58 19 32 32 73 56 68 26 0 24 77 60 49 41 87 46 70 92 52 32 75 40 8 28 58 27 57 84 36 11 84 63 76 82 94 75 99 28 36 55 49 83 74 10 35 20 100 59 16 65 22 94 55 95 15 10 42 25 17 23 
61 61 57 63 86 100 20 86 90 15 58 13 80 36 61 21 93 84 8 23 58 82 13 47 22 25 71 22 62 99 6 45 53 97 8 16 75 64 55 64 32 99 4 24 72 95 86 24 7 3 35 31 17 31 40 33 70 42 72 70 37 90 79 40 64 69 68 28 74 43 79 86 66 4 59 9 1 3 73 92 73 77 47 18 45 40 63 100 91 99 3 71 18 73 84 44 28 50 19 40 88 59 77 48 82 57 36 14 36 56 85 79 84 93 36 68 59 21 70 16 63 16 46 76 36 61 21 80 15 3 35 45 2 0 64 4 55 47 82 86 71 89 60 42 67 24 27 58 37 80 60 58 22 43 15 36 58 63 58 77 80 36 21 27 80 94 60 78 51 72 66 92 3 74 49 60 50 94 73 96 
59 72 90 44 61 55 70 97 64 97 84 81 94 64 45 81 17 86 5 8 69 100 37 25 8 44 13 19 19 13 83 64 23 52 46 25 28 49 46 20 43 89 86 72 29 13 46 28 51 49 36 100 64 23 79 50 21 24 8 54 30 84 95 92 73 20 12 73 98 12 17 94 77 6 5 75 68 97 88 8 44 49 21 46 51 96 73 30 1 62 64 16 37 45 63 33 13 58 32 43 57 58 0 5 23 65 41 25 80 48 54 86 49 58 72 51 26 26 46 66 60 31 41 28 48 95 36 69 84 69 23 38 84 30 9 62 4 95 60 80 14 80 38 40 39 6 71 15 9 62 74 80 59 57 35 33 75 8 66 72 22 90 36 98 13 68 19 73 4 92 56 85 78 70 74 7 76 31 84 44 
30 68 39 26 34 78 57 28 97 30 39 78 66 45 76 94 65 55 61 30 35 62 15 98 18 26 98 6 37 12 79 58 19 40 65 19 49 21 77 1 72 66 8 93 2 56 94 90 70 37 48 9 41 30 0 11 86 24 66 91 76 99 75 100 43 72 80 21 92 50 8 48 4 3 44 95 63 23 44 27 60 15 12 64 27 36 20 6 75 96 94 47 68 42 0 19 9 98 90 28 23 45 85 30 90 67 14 2 45 46 45 44 55 33 78 7 20 43 80 73 0 30 68 73 45 21 50 31 94 7 59 80 82 40 39 50 84 18 11 76 11 21 93 73 57 86 9 46 83 96 96 27 5 12 6 10 31 64 59 61 70 0 77 96 53 1 88 32 76 85 39 84 11 6 87 87 68 39 90 96 
62 93 71 97 48 39 54 18 33 20 0 38 95 79 59 40 13 100 27 33 95 79 20 18 75 23 74 12 4 28 13 31 95 48 29 4 0 70 4 76 77 96 51 96 31 50 32 13 76 84 43 19 79 29 79 74 0 71 41 29 74 58 31 9 76 73 9 35 55 71 43 73 39 70 61 87 5 15 87 98 83 19 74 21 34 95 66 18 25 5 59 42 65 33 66 28 43 18 58 36 96 42 70 85 0 90 63 94 13 97 11 48 25 54 39 99 66 49 15 62 41 35 33 76 55 34 61 86 35 2 0 92 51 88 5 90 49 98 81 83 36 19 87 5 9 82 34 92 48 34 78 76 0 71 91 79 78 41 33 20 24 13 29 9 72 39 5 71 95 36 24 1 65 50 36 49 96 28 39 40 
56 40 69 42 42 56 56 86 49 13 48 17 88 26 4 75 10 82 19 7 14 63 6 60 46 16 39 51 14 86 96 37 49 48 18 46 69 85 100 19 24 76 17 48 62 96 10 91 99 16 63 82 69 43 26 40 83 78 70 7 97 13 52 32 34 79 6 34 36 85 96 34 61 27 67 37 66 8 40 11 40 92 58 22 82 42 52 30 26 25 2 73 49 92 30 16 40 4 82 25 56 25 10 28 78 36 28 89 11 18 38 33 8 7 4 51 50 98 4 9 1 54 75 79 68 57 52 17 8 23 8 10 50 75 23 10 12 19 25 28 70 40 82 64 41 54 79 69 46 68 35 84 10 15 8 93 42 36 94 7 1 10 82 18 67 73 59 64 3 88 70 78 64 32 37 85 6 91 20 69 
51 18 99 19 42 36 6 69 92 5 44 95 18 51 53 45 6 20 71 55 12 17 41 44 12 82 91 39 42 65 33 74 71 100 29 41 17 9 91 34 100 80 96 60 99 56 24 26 3 82 20 9 76 6 11 38 45 57 30 44 96 36 86 24 85 95 22 20 67 3 42 30 73 85 70 3 100 10 92 81 84 92 53 14 98 21 14 16 23 74 89 15 73 47 61 2 43 49 54 46 28 62 94 82 64 44 47 24 15 1 89 38 28 87 31 8 19 89 24 68 4 46 83 52 65 31 53 100 50 11 35 72 14 26 20 81 7 71 16 61 36 45 55 2 53 20 66 93 68 52 4 42 94 89 6 88 66 20 82 85 17 87 88 64 53 85 73 83 31 8 92 0 26 61 33 44 82 68 42 45 
68 94 73 53 62 49 71 60 76 2 42 59 91 96 26 49 5 14 43 28 50 26 63 1 47 78 35 100 92 6 44 36 90 88 50 87 100 29 26 96 37 32 81 73 84 93 55 56 30 81 33 30 41 73 19 55 19 23 79 10 5 77 72 41 96 41 21 92 91 61 49 99 26 32 15 99 14 73 27 86 63 45 93 27 38 32 51 20 5 35 38 77 81 71 73 28 52 57 91 12 16 50 57 43 92 22 38 52 27 11 100 49 41 77 92 0 65 21 95 46 67 24 22 41 26 42 53 12 76 68 92 59 99 14 96 65 54 78 60 97 23 54 20 43 15 10 8 94 81 100 26 46 23 84 86 74 12 87 96 38 3 14 21 50 7 36 77 69 54 11 74 61 72 1 64 38 61 44 36 100 
8 63 62 4 63 45 49 64 6 97 51 80 47 31 69 18 65 80 89 1 19 96 96 49 31 10 7 21 20 86 94 42 8 0 42 34 56 72 48 67 80 56 60 74 66 70 2 38 24 99 32 95 41 39 87 72 39 34 68 18 66 64 88 9 11 100 72 15 36 25 90 90 50 65 93 94 93 51 39 9 9 88 78 11 36 100 36 94 20 25 25 89 82 56 92 8 24 67 18 35 99 44 91 1 82 42 84 77 90 67 39 11 84 86 88 3 12 59 44 93 9 5 44 0 9 69 13 82 77 78 100 31 24 10 75 22 66 15 100 0 81 47 55 5 33 72 57 50 24 52 82 61 16 92 32 41 12 96 66 91 67 68 53 80 72 17 65 35 63 5 3 68 54 78 13 38 100 68 71 56 
68 50 26 37 80 100 97 22 48 89 83 20 78 7 41 95 92 42 37 9 10 67 73 12 19 25 22 83 11 87 68 24 97 38 47 94 61 40 59 35 65 2 73 53 24 38 63 88 30 73 65 93 81 0 29 83 16 0 53 45 38 49 22 99 93 75 25 72 71 35 60 98 97 12 24 79 69 28 65 4 64 6 56 22 58 74 43 62 31 0 41 21 7 25 34 73 58 86 58 27 18 40 14 54 60 86 58 67 2 94 27 58 24 96 42 27 9 75 82 20 29 26 41 4 9 23 100 90 35 34 100 88 65 43 54 32 61 25 28 95 96 55 7 65 28 92 95 47 77 78 3 0 65 19 41 66 16 98 81 71 90 9 25 64 88 72 9 81 26 19 7 91 35 32 68 56 74 68 90 49 
44 52 16 49 10 49 5 72 99 48 76 23 31 99 48 29 48 59 100 46 96 88 93 71 49 22 78 74 61 13 60 88 96 43 32 94 72 5 1 38 76 34 16 89 67 24 6 52 19 64 80 32 19 46 15 7 67 73 51 69 66 88 13 49 1 13 40 25 68 82 63 89 25 61 15 100 91 23 37 45 69 18 23 31 21 0 69 19 76 10 76 91 98 40 48 68 62 97 13 20 9 63 90 46 92 93 6 32 57 76 29 67 19 28 61 58 61 83 41 6 49 78 42 6 26 85 0 12 42 47 25 22 65 23 30 87 82 71 75 51 92 23 61 64 38 27 80 54 40 75 72 71 67 86 41 58 55 35 3 17 55 7 74 17 57 25 28 97 79 65 78 65 36 100 44 43 15 25 66 40 
94 67 36 100 81 40 1 24 31 81 52 54 71 73 55 98 19 48 88 85 51 80 9 60 22 33 53 69 92 76 76 34 10 13 21 5 26 43 36 55 55 77 60 3 17 70 15 90 8 88 10 1 53 34 5 12 6 63 87 0 63 4 34 83 76 76 86 13 57 16 76 50 44 41 38 68 93 47 89 16 59 50 13 61 55 31 44 89 70 74 85 68 85 53 51 17 8 88 80 4 53 16 76 38 78 72 14 76 13 58 59 44 2 3 38 14 68 40 17 16 82 26 58 81 32 48 97 79 25 9 2 53 19 12 70 73 24 70 16 20 96 76 90 60 21 47 97 98 49 59 70 22 52 86 20 15 54 14 78 24 72 31 8 1 98 45 89 52 26 0 60 11 16 35 32 3 61 55 4 72 
8 31 57 37 94 55 44 74 60 23 53 44 75 93 13 32 29 58 55 51 77 51 38 61 62 30 11 49 81 84 88 68 29 3 9 61 23 47 2 97 50 19 33 49 92 33 13 11 2 12 40 95 14 14 51 82 5 15 91 26 100 5 25 75 45 30 19 47 35 86 55 32 22 77 69 54 41 5 65 49 56 42 83 37 88 77 36 42 44 69 33 81 36 10 52 18 41 27 95 4 19 55 23 8 14 91 32 14 74 3 21 13 51 80 90 25 18 65 63 93 12 30 31 68 91 11 19 100 95 25 19 100 33 68 94 32 77 52 15 20 53 94 9 71 30 54 50 43 7 88 92 0 63 34 43 19 27 15 62 25 65 49 92 64 42 27 87 23 61 56 0 12 65 72 18 99 69 5 25 18 
76 4 14 49 100 85 68 14 14 18 21 88 27 74 58 35 36 78 7 4 70 21 78 88 42 4 38 77 4 58 19 45 55 97 16 65 55 88 75 35 33 53 77 94 0 87 44 65 40 62 44 0 2 60 55 58 26 97 69 42 8 85 8 33 5 10 18 67 87 54 43 27 66 53 67 78 57 10 87 26 10 4 85 31 33 42 100 82 37 0 33 48 75 62 17 13 60 36 37 17 69 24 6 30 77 83 36 87 56 93 73 87 39 84 34 53 48 46 0 56 41 65 50 27 8 77 7 12 97 94 80 4 13 38 22 64 27 40 91 89 16 51 67 79 14 59 64 22 28 56 13 88 9 73 27 39 71 9 66 77 45 14 42 74 31 35 15 14 7 46 61 38 87 97 81 62 68 74 49 12 
28 43 25 100 41 92 7 80 95 94 21 78 20 47 96 76 49 26 76 85 4 5 56 78 65 14 32 17 41 42 13 84 7 28 69 84 89 82 97 89 50 68 89 93 52 38 11 32 70 37 29 41 52 30 66 65 49 86 74 96 51 80 33 65 91 60 51 68 47 63 17 33 42 38 52 47 38 30 53 60 58 56 15 29 39 51 27 2 9 53 41 46 69 9 3 85 11 27 25 52 2 14 59 86 65 20 44 68 37 54 85 78 95 59 90 17 96 60 80 60 87 76 60 88 96 78 77 92 63 25 28 47 7 86 43 27 58 46 89 85 41 93 53 61 84 9 85 37 11 73 6 85 95 58 88 16 16 70 64 74 29 84 32 23 16 72 43 45 52 26 74 88 23 99 10 10 4 8 1 77 
12 76 46 49 88 6 12 93 48 26 47 45 45 71 17 63 34 64 42 12 60 61 88 86 100 34 54 18 65 79 45 7 24 31 1 24 36 81 44 19 86 72 78 61 14 44 35 96 4 76 64 30 90 88 99 24 4 12 60 52 66 45 91 15 15 0 35 58 67 11 2 71 59 55 43 50 49 79 7 50 33 9 99 23 66 87 66 21 73 16 6 83 79 99 29 82 95 5 24 30 42 62 68 14 42 65 7 76 68 46 10 65 28 81 59 56 58 26 3 22 29 58 84 6 97 34 34 6 75 83 74 75 31 18 59 29 71 75 33 87 19 49 88 36 20 88 49 82 38 38 6 58 43 73 17 42 50 5 36 65 15 56 58 2 52 21 78 74 85 27 75 1 26 15 65 23 21 12 37 7 
3 53 82 22 8 50 80 46 95 24 62 56 70 2 31 20 18 21 44 65 55 56 86 34 45 56 86 26 50 34 71 64 45 56 98 93 60 56 5 6 14 21 22 32 36 58 26 56 90 98 56 57 44 67 60 76 100 74 65 19 22 18 34 47 28 3 100 40 39 42 79 72 26 4 91 59 24 31 62 5 35 13 86 10 63 57 33 13 9 94 57 75 17 28 53 19 89 98 60 80 5 17 14 54 13 4 22 21 20 50 49 90 6 34 39 20 82 86 94 91 45 75 83 22 84 68 6 36 54 24 5 81 24 90 30 0 33 84 65 52 33 13 48 69 10 5 97 62 53 68 84 16 41 25 16 60 51 55 79 44 100 75 83 31 45 87 5 45 97 90 90 39 11 92 35 78 50 29 50 61 
38 80 77 16 45 88 24 84 52 63 25 88 44 33 15 26 58 91 64 17 21 36 35 54 81 70 97 48 67 59 8 61 19 89 87 17 93 33 46 56 17 92 4 32 66 71 85 25 20 24 32 26 28 76 37 0 42 77 91 73 66 63 5 47 100 76 53 99 51 50 48 35 84 12 4 3 64 13 70 98 31 89 97 79 63 27 3 32 74 26 44 23 55 28 71 37 12 45 91 96 62 36 97 32 20 26 99 97 36 72 91 48 38 91 44 6 97 3 95 84 35 52 13 90 62 92 66 90 49 16 89 20 17 82 64 63 3 11 94 9 69 36 53 46 90 81 42 3 67 50 22 19 72 27 80 87 50 95 63 8 52 13 80 21 40 20 99 28 57 46 66 88 48 8 35 75 72 45 29 8 
7 10 25 43 2 0 42 72 25 96 15 90 4 55 3 1 75 47 33 21 54 29 40 70 99 1 14 81 89 45 85 79 8 78 71 51 23 52 24 56 65 1 28 95 41 20 69 7 69 5 89 35 94 1 39 6 57 58 65 86 23 98 47 69 17 5 73 93 6 55 9 85 37 57 50 56 81 32 69 82 30 22 71 20 67 41 81 59 13 88 56 90 79 96 24 64 93 62 67 94 45 74 86 67 7 68 3 46 93 3 27 87 15 44 91 61 74 17 22 6 92 9 96 60 60 24 21 22 95 99 66 62 58 22 92 73 9 71 31 1 2 76 16 65 57 37 20 71 27 30 18 71 79 5 97 73 36 97 12 84 15 75 45 71 18 97 71 34 4 69 66 34 84 12 47 48 39 32 63 79 
96 44 79 49 98 90 100 88 81 78 24 66 82 8 28 75 99 81 86 66 89 46 25 20 76 78 74 83 0 20 11 51 85 5 15 21 85 73 98 83 65 65 4 72 71 17 70 97 99 12 15 88 50 7 14 42 26 79 36 44 23 5 11 6 94 16 90 18 5 87 79 59 20 38 70 15 76 97 66 29 84 80 2 38 0 50 66 98 20 41 61 47 17 87 70 41 54 20 10 93 5 60 28 76 74 44 72 63 19 25 59 67 44 86 13 99 15 94 6 81 4 3 59 51 99 44 18 66 66 78 15 93 52 42 7 97 97 44 33 73 28 45 32 43 12 95 7 56 61 28 5 16 78 31 5 61 43 86 6 59 64 81 0 8 69 27 49 63 49 58 39 57 51 97 54 9 82 15 83 41 
85 18 96 82 3 15 11 87 14 71 90 45 62 82 53 15 31 12 9 8 72 63 91 28 95 50 30 83 66 16 4 38 83 48 93 70 7 45 55 94 74 47 54 26 75 93 79 53 76 19 20 28 29 8 48 19 31 92 17 75 24 92 60 69 19 31 33 49 32 17 76 44 88 66 24 25 46 91 81 87 5 8 91 10 76 50 22 21 77 53 69 100 87 89 41 41 80 44 30 22 92 93 61 85 4 1 45 76 54 64 1 94 37 36 94 83 76 86 45 10 98 65 76 69 78 96 83 46 41 43 41 75 58 34 8 44 61 59 71 98 73 23 87 36 58 4 31 81 66 83 62 28 7 58 72 12 97 92 46 13 97 35 22 0 56 39 67 94 32 91 87 16 31 42 68 70 79 0 72 39 
65 90 4 90 81 32 27 17 35 85 25 94 30 65 7 67 30 5 62 91 13 4 85 78 54 33 10 4 82 60 87 97 64 88 0 72 32 75 45 84 57 73 43 47 39 53 1 46 60 23 55 13 97 13 75 48 34 7 26 57 78 40 94 51 12 69 45 84 39 1 70 36 15 93 48 76 51 15 39 86 42 85 75 14 48 73 43 78 37 84 80 56 96 27 3 31 45 18 39 21 1 49 58 74 46 90 25 76 72 8 48 20 79 97 65 5 75 85 72 24 96 78 98 64 47 17 63 11 66 25 9 48 80 65 50 51 54 92 14 23 19 94 74 61 13 72 99 79 35 90 35 86 76 65 39 43 25 18 21 28 44 49 29 54 27 60 24 58 26 88 82 0 50 27 21 2 97 53 65 62 
32 61 15 38 10 13 53 60 20 25 4 13 18 37 5 72 21 22 23 26 31 13 83 30 55 51 75 66 18 31 93 20 40 95 19 18 55 53 26 31 87 69 73 26 72 16 37 87 78 73 86 16 68 25 13 29 15 77 59 72 10 35 57 51 1 93 90 62 14 62 13 81 77 63 24 52 93 19 25 31 20 92 6 26 45 64 94 78 29 93 7 53 88 18 92 27 56 90 55 51 93 68 99 31 62 16 85 31 1 33 13 39 29 93 84 54 83 32 97 77 91 51 97 93 62 89 21 91 98 17 69 72 24 83 71 57 44 16 57 31 27 57 81 10 97 0 30 55 34 58 24 73 71 77 67 22 45 30 34 41 49 68 10 88 63 69 81 70 18 91 68 65 9 10 11 1 72 69 68 43 
82 12 29 13 17 95 83 89 60 16 26 87 18 38 35 93 39 23 17 64 70 50 1 80 77 28 34 5 52 79 54 16 25 31 95 71 85 15 37 51 28 78 7 82 91 15 45 40 10 85 8 68 34 45 65 74 2 10 63 15 95 34 92 13 5 25 68 16 94 12 61 13 77 59 57 66 23 78 54 11 11 18 16 75 22 65 42 4 88 56 55 30 83 19 7 36 63 53 35 59 3 95 35 83 69 23 47 78 16 99 70 99 73 56 38 11 1 44 22 77 66 97 45 80 73 16 73 36 74 38 37 97 86 14 52 82 96 28 0 74 16 85 70 80 16 63 70 78 71 30 79 25 87 26 86 38 40 35 80 28 23 6 71 6 70 40 89 98 9 90 37 37 78 34 56 0 48 12 93 47 
90 62 91 0 31 10 78 15 7 91 61 24 73 15 54 13 22 48 2 33 37 100 34 59 38 7 52 12 14 51 42 3 2 65 5 95 8 54 15 65 80 26 94 25 90 37 28 68 80 52 23 99 48 13 44 11 18 0 90 62 78 76 80 97 26 22 62 97 79 28 54 26 56 93 0 94 85 64 2 74 93 22 37 55 66 45 44 2 15 28 7 22 6 52 49 33 30 45 93 84 29 61 99 82 14 33 40 37 7 45 25 73 39 86 38 20 3 94 59 12 54 65 77 28 13 35 6 2 65 86 55 89 60 85 26 100 89 19 74 40 39 43 96 90 53 83 30 95 32 38 83 13 35 17 11 99 25 74 30 32 50 96 21 15 99 33 58 31 81 43 79 18 7 79 30 85 18 64 96 47 
74 34 0 40 35 91 14 99 8 17 54 62 64 15 74 33 1 65 56 9 14 90 62 80 18 43 68 93 16 60 60 97 62 42 33 32 9 82 56 79 56 61 84 61 40 61 52 67 85 43 72 27 63 40 53 2 2 21 52 31 45 28 59 11 32 0 41 95 13 10 75 27 96 9 61 0 2 99 13 86 48 84 14 34 49 89 59 28 30 80 71 96 86 40 6 12 95 44 6 0 14 44 20 78 98 14 71 41 80 41 38 4 38 57 21 78 83 47 94 53 88 11 10 11 84 74 65 29 6 40 66 59 91 17 77 54 60 45 4 16 5 41 85 84 21 63 7 77 41 63 9 35 98 60 52 29 16 75 45 63 84 34 9 93 32 93 61 14 32 93 20 72 17 65 94 82 22 69 75 54 
88 0 69 19 69 10 94 37 50 15 54 44 80 3 48 11 8 46 92 16 15 90 16 71 71 71 55 30 86 93 27 10 97 20 30 13 28 64 45 74 34 47 2 9 65 51 29 63 78 7 66 18 35 84 43 30 48 70 55 53 37 57 52 97 39 67 70 62 7 38 33 23 59 43 86 60 56 91 37 19 85 78 8 63 92 43 1 34 27 100 70 22 20 31 41 11 68 85 74 45 20 90 39 51 67 38 16 26 35 57 46 61 40 59 92 72 36 71 2 17 72 74 63 25 74 63 15 7 39 61 55 58 99 37 92 57 3 49 0 5 7 78 95 6 42 69 39 76 0 37 36 42 57 59 19 38 9 43 96 84 89 15 34 19 91 33 52 65 98 30 50 77 1 90 40 36 9 64 70 48 
54 67 11 96 27 14 50 100 32 17 63 27 38 84 5 33 83 71 31 38 66 1 14 81 12 52 77 56 12 57 31 47 68 13 2 26 10 30 85 98 35 48 68 33 49 97 60 36 27 18 76 10 16 68 0 41 12 91 77 93 50 70 4 91 48 84 96 99 27 59 7 94 10 20 57 42 55 23 27 20 81 43 65 63 56 85 52 56 78 57 23 63 13 86 72 11 66 11 7 62 91 45 79 98 79 31 19 55 3 8 66 35 32 41 7 41 30 39 59 8 59 3 74 71 44 63 20 61 79 59 90 92 88 84 28 52 91 91 19 61 13 57 38 2 77 66 26 68 98 76 91 94 85 70 9 36 16 92 40 92 36 23 27 93 77 59 6 84 6 75 95 82 31 86 72 24 59 12 52 57 
92 87 29 80 52 82 85 20 86 75 62 43 63 77 54 67 72 14 21 49 93 53 97 89 33 24 80 5 72 58 22 20 76 46 22 57 8 92 48 92 58 71 16 25 63 23 72 44 5 66 98 76 77 14 10 81 93 98 65 70 73 35 46 22 18 50 42 7 27 74 22 29 97 38 39 7 7 68 96 83 8 39 15 50 71 0 23 15 64 91 60 44 26 17 2 39 18 82 32 35 16 35 46 100 6 16 98 57 95 82 45 61 39 20 1 100 79 18 47 31 65 72 89 91 87 11 10 28 0 62 82 27 96 69 16 49 52 48 31 5 4 58 86 67 100 90 13 94 51 86 80 56 12 85 100 73 54 21 12 15 91 22 47 1 52 51 49 12 77 79 62 6 20 43 55 36 85 70 79 14 
69 66 98 63 44 64 42 90 91 14 29 20 23 50 100 73 45 27 25 96 34 5 26 29 65 92 77 26 28 3 94 87 25 44 65 41 98 58 28 81 76 71 99 7 41 56 79 41 87 40 16 17 13 81 84 17 99 74 13 50 97 55 62 50 36 62 78 26 66 85 71 68 57 19 62 61 23 83 74 62 25 95 68 94 68 5 42 36 18 31 13 29 21 28 18 52 28 88 7 2 34 5 27 68 26 53 18 34 17 93 20 2 46 43 49 78 68 93 65 86 48 21 52 97 24 66 50 79 84 8 55 41 39 5 33 13 34 95 77 62 2 58 57 17 30 3 1 68 52 28 35 25 82 46 40 33 77 31 44 10 89 0 58 9 37 56 0 83 20 32 81 18 16 21 56 82 52 26 61 39 
58 2 99 28 69 20 27 28 35 96 5 9 16 98 81 26 61 22 28 61 55 54 89 30 60 32 86 8 75 91 53 10 56 36 41 46 80 32 1 59 23 45 25 82 51 76 8 3 27 3 54 20 43 99 35 43 3 71 12 73 62 64 68 11 33 75 76 86 64 56 11 18 73 82 95 34 69 21 39 7 21 3 1 89 35 41 13 7 3 59 56 15 37 45 100 69 77 0 38 32 94 77 86 67 50 40 72 1 17 51 97 61 40 85 50 98 44 10 51 18 75 3 55 65 55 42 39 45 69 44 54 12 2 96 97 43 4 75 48 37 69 9 38 53 52 95 82 4 99 91 45 16 18 34 95 48 98 80 38 87 56 80 72 19 23 37 64 29 81 50 35 43 24 70 29 84 12 40 45 13 
85 85 90 36 86 40 25 15 62 73 6 32 40 76 70 99 59 97 15 88 50 62 79 25 94 92 22 80 51 30 69 57 68 46 80 10 13 85 36 4 18 10 74 16 69 49 79 78 52 72 24 46 50 83 16 71 86 4 79 63 33 74 58 23 29 65 53 29 23 48 59 87 4 77 46 15 37 93 52 77 16 46 97 23 25 95 22 66 58 48 94 5 1 81 40 73 55 80 55 89 54 22 19 60 69 96 46 74 37 18 70 44 11 0 89 41 87 19 63 57 89 4 90 37 26 56 2 40 93 59 11 1 20 36 86 68 99 2 58 29 93 61 99 44 66 80 79 5 13 48 63 67 86 60 52 6 44 68 32 4 49 95 28 70 83 63 1 94 70 51 8 89 47 22 11 64 93 35 46 17 
57 40 33 87 97 2 30 35 27 98 30 64 79 28 22 34 45 54 1 16 46 96 88 27 24 64 6 15 30 13 18 15 11 2 18 26 37 15 63 20 43 21 16 28 58 94 86 40 97 21 89 53 18 15 40 93 9 59 96 93 19 98 92 6 81 45 16 51 97 67 50 18 62 91 43 2 23 34 62 48 64 23 39 68 81 61 64 63 24 54 96 88 9 54 17 45 25 43 27 94 8 0 0 76 76 97 39 75 0 95 96 70 2 36 30 53 70 26 16 78 1 21 6 5 66 23 16 43 45 0 34 51 96 21 39 98 43 100 95 87 82 13 0 12 47 78 90 42 53 90 3 44 92 43 92 32 5 28 66 28 6 72 47 98 60 13 80 92 11 23 39 21 0 91 87 33 98 82 72 76 
72 68 29 97 85 91 100 62 80 17 96 64 75 29 21 68 48 21 19 43 31 81 42 69 94 7 90 17 33 86 87 62 22 52 5 95 51 22 59 45 95 6 63 41 31 94 39 97 69 59 86 17 44 39 51 8 26 5 23 10 56 74 62 18 39 75 3 86 11 81 82 25 23 5 20 76 96 88 65 44 61 64 89 49 48 51 94 4 82 47 31 0 98 41 4 43 79 70 33 2 72 17 9 20 98 69 63 23 69 47 4 25 14 71 56 3 70 83 2 87 95 51 7 1 91 73 65 80 66 76 33 15 24 18 83 87 55 12 69 76 38 15 95 86 8 95 86 26 35 60 68 12 51 61 57 91 55 64 52 78 37 1 36 43 78 41 72 74 47 16 91 7 43 0 38 33 77 63 22 3 
21 47 34 4 93 93 82 21 88 69 37 71 65 16 1 72 44 26 99 15 88 75 64 41 45 32 11 65 6 79 83 55 47 40 23 52 100 34 35 89 33 80 4 14 43 69 29 38 53 35 15 87 69 100 100 42 30 54 93 86 89 97 65 26 69 25 76 65 18 15 63 79 41 47 53 31 88 0 66 93 73 21 83 77 21 55 10 63 26 91 31 19 12 59 89 38 19 5 76 31 98 61 80 61 92 78 100 83 69 56 10 7 30 58 60 75 27 70 44 86 21 8 1 95 62 35 52 60 87 20 69 51 23 62 24 0 14 39 42 12 25 94 37 81 87 37 93 45 42 61 35 77 92 48 96 19 16 39 40 89 40 0 7 2 35 36 79 7 5 64 14 12 99 24 87 32 17 36 98 40 
43 84 59 78 29 49 96 59 26 20 5 62 58 64 89 23 26 42 71 99 71 47 46 80 65 23 48 80 24 60 20 60 14 34 71 30 66 91 71 20 48 73 83 89 58 17 30 57 20 2 94 86 9 49 71 52 43 73 75 96 16 51 52 82 61 8 17 52 39 12 64 73 61 53 63 62 75 60 31 40 40 97 52 55 24 63 85 80 58 76 44 70 18 13 63 65 17 4 25 48 97 1 87 36 61 55 31 18 35 84 66 68 75 30 8 25 78 76 36 98 65 76 81 70 62 18 35 38 92 58 44 40 76 88 0 9 23 31 76 56 63 34 59 89 28 5 59 39 94 26 98 87 0 37 10 19 2 85 51 29 82 19 5 55 56 60 85 77 72 18 82 4 94 1 89 27 19 58 51 44 
94 89 84 15 96 11 69 94 20 37 14 96 46 83 37 67 91 19 95 68 69 26 6 33 89 53 72 56 6 47 18 94 88 79 51 80 61 4 9 66 33 67 18 100 13 10 76 30 18 43 65 28 51 28 72 33 56 95 62 59 36 22 4 55 73 84 21 2 69 55 76 26 54 92 82 68 1 26 41 78 29 13 86 34 59 52 63 88 23 38 54 3 17 28 4 76 22 29 98 85 16 1 21 37 74 76 32 53 28 21 87 84 88 75 74 81 92 44 38 8 71 58 83 24 94 28 58 77 0 72 25 61 95 50 94 7 76 14 86 80 7 96 61 24 35 49 60 34 94 76 96 56 7 9 9 45 68 4 96 85 70 74 45 80 17 68 26 11 49 18 86 85 76 16 25 62 97 35 32 89 
54 79 91 85 39 63 37 69 23 62 65 13 16 9 99 2 80 45 97 32 61 4 46 74 87 55 90 65 88 52 68 9 60 76 96 38 80 11 82 93 88 90 17 11 27 4 64 27 50 13 97 79 39 30 6 29 91 11 85 27 70 43 21 76 25 80 87 84 8 85 45 53 33 56 77 99 17 69 6 65 24 26 97 93 50 48 98 74 61 14 35 11 80 11 38 29 100 13 0 62 91 51 54 0 59 22 42 58 80 78 16 93 52 87 46 71 78 78 14 46 85 92 58 55 69 80 24 70 40 6 42 48 20 88 16 12 69 44 12 80 88 13 97 67 32 39 60 28 53 35 99 97 39 65 43 1 7 79 53 17 56 92 27 42 92 52 3 25 63 81 29 2 46 41 50 57 1 96 49 8 
93 46 18 1 69 60 30 80 80 38 48 50 82 56 32 98 78 83 67 80 46 30 21 95 73 93 25 100 62 45 9 63 41 19 89 81 47 61 93 90 75 82 16 0 40 51 5 48 96 87 23 21 49 1 34 15 92 97 60 86 12 86 76 6 36 83 95 17 18 62 88 69 50 31 12 89 63 55 75 58 90 99 46 3 50 53 93 54 71 69 48 76 26 13 51 31 28 14 43 27 30 33 55 11 54 82 60 16 31 1 26 4 26 87 58 5 94 66 41 15 42 51 95 5 44 52 45 17 16 5 87 96 77 52 98 50 83 35 66 76 32 12 55 69 45 60 100 7 100 24 79 27 12 58 79 77 44 65 97 68 21 11 45 96 83 77 78 3 38 10 6 71 91 57 44 17 70 19 2 63 
17 56 36 54 71 32 87 47 0 80 49 34 42 3 95 33 35 35 95 23 94 29 98 0 49 26 87 53 26 22 82 99 38 92 44 97 72 93 86 89 19 61 43 83 19 14 70 8 30 83 22 29 29 92 17 54 56 27 45 5 33 71 30 12 11 91 48 97 50 83 73 86 96 30 64 60 97 29 3 74 83 87 38 65 80 1 47 21 3 16 86 30 29 82 49 61 32 54 81 94 59 6 22 63 91 31 100 66 30 84 21 84 49 26 4 73 89 57 87 67 41 16 13 3 48 83 7 36 55 99 11 44 24 65 50 50 23 90 4 89 57 28 96 56 53 50 48 82 68 90 4 29 16 75 86 6 65 63 51 60 15 59 28 82 36 91 41 28 32 100 50 100 73 0 34 23 88 58 30 3 
60 56 0 5 53 36 97 77 98 33 74 61 26 100 84 18 71 10 95 73 59 13 45 58 16 44 98 22 78 41 69 80 46 12 87 16 80 73 34 76 59 47 35 26 55 17 33 13 28 0 5 10 79 65 23 32 22 4 39 96 92 27 26 84 33 22 14 15 13 16 89 93 44 44 10 14 72 58 13 65 17 47 23 9 30 39 91 58 68 36 65 55 53 63 72 58 95 6 2 73 93 72 99 75 22 54 100 37 62 4 69 15 85 74 11 31 44 94 90 26 50 73 51 55 4 70 64 35 22 99 79 64 96 14 34 74 61 37 37 12 93 38 75 5 10 50 29 71 27 74 67 80 7 9 57 91 89 5 69 70 80 89 35 8 54 100 52 52 74 82 28 40 64 1 2 32 14 63 46 45 
70 85 34 37 44 75 29 5 75 21 51 77 41 98 85 35 58 65 68 88 85 0 97 39 14 61 15 36 21 57 82 36 73 72 45 69 58 24 80 59 23 65 84 98 70 9 15 61 69 58 96 14 23 15 48 40 34 7 57 34 31 77 93 43 47 6 46 50 15 49 43 54 84 96 21 3 38 6 88 35 52 46 56 22 64 1 55 90 80 42 6 76 68 37 51 72 31 56 90 51 55 17 95 92 10 17 25 17 53 35 38 72 87 73 44 56 37 75 82 76 76 85 66 13 48 59 50 66 96 11 77 35 6 48 18 91 39 84 31 73 78 94 3 75 31 95 74 33 50 46 38 91 33 69 22 50 44 77 12 66 50 79 14 66 97 51 5 51 17 53 52 59 70 3 13 79 10 44 63 32 
83 23 9 80 54 19 57 89 7 36 1 22 48 97 6 88 79 93 1 60 16 51 82 0 69 37 31 36 76 49 69 54 88 92 16 38 73 43 19 10 10 97 79 53 39 3 12 87 44 62 26 13 29 8 47 59 13 67 20 12 13 87 40 41 85 58 38 8 27 55 13 56 59 77 46 4 84 6 19 79 38 69 62 67 75 79 37 30 86 24 66 46 81 60 85 58 93 99 8 74 78 10 14 46 75 80 5 3 13 72 11 43 88 47 24 35 16 33 33 88 26 10 87 90 76 81 61 14 62 46 56 99 78 31 12 1 60 53 23 81 34 1 52 30 70 54 60 100 54 60 40 52 40 42 23 43 3 11 87 67 17 60 0 64 77 2 1 53 86 92 65 86 18 87 89 63 3 99 33 65 
96 2 71 90 22 47 89 91 16 0 54 83 95 25 56 44 29 75 91 60 48 8 30 11 81 70 74 100 3 66 9 1 43 22 49 100 37 24 64 39 36 61 53 52 42 24 62 6 63 10 21 47 91 27 9 35 73 79 61 20 63 98 98 19 8 3 94 6 73 97 12 9 57 2 34 66 44 94 88 45 81 44 96 6 20 55 95 50 52 86 63 84 7 59 8 68 69 31 75 40 71 12 28 15 94 86 63 20 62 6 16 33 6 80 2 29 81 22 99 18 41 31 44 67 51 30 9 20 25 96 73 2 70 16 95 64 18 40 22 53 24 95 14 63 65 91 36 100 82 82 67 97 83 40 96 72 67 51 70 92 21 30 86 70 92 88 72 48 35 46 78 93 25 79 44 61 18 10 38 27 
63 45 74 35 1 11 94 60 16 25 11 45 26 36 93 57 98 9 84 70 23 25 11 72 39 24 32 60 33 44 97 40 99 40 5 8 84 48 36 79 18 3 82 23 18 43 9 9 27 44 47 63 1 84 17 81 66 72 49 89 43 20 57 0 35 71 60 94 42 18 5 5 39 59 35 48 59 65 92 44 25 74 35 78 45 94 69 78 11 18 30 69 95 88 52 60 21 93 8 54 8 18 66 65 18 54 74 88 1 44 17 46 54 91 24 16 84 24 81 78 28 95 94 8 93 48 58 94 63 3 29 9 70 35 12 43 2 71 66 71 32 33 48 28 87 4 9 86 84 14 85 16 82 67 21 55 39 70 7 73 84 94 46 34 58 84 43 15 84 92 61 35 92 64 15 37 35 88 26 100 
38 62 2 37 9 23 26 75 15 94 12 96 82 55 79 42 25 49 0 88 73 42 57 38 77 34 33 87 57 72 86 35 51 72 51 4 16 79 7 78 37 80 84 53 52 73 41 15 88 75 8 84 23 43 47 56 14 67 1 88 58 4 82 15 89 56 95 0 11 16 81 21 85 24 90 66 4 25 50 64 51 8 7 4 30 60 18 74 71 66 23 34 47 65 42 52 1 70 92 19 25 74 17 23 22 33 48 6 16 94 41 14 89 7 7 68 29 84 69 29 51 63 71 79 45 14 9 28 13 44 100 3 50 72 70 5 45 26 93 93 38 22 16 39 60 45 74 80 40 83 38 27 72 60 13 60 93 30 96 99 59 80 67 80 15 21 2 85 26 42 18 65 8 84 57 63 44 14 63 0 
25 9 12 99 26 22 65 96 19 39 18 1 15 37 44 16 99 75 29 72 69 69 28 22 51 20 98 51 38 36 18 47 99 63 100 54 50 33 6 94 73 14 34 77 44 1 32 4 89 84 61 12 28 21 89 70 71 35 75 54 62 52 64 66 29 4 63 54 17 1 20 78 11 71 82 24 39 81 14 73 55 88 49 82 99 65 75 73 20 72 53 16 16 57 52 68 4 23 98 75 78 96 98 73 82 68 24 58 21 69 7 94 63 1 63 17 2 44 57 33 54 50 38 23 93 83 18 30 60 75 11 36 54 10 11 43 10 47 40 30 1 62 34 9 28 17 20 71 38 44 20 95 32 78 52 73 21 44 0 46 65 93 76 31 83 64 13 26 91 86 25 72 38 69 27 95 3 51 77 87 
54 20 83 34 63 85 91 16 66 17 86 4 46 78 52 56 9 89 98 85 12 15 44 84 70 29 34 86 58 2 22 81 0 45 72 21 90 93 29 39 75 79 58 95 36 50 0 12 87 2 52 67 73 7 28 72 98 82 68 45 55 91 70 57 74 85 77 96 25 86 49 85 34 33 97 93 24 78 64 87 44 73 31 52 13 34 20 70 98 62 35 37 2 67 73 57 95 28 0 26 31 60 38 83 82 72 10 92 49 3 82 49 46 6 1 96 61 0 14 1 78 38 25 59 49 65 59 20 59 77 52 38 87 50 20 79 9 10 59 27 49 38 47 59 99 39 97 94 26 65 12 65 22 20 6 90 83 55 45 9 100 22 80 49 90 72 65 82 20 86 15 86 77 47 19 20 65 35 2 12 
89 45 6 72 56 16 100 32 19 11 96 45 42 18 42 68 58 97 56 11 100 0 72 85 12 53 10 68 33 93 8 29 14 93 100 29 19 97 9 43 72 68 29 80 58 44 86 100 75 90 68 70 68 95 65 47 29 92 23 29 34 74 83 62 91 44 66 31 36 48 69 98 9 77 34 4 98 25 82 55 71 61 75 99 99 43 40 38 97 27 95 93 2 65 28 46 54 63 87 3 12 99 36 87 20 2 54 96 30 71 46 85 61 83 77 80 46 96 47 93 60 18 60 94 71 86 15 95 14 87 81 13 34 6 68 61 39 82 89 82 40 74 60 54 66 21 93 1 63 17 54 62 35 16 16 57 71 56 66 71 83 37 15 30 45 4 15 17 78 44 83 15 6 16 92 70 64 45 61 77 
68 75 30 88 12 25 19 84 85 26 8 43 32 94 52 34 28 19 4 51 67 2 37 42 35 24 39 72 40 99 91 49 87 93 52 78 17 62 30 32 37 68 72 47 75 31 99 95 34 38 11 30 42 45 38 79 72 80 55 4 80 63 18 15 24 11 100 82 6 6 5 79 98 20 33 19 73 42 83 84 82 8 95 94 32 69 3 63 29 70 12 97 20 55 89 92 82 45 4 16 20 0 44 96 14 70 71 47 87 59 72 32 81 94 31 90 70 7 78 92 15 72 29 56 100 31 0 48 91 59 60 96 55 63 97 71 18 68 16 31 80 77 17 30 21 76 93 91 50 52 84 63 9 79 59 20 58 85 40 81 49 94 42 46 61 45 71 62 10 65 18 84 84 66 87 68 95 33 66 11 
77 75 2 11 42 1 40 23 3 28 24 40 32 0 90 66 55 97 12 39 54 42 38 25 61 63 42 15 0 20 100 56 99 72 19 40 33 46 9 65 60 94 29 92 88 76 57 25 28 63 6 92 78 1 15 74 88 18 66 64 32 13 36 29 9 3 19 98 25 64 32 79 88 49 40 32 90 3 81 68 93 32 18 24 58 95 43 36 73 43 71 99 33 44 98 15 6 86 18 83 45 84 55 29 0 16 76 35 14 13 13 53 41 4 19 29 20 96 40 5 54 88 43 83 60 50 45 16 74 47 88 73 71 66 26 77 3 90 25 51 32 82 41 79 36 12 77 32 100 62 93 97 72 29 20 16 7 44 66 24 71 18 28 59 5 46 47 87 2 19 68 24 28 27 96 45 10 22 38 81 
2 62 13 97 3 16 85 13 98 55 31 90 3 56 4 1 51 66 15 69 47 38 15 13 44 20 78 50 22 33 81 17 10 53 27 36 30 72 33 38 63 64 4 21 43 61 16 43 67 41 57 28 90 69 26 59 85 7 49 56 13 100 11 43 35 26 0 17 96 7 91 10 88 33 5 53 36 69 49 70 79 98 16 9 67 74 93 38 10 22 28 90 25 39 41 47 89 96 40 86 85 48 32 64 27 46 10 95 15 44 95 87 69 51 4 15 39 21 17 9 53 50 23 5 18 67 96 83 69 71 41 85 97 59 48 81 10 16 90 87 2 3 77 31 50 45 23 4 50 17 58 29 0 7 61 4 53 0 14 1 10 68 4 21 84 3 87 22 99 49 11 96 15 22 77 7 28 18 50 94 
70 34 33 63 32 45 41 49 49 63 50 33 43 32 49 78 40 65 59 75 41 9 45 60 21 20 76 51 57 5 65 25 73 1 6 97 94 92 60 62 73 77 61 47 91 34 80 90 52 57 55 60 14 53 9 75 42 38 31 84 55 49 46 20 84 30 37 9 47 1 48 12 53 42 87 6 64 47 36 95 18 43 36 91 81 97 27 87 74 66 2 87 29 27 54 94 57 32 88 18 46 21 53 50 62 41 82 86 45 84 16 40 70 10 59 19 3 71 98 58 52 85 99 28 75 42 17 35 7 51 61 41 5 35 99 87 3 65 22 18 11 32 82 63 0 59 58 86 62 47 82 92 62 12 89 2 68 69 5 29 10 64 94 81 95 10 49 13 0 75 74 36 2 4 93 68 31 27 22 31 
30 62 26 44 19 99 43 1 7 33 74 20 86 26 59 73 36 45 100 80 2 97 27 11 84 91 100 61 85 41 71 1 88 36 72 68 23 21 59 48 63 15 5 27 73 92 76 90 18 96 92 35 46 77 61 59 70 20 26 67 78 12 99 92 12 5 50 74 66 9 10 34 82 22 86 20 52 79 11 33 0 50 33 45 95 74 94 18 67 21 39 42 22 53 26 8 8 96 75 72 100 17 19 28 36 93 69 81 72 1 9 4 52 15 66 89 70 28 79 99 13 75 78 7 49 13 68 87 82 81 6 9 7 72 90 90 47 97 76 55 92 69 79 83 82 33 76 52 88 48 66 48 73 48 12 84 71 74 71 39 0 96 89 38 64 10 56 23 29 89 60 50 85 0 53 7 93 80 98 28 
74 92 87 61 26 90 80 16 18 52 81 9 70 55 67 45 56 17 92 85 99 45 87 83 64 59 39 88 17 5 93 95 57 49 47 39 70 62 43 86 5 46 89 58 49 98 78 28 30 8 50 17 41 35 96 64 6 20 81 59 3 81 61 97 100 52 43 100 12 48 4 29 45 3 29 79 65 92 88 83 10 74 41 43 90 93 57 51 1 45 12 6 50 46 81 44 24 29 39 70 87 67 44 99 6 36 26 57 41 20 52 3 31 93 36 22 63 13 8 76 29 18 28 83 52 78 95 96 73 31 87 31 44 63 57 13 32 10 13 13 78 61 96 91 72 83 83 29 61 47 40 64 90 52 42 92 65 42 64 96 5 76 53 48 84 8 4 83 95 36 47 63 24 34 72 32 43 96 46 20 
100 36 18 99 97 81 7 57 87 78 34 81 70 27 81 62 88 1 59 78 48 93 22 22 17 96 80 38 75 36 86 95 70 17 87 6 40 91 42 5 91 19 89 88 67 69 6 47 0 64 70 38 69 55 60 5 6 37 94 57 94 97 85 9 75 8 43 89 92 38 6 19 30 56 63 99 88 65 53 92 9 49 1 8 10 38 45 7 17 1 54 73 73 68 85 44 47 19 72 11 73 71 18 3 50 48 10 74 11 85 75 36 6 78 23 100 22 11 48 63 47 11 29 80 61 1 10 87 45 31 72 85 44 82 47 36 98 61 92 88 38 79 39 32 39 97 56 71 81 41 54 37 97 26 84 99 25 17 16 12 21 25 40 87 24 19 52 99 21 37 33 13 11 65 13 88 5 59 83 9 
37 70 76 30 87 91 96 60 9 24 5 35 87 41 34 30 94 86 75 76 96 78 99 66 42 37 76 99 38 13 31 47 91 90 12 72 97 35 78 17 84 70 88 54 37 10 49 98 93 36 49 76 41 32 61 68 1 46 1 6 11 57 26 50 11 7 54 97 26 86 48 22 35 76 7 30 88 38 2 36 54 88 36 98 80 57 5 82 87 39 66 90 87 26 55 98 23 63 30 21 2 37 38 80 38 51 34 21 93 100 55 44 71 85 72 73 52 77 46 54 55 94 54 80 11 51 77 15 88 5 35 8 64 4 74 93 60 37 79 90 68 67 83 80 47 99 47 16 32 50 73 69 34 65 90 5 83 67 49 79 11 21 56 14 33 69 43 95 61 4 78 97 23 86 37 7 0 78 15 77 
35 63 23 92 56 31 94 56 83 99 74 49 26 85 60 33 97 25 12 59 15 97 76 25 3 38 91 91 18 97 21 26 65 99 92 21 6 56 19 76 68 54 6 68 43 11 16 79 97 100 34 52 56 66 46 46 0 2 90 97 100 86 33 39 1 30 69 10 10 27 23 97 11 27 33 61 55 95 65 73 35 67 15 100 13 46 84 34 87 49 51 43 6 73 33 8 68 10 54 99 49 52 15 25 77 38 42 31 73 19 38 41 93 1 39 98 70 35 4 98 84 0 91 48 86 73 74 44 54 98 39 74 19 65 18 45 12 18 17 28 88 34 25 57 76 95 71 81 41 87 83 68 42 14 1 53 32 89 1 73 80 1 59 87 17 23 11 93 36 15 29 69 89 74 78 5 86 32 84 35 
91 27 82 89 41 49 0 12 78 95 1 22 29 2 9 30 65 4 2 9 9 67 4 60 98 45 70 85 0 65 88 85 88 58 50 38 17 82 9 15 79 87 27 86 68 50 37 49 87 7 91 3 66 17 95 76 1 5 58 45 45 61 13 72 41 20 24 41 32 14 9 83 0 19 92 6 45 87 27 37 58 45 16 11 37 39 9 39 70 95 92 47 48 68 84 18 33 88 73 78 56 48 7 87 46 24 31 64 67 6 9 11 93 25 31 78 13 86 76 32 6 98 5 22 89 10 3 47 22 80 3 4 89 76 93 27 83 66 17 2 46 74 6 94 20 42 60 91 53 61 51 77 45 94 44 25 36 34 22 36 57 80 39 47 79 59 77 13 70 99 6 81 84 66 60 3 97 88 64 37 
44 38 66 96 17 18 29 17 59 77 21 49 91 72 18 7 26 52 90 31 99 70 74 8 79 63 77 87 76 42 98 22 59 8 51 75 94 54 24 34 48 35 91 45 6 20 90 94 2 24 46 24 44 37 52 65 68 64 27 5 22 21 14 16 15 72 53 10 41 57 97 6 5 5 50 48 13 80 10 51 14 84 82 58 61 35 58 87 15 44 43 5 38 69 91 49 96 86 23 57 79 76 66 81 71 71 46 66 4 79 76 96 39 72 43 29 43 7 76 41 11 49 54 13 50 60 3 99 51 40 32 64 73 44 50 61 55 65 4 10 47 40 56 67 38 32 81 50 81 23 23 79 56 9 27 68 54 32 68 71 14 84 9 94 67 73 54 58 72 56 42 67 77 83 94 84 12 39 24 13 
13 53 63 78 44 49 53 39 57 86 48 16 95 98 64 28 64 27 15 60 60 50 59 3 77 68 61 66 12 85 73 8 31 51 89 33 21 30 0 100 18 32 56 19 0 78 36 80 33 2 85 55 61 27 46 1 23 97 38 99 61 9 64 60 4 69 2 94 36 81 63 11 94 65 46 45 70 69 76 96 61 48 77 4 21 27 94 32 42 28 32 43 27 76 11 56 37 36 29 18 63 46 1 20 50 94 16 2 90 9 73 73 6 74 53 82 74 53 22 36 56 33 5 92 10 33 81 83 80 7 46 90 45 35 17 17 48 92 67 50 92 48 84 83 65 61 76 27 33 82 99 41 18 99 30 96 25 59 45 22 85 7 85 22 7 58 82 81 25 71 12 51 69 55 43 12 10 89 25 0 
12 54 34 74 69 37 60 27 84 49 20 38 33 74 45 77 67 64 33 8 92 99 95 71 15 44 76 61 46 97 76 3 13 10 48 90 24 95 33 9 21 100 90 88 16 85 29 94 5 48 26 66 23 62 48 17 23 60 11 15 11 88 79 87 7 51 63 64 75 99 77 4 46 39 82 53 13 76 41 57 31 41 49 58 18 98 3 98 29 16 97 61 36 67 91 45 68 18 74 33 3 80 29 67 28 28 43 46 96 96 48 34 7 81 7 76 62 40 49 43 53 53 73 36 67 37 99 74 26 100 40 10 80 83 24 43 65 68 46 63 38 67 3 92 60 80 67 94 17 10 21 95 10 35 80 69 86 17 88 56 64 44 78 52 73 54 60 97 37 5 11 68 60 57 25 13 91 50 88 81 
2 87 91 20 61 11 21 100 68 47 62 55 50 78 51 25 31 19 38 27 28 19 2 23 31 14 1 89 48 82 11 94 69 45 63 91 46 12 83 60 40 0 65 14 51 38 67 8 26 61 31 21 61 23 82 56 57 73 49 56 15 16 73 7 35 88 16 37 73 76 51 89 97 15 35 88 88 82 53 28 54 81 80 57 23 42 57 69 75 92 43 44 56 93 37 11 8 28 23 93 18 42 34 6 5 25 39 88 100 63 6 25 12 80 65 65 14 96 51 48 66 12 47 75 43 45 53 23 19 83 29 10 16 36 97 80 46 7 68 63 29 1 51 16 23 81 60 26 36 53 84 8 41 15 67 42 82 52 73 92 4 69 29 67 0 79 89 88 95 64 97 14 85 68 47 34 56 5 68 95 
7 21 16 88 17 29 73 3 59 75 24 82 76 33 87 82 8 86 28 80 19 78 2 85 65 88 7 86 30 56 18 94 13 56 63 65 55 21 92 50 97 62 75 8 85 22 32 23 73 34 16 73 8 15 76 87 97 68 100 77 43 9 40 25 79 74 36 80 93 63 30 68 92 17 77 34 14 16 40 98 90 43 43 18 1 88 88 94 22 6 50 34 52 69 16 53 71 10 46 92 53 25 45 73 69 35 60 11 38 2 43 11 89 71 10 80 35 17 75 92 63 8 3 76 75 17 17 36 66 48 75 42 54 56 85 40 46 16 7 66 69 34 53 19 11 14 0 48 91 91 7 59 78 53 9 27 79 29 67 78 31 89 79 3 40 58 40 86 24 61 96 69 6 28 31 64 41 40 10 38 
49 26 30 79 40 83 39 28 46 82 26 16 35 16 45 55 6 22 31 92 46 17 98 54 51 42 88 21 3 38 87 49 99 34 32 24 95 54 89 43 93 9 22 93 99 63 82 8 41 66 71 92 45 17 48 39 82 58 29 97 57 83 91 25 53 47 74 19 54 62 61 30 52 25 42 95 86 99 91 33 42 52 51 91 17 65 33 48 21 18 30 94 21 54 78 21 48 73 2 66 84 72 78 1 63 86 16 22 82 2 90 88 16 39 76 29 75 76 8 98 67 28 68 78 39 3 54 94 32 19 51 6 99 78 65 75 96 69 0 54 29 67 100 9 50 57 53 38 51 25 32 80 80 56 91 15 13 90 26 87 44 42 80 82 28 66 66 31 32 48 24 62 81 46 95 50 91 13 45 71 
87 29 14 38 99 60 44 98 82 16 50 13 35 71 52 68 77 6 6 1 6 18 96 36 24 64 67 76 60 93 85 90 57 36 64 64 77 2 64 84 5 99 95 90 13 17 14 11 75 76 85 86 84 63 50 48 44 43 48 26 13 87 21 94 96 7 38 72 96 91 20 44 75 92 46 13 37 40 60 66 84 40 87 88 38 26 17 97 57 46 56 51 67 53 36 35 32 62 21 52 34 45 10 27 44 45 44 71 5 57 53 54 8 34 95 31 80 90 27 14 91 85 86 77 0 22 68 26 15 4 27 77 50 42 8 80 67 54 37 63 64 98 83 91 8 62 80 81 37 61 49 38 78 16 40 76 54 6 80 73 47 7 16 96 92 12 18 15 5 54 93 29 15 33 22 85 53 58 52 9 
39 40 20 97 97 73 71 20 51 30 64 46 48 74 55 82 52 24 44 54 78 42 45 10 68 81 41 17 38 56 90 44 96 63 51 15 30 3 73 0 92 2 27 37 88 100 2 79 27 98 43 94 47 77 16 25 61 51 30 50 20 31 81 6 49 62 82 39 96 72 59 88 65 57 90 66 100 42 20 98 49 63 55 75 59 17 1 92 29 19 90 92 85 53 74 83 84 25 70 53 89 68 86 75 13 10 13 76 42 12 69 39 45 15 19 50 68 85 33 91 40 77 89 51 69 63 85 24 90 81 94 81 47 57 53 71 82 58 35 34 39 87 56 52 98 44 98 57 48 16 25 9 62 9 1 44 85 72 73 73 31 81 0 52 93 44 12 61 66 42 99 21 59 99 21 26 71 7 74 65 
1 52 52 12 16 3 39 20 75 9 15 12 85 29 33 25 8 67 43 46 4 57 86 86 54 60 63 71 15 49 80 87 50 7 1 97 66 82 11 16 47 8 42 7 32 5 98 28 12 54 5 63 9 3 87 50 66 71 94 0 40 98 8 98 50 77 34 4 90 21 55 68 25 95 7 34 20 51 52 53 50 35 4 45 45 23 42 50 55 17 86 40 6 27 58 56 25 67 31 37 15 94 5 90 37 9 5 12 93 9 92 29 25 23 46 97 92 41 54 0 75 66 13 46 49 91 45 2 58 2 54 18 22 100 28 10 83 32 21 49 17 49 76 64 64 64 80 31 93 3 40 52 25 15 20 62 16 1 42 91 44 95 9 76 62 51 4 82 43 3 71 71 11 1 79 78 81 61 32 51 
72 18 46 7 35 95 9 100 44 76 51 71 62 26 100 20 39 92 75 48 98 42 10 97 25 5 71 91 18 70 75 62 0 75 23 75 70 61 31 39 89 47 79 12 33 68 72 88 55 100 99 37 75 74 81 90 86 9 66 98 5 12 90 66 94 60 88 66 50 56 7 72 63 13 88 35 63 41 22 95 25 83 50 54 33 85 70 90 98 22 32 18 14 93 57 57 96 57 48 8 40 91 58 33 42 75 73 25 43 93 91 51 48 46 84 6 81 39 13 77 87 28 21 2 66 88 18 48 35 85 3 5 30 95 66 80 87 23 34 21 49 50 42 79 11 96 97 22 56 22 39 95 94 36 53 77 62 37 10 78 11 50 84 22 7 62 3 1 92 12 69 55 42 47 26 41 7 37 56 36 
92 13 22 87 25 80 68 27 37 32 5 65 88 55 89 55 34 20 76 87 36 33 91 2 16 93 76 19 63 25 90 47 44 81 60 11 75 38 52 88 39 6 66 95 73 25 100 9 90 31 41 69 56 98 45 91 90 21 51 75 22 43 3 88 19 44 68 32 34 41 31 80 36 68 60 87 37 41 72 93 78 37 37 26 23 90 85 59 22 67 49 88 5 72 25 92 11 28 95 94 56 46 18 31 5 76 93 38 17 57 32 89 62 92 67 16 80 96 71 31 57 79 27 59 47 36 1 58 33 81 45 52 47 82 42 29 66 20 8 53 47 62 85 95 9 18 81 53 96 81 18 13 19 56 38 56 99 71 26 63 93 94 2 66 94 15 54 96 15 46 94 86 76 54 77 30 38 41 32 64 
97 95 11 14 85 24 16 58 98 1 80 74 89 77 11 67 14 32 90 90 5 84 86 60 13 78 24 18 67 62 27 68 4 55 12 26 47 39 80 71 50 61 5 0 7 97 84 71 28 89 39 5 29 92 25 27 26 64 39 30 82 41 17 99 13 44 66 96 4 29 2 33 28 79 85 1 44 43 52 17 55 4 85 58 26 6 18 31 41 80 32 41 16 3 32 74 71 17 3 67 8 38 10 48 48 76 11 62 23 42 78 29 62 50 97 16 83 63 17 53 63 48 61 53 45 10 81 15 4 93 14 91 1 87 20 54 100 83 54 18 11 27 7 32 53 38 7 18 43 65 52 95 45 74 61 54 88 8 10 57 51 67 19 33 36 53 30 76 36 26 98 43 32 94 95 36 28 23 21 5 
36 14 10 35 94 57 100 53 8 74 63 52 27 67 87 78 79 95 66 64 65 71 21 92 58 33 41 20 35 72 72 39 59 51 57 42 4 9 67 6 22 46 37 98 97 16 49 32 45 85 36 40 85 5 64 55 2 11 62 27 14 1 32 28 88 25 54 51 39 14 93 15 32 97 71 82 77 9 66 65 41 72 60 10 24 2 57 87 67 81 43 62 26 13 52 45 35 23 9 79 100 81 85 56 79 74 49 16 5 18 59 21 44 46 25 37 36 30 75 34 76 41 83 46 37 39 86 42 16 71 28 63 3 9 41 57 61 62 37 16 50 60 89 9 55 66 3 77 76 93 83 72 6 4 80 10 44 27 74 60 33 25 61 95 13 94 90 8 93 35 30 78 9 1 54 32 26 42 12 12 
83 14 76 77 59 89 50 28 26 40 45 40 35 28 36 95 5 96 52 1 32 45 42 2 16 86 7 33 0 73 77 25 4 64 76 65 17 43 100 56 1 12 78 63 18 94 72 64 58 83 15 5 29 5 14 14 100 74 24 99 96 73 62 15 76 18 31 3 1 89 48 36 37 12 42 64 51 43 32 15 12 64 1 71 36 25 41 38 41 74 38 49 12 19 64 54 29 66 81 60 76 51 90 41 7 34 10 90 2 40 47 77 75 53 94 17 8 22 94 63 98 88 6 71 75 89 46 62 86 99 23 77 87 7 52 29 45 26 53 68 83 53 78 44 13 96 52 32 77 14 71 41 17 34 45 33 98 80 19 33 70 95 28 61 51 46 21 2 54 23 78 23 89 66 43 64 1 77 7 96 
73 88 6 96 81 92 49 96 70 57 27 49 64 53 52 24 49 47 82 63 100 20 94 17 5 11 0 21 28 18 99 11 28 20 5 16 93 41 57 45 87 13 21 69 71 64 97 13 93 20 22 31 12 8 63 82 23 34 29 44 11 33 47 1 30 85 93 4 60 49 48 21 64 43 49 22 36 35 86 73 43 43 67 59 18 85 72 22 43 100 44 14 3 90 58 96 52 5 15 61 1 29 31 20 100 87 52 84 35 32 77 7 23 97 59 50 79 14 81 35 7 7 57 90 18 58 50 64 48 91 20 91 40 84 87 80 8 99 48 81 73 9 5 23 77 10 29 74 96 60 54 69 20 40 49 66 45 99 57 97 52 80 3 8 84 10 12 53 29 92 6 37 14 91 2 91 96 52 13 60 
55 23 40 51 64 32 16 48 47 47 46 51 50 45 66 45 96 4 60 59 60 22 87 6 8 82 41 21 0 10 18 56 77 93 67 74 70 91 70 95 14 75 86 58 45 1 61 65 74 75 55 6 48 57 2 32 36 65 3 92 69 18 38 10 90 59 46 29 79 14 69 32 31 16 32 13 38 47 15 8 80 100 46 17 22 89 83 91 73 1 7 82 95 2 26 30 64 29 42 35 38 42 22 62 42 46 13 33 54 66 24 78 33 34 42 88 50 87 86 58 61 70 73 88 76 4 91 36 43 37 49 52 68 73 8 6 3 20 57 36 22 53 23 3 90 63 34 83 12 23 99 54 49 18 56 57 76 13 4 66 64 60 22 37 72 47 83 5 51 74 17 44 25 49 30 46 76 43 24 28 
9 64 1 33 73 53 90 95 82 89 94 46 44 51 69 54 54 4 45 36 38 75 9 47 68 51 10 14 9 66 9 2 23 46 14 48 11 75 55 9 37 92 6 39 56 43 63 31 89 72 62 87 35 86 21 80 90 53 14 69 58 12 70 100 15 38 86 11 9 38 44 37 46 28 38 83 83 80 73 18 19 69 24 81 77 69 23 68 7 57 52 93 77 33 24 100 37 75 62 27 79 56 31 86 27 17 84 99 86 89 97 79 22 59 22 71 33 3 90 38 59 93 40 84 59 80 33 74 8 90 37 89 96 39 36 9 48 81 52 94 34 19 58 36 16 39 30 85 71 0 9 14 77 32 4 5 27 20 51 86 52 77 43 95 17 71 76 76 67 2 64 61 50 55 44 31 15 85 71 12 
91 51 81 15 86 21 97 48 59 95 30 1 7 67 46 19 38 91 22 51 71 45 9 22 52 81 41 59 74 63 46 80 84 51 70 11 86 78 42 94 100 25 73 38 78 98 86 23 17 84 68 10 40 36 70 7 11 15 82 62 37 58 38 6 60 60 45 94 74 66 96 16 13 99 58 61 13 27 58 2 94 79 25 19 4 2 97 72 21 91 81 4 36 33 60 90 30 94 99 75 89 76 19 61 60 95 62 99 63 26 42 31 46 31 9 40 17 100 9 3 65 44 83 22 66 86 93 33 18 71 56 58 36 74 88 41 88 11 61 91 95 68 79 48 18 64 77 70 57 6 86 10 50 93 60 37 92 1 3 75 95 13 95 2 12 25 87 24 61 63 68 76 82 10 15 64 48 100 29 32 
22 11 33 37 99 83 54 58 32 80 34 97 63 32 82 89 19 76 93 61 48 7 5 1 2 87 2 11 99 0 22 14 48 91 44 26 62 20 42 50 54 48 48 38 19 8 62 6 63 84 28 98 64 89 93 97 72 54 14 32 32 63 15 43 68 13 92 81 13 47 54 98 34 68 44 4 2 42 32 10 20 2 11 97 15 86 32 63 17 100 91 66 84 93 71 42 46 55 11 29 7 58 100 36 99 51 85 74 26 11 70 79 21 50 52 26 78 15 64 90 75 38 25 88 13 80 47 7 37 54 82 26 58 56 94 66 79 64 9 56 99 95 7 20 21 90 49 81 1 41 62 60 29 43 43 65 48 94 84 6 39 45 59 12 23 77 47 44 97 51 33 12 23 8 17 97 70 89 73 31 
67 97 22 5 36 72 76 55 82 1 15 38 78 35 38 11 5 47 10 71 71 50 73 50 89 31 65 100 58 55 11 32 91 23 69 34 55 86 40 15 52 52 38 17 2 73 44 36 100 7 33 59 39 94 11 35 28 87 99 57 58 24 51 1 28 80 27 29 68 60 82 83 23 68 35 61 97 12 53 7 9 0 98 66 39 33 91 29 88 43 37 51 18 39 60 19 15 29 48 20 17 92 53 69 24 71 34 59 48 95 96 24 58 18 41 31 56 73 0 77 63 82 23 89 99 54 95 3 39 12 57 57 64 16 76 46 66 24 13 42 36 52 41 98 8 55 18 48 71 41 86 72 83 14 27 81 60 38 59 51 76 33 17 74 77 1 2 44 22 80 15 19 29 81 68 20 100 36 22 2 
28 5 57 82 44 36 17 62 5 25 69 77 25 26 22 79 2 59 10 8 37 90 90 77 80 90 92 89 51 4 57 60 52 41 42 60 63 59 85 60 1 76 13 4 78 91 48 34 49 73 9 55 70 72 65 30 23 99 39 63 19 55 74 60 88 97 11 1 26 97 31 90 43 88 68 93 22 21 100 73 17 25 52 8 65 44 10 55 7 29 34 58 44 74 56 43 44 32 65 88 32 4 65 63 56 61 95 36 26 64 41 21 4 52 5 40 19 38 45 71 78 44 69 62 98 3 41 45 70 37 44 31 32 62 11 51 1 96 15 41 61 48 17 80 46 51 54 53 21 17 69 31 31 97 25 33 71 2 28 22 10 14 22 47 87 86 51 40 92 76 70 85 64 60 26 53 32 50 68 56 
51 86 32 56 73 93 9 26 18 10 92 83 86 71 97 50 63 47 71 87 48 89 50 24 18 36 76 73 41 89 20 69 28 47 41 38 95 60 54 100 96 98 92 89 89 56 53 13 81 65 92 27 83 86 57 42 21 64 84 2 56 40 35 34 68 82 23 67 29 51 27 77 2 31 83 47 25 27 92 15 21 33 21 70 66 87 62 8 47 97 16 20 10 17 35 73 17 86 56 94 36 66 83 100 98 96 80 32 71 53 54 80 70 86 48 86 63 31 5 52 22 49 30 0 86 76 47 41 26 53 4 32 25 80 53 92 26 27 41 96 79 26 60 54 1 1 46 27 85 63 42 79 21 37 30 58 39 3 4 22 74 60 3 33 42 6 25 17 41 92 47 72 18 21 28 31 77 41 90 66 
79 37 72 75 59 71 59 30 55 94 64 12 4 84 36 40 97 34 12 84 6 34 20 87 45 28 62 46 61 72 99 74 48 43 24 47 51 50 83 75 52 63 10 6 67 96 32 100 96 9 58 8 3 49 22 13 66 42 57 68 5 13 61 35 29 93 4 68 43 48 13 73 24 46 83 13 79 58 44 13 54 55 34 47 46 63 3 74 35 63 62 57 17 28 37 100 15 61 90 32 38 40 80 82 60 35 6 67 18 92 17 44 48 67 69 36 4 90 28 64 24 44 17 73 11 99 91 50 33 94 63 90 23 93 21 82 1 66 80 76 54 57 6 6 5 57 29 29 98 62 82 49 20 27 26 70 51 17 71 27 90 57 59 91 99 19 34 25 93 61 27 59 8 99 3 29 96 21 61 81 
70 7 31 57 57 26 16 73 68 37 29 51 15 75 17 4 44 31 99 42 52 26 73 91 86 58 63 67 68 94 66 97 91 67 42 53 91 56 61 22 81 78 88 38 69 29 83 10 56 59 78 29 19 82 23 42 40 24 49 81 87 80 29 83 98 75 41 91 54 82 13 3 22 23 93 40 77 18 30 21 16 74 1 48 62 41 50 41 80 28 17 9 4 89 79 17 6 57 90 70 72 88 28 85 85 98 99 42 100 96 96 24 1 56 49 37 22 15 57 66 70 86 60 11 87 12 74 96 10 49 75 0 67 15 80 48 2 57 59 64 24 80 79 87 23 20 52 45 78 59 70 84 6 41 33 47 9 85 10 42 32 40 87 32 47 12 13 66 67 14 38 98 69 70 11 2 66 33 64 95 
39 48 44 63 13 61 80 67 14 96 16 53 1 28 33 69 63 73 37 76 73 98 49 94 71 89 48 26 55 86 93 27 14 90 77 61 65 27 10 74 84 34 39 65 83 64 98 85 72 25 82 65 33 53 7 25 68 65 51 67 46 15 77 24 19 9 93 26 90 93 30 97 30 18 8 90 6 49 77 21 24 53 40 41 81 13 50 53 62 70 89 10 65 17 54 59 5 89 78 65 41 82 23 26 80 38 1 34 43 13 13 59 1 37 14 43 78 74 2 47 18 60 36 97 72 38 79 46 69 92 29 59 3 31 68 19 34 80 31 96 75 54 55 37 88 36 62 65 83 90 90 75 26 82 100 36 57 85 22 96 100 66 95 41 78 34 1 86 17 49 66 48 54 9 52 92 40 19 14 68 
44 99 59 69 15 9 48 1 28 19 51 69 20 40 26 21 60 50 40 75 5 33 22 47 63 66 7 1 65 24 79 44 93 12 18 87 51 97 25 32 3 69 7 39 44 71 37 79 40 67 74 89 27 40 27 60 46 44 48 77 87 11 27 74 63 94 21 56 21 42 53 73 15 79 0 72 32 71 18 8 30 11 75 71 54 48 23 12 22 33 52 70 16 76 13 10 33 52 47 62 21 67 53 74 73 45 9 19 42 8 47 1 54 37 27 92 25 30 47 10 87 21 64 14 9 29 95 67 73 54 30 82 99 56 18 61 47 98 44 0 79 46 16 64 67 13 82 36 97 33 68 100 16 97 78 37 87 45 46 83 100 79 92 51 56 8 19 99 90 17 87 60 33 5 98 30 72 11 70 69 
51 52 74 50 0 61 32 11 61 24 91 6 63 29 91 90 65 64 2 16 82 5 69 75 25 15 88 5 58 40 24 48 41 76 5 8 46 90 62 88 61 43 14 7 75 4 94 40 9 44 15 64 51 45 71 28 85 51 65 80 21 71 64 26 43 40 80 61 100 72 92 58 16 9 46 3 38 28 80 13 33 83 51 69 23 73 72 100 79 68 46 57 44 77 75 15 2 58 74 54 15 96 60 59 89 100 65 40 100 3 63 38 36 93 70 54 35 40 42 40 7 38 12 67 95 48 56 96 0 47 41 54 82 3 78 48 38 94 99 5 63 65 25 48 7 54 47 61 8 16 43 94 44 2 49 58 84 71 5 47 69 2 0 41 11 23 21 51 17 23 71 82 79 15 74 19 35 74 55 11 
41 94 62 69 1 59 99 60 37 80 58 33 26 36 29 94 49 84 77 31 60 15 64 86 58 62 70 59 17 66 65 1 89 100 46 48 87 88 77 40 55 69 83 16 100 25 95 24 86 10 76 48 14 16 98 35 6 26 94 19 97 57 84 59 93 93 55 90 31 36 25 14 93 87 28 77 39 50 42 4 85 25 94 25 5 53 92 24 42 14 0 62 33 37 7 88 48 81 24 84 63 79 68 46 52 18 14 88 29 61 41 45 12 6 16 82 81 35 16 90 72 22 7 14 29 79 51 3 35 84 15 6 9 12 96 5 75 68 8 69 83 84 80 13 58 95 74 64 99 18 60 81 91 86 13 99 11 23 22 67 84 42 17 20 37 42 45 78 65 50 57 87 21 62 50 34 7 87 15 1 
87 48 89 33 69 1 4 24 14 64 60 6 86 98 19 100 34 59 65 88 21 56 61 48 26 55 97 83 68 74 26 93 35 62 6 28 86 10 61 66 43 93 93 94 30 73 49 42 62 60 48 65 39 67 27 36 72 3 17 15 85 97 17 92 12 69 14 37 59 96 55 55 28 95 87 33 59 18 3 97 52 42 67 87 45 23 50 40 100 51 92 100 79 91 47 86 43 43 61 69 70 74 21 49 34 73 58 76 59 61 13 2 11 69 53 97 67 55 52 17 14 52 94 25 24 58 60 100 78 52 18 61 45 88 28 57 10 11 12 64 69 80 2 90 82 93 7 8 18 91 55 1 74 2 29 35 40 70 17 18 43 71 77 44 73 12 76 22 35 16 47 24 2 62 35 35 37 96 87 10 
68 16 90 47 49 16 79 23 79 72 94 1 15 38 93 52 62 43 92 72 32 12 77 46 13 43 54 17 80 17 61 53 79 44 83 83 64 56 28 66 45 24 35 26 63 92 10 76 96 70 11 89 58 89 45 11 97 1 39 73 78 69 25 65 5 16 76 61 63 65 79 13 11 63 10 96 0 74 46 87 62 78 97 81 76 74 29 99 28 20 34 52 16 86 94 98 24 100 60 9 38 53 5 46 0 12 32 81 87 50 50 70 28 96 43 48 17 41 44 36 88 44 33 53 75 5 63 91 76 55 55 81 27 15 49 40 51 66 35 9 96 83 7 85 79 83 21 5 13 88 75 21 19 16 70 66 91 17 44 5 37 15 29 61 70 89 17 28 6 98 92 79 95 69 51 42 63 28 95 15 
90 63 85 38 60 94 99 80 94 5 8 48 78 78 43 21 58 68 71 72 92 94 56 55 66 80 90 83 4 66 22 49 75 97 7 59 81 92 23 90 95 28 84 36 37 96 75 35 14 4 6 90 50 64 43 53 97 3 13 37 89 26 57 38 5 65 92 64 14 42 10 69 51 67 53 73 67 85 60 67 30 13 49 0 29 25 46 72 85 81 69 80 68 98 32 30 20 85 80 87 77 1 58 80 26 15 19 61 97 53 73 53 32 17 35 34 39 82 38 37 20 18 62 41 17 16 95 74 84 24 12 7 71 0 50 78 4 10 20 25 1 47 78 33 76 50 66 46 22 8 75 63 43 68 2 22 30 50 45 39 62 81 65 87 81 79 37 16 24 60 4 48 41 15 25 35 36 15 84 57 
14 53 39 14 53 25 1 48 90 50 7 94 48 59 48 32 14 3 26 63 54 28 44 100 52 67 6 77 45 10 7 43 1 41 1 43 19 17 81 35 36 28 25 46 59 74 9 95 54 77 12 89 97 34 87 83 44 4 13 44 51 22 81 54 19 79 85 60 18 82 76 53 10 45 3 43 20 36 23 55 68 18 26 85 10 56 52 83 99 28 45 48 22 45 56 5 37 24 36 38 52 49 46 50 89 29 13 70 34 22 36 0 94 53 63 19 39 39 13 30 37 43 53 46 41 17 16 23 5 65 11 29 63 97 38 44 85 67 96 49 10 52 99 7 37 46 56 24 60 71 50 64 74 33 9 49 77 33 53 12 84 66 16 0 97 81 32 48 17 63 90 8 90 34 62 85 70 57 25 67 
48 93 18 91 97 1 37 16 78 52 10 0 13 20 66 53 93 66 62 87 3 91 50 57 27 82 23 23 98 97 6 17 5 13 53 27 17 59 40 71 59 18 64 89 22 81 58 51 25 88 6 86 57 61 80 72 53 7 15 5 17 48 91 76 55 57 41 18 10 13 24 84 93 83 97 71 22 99 17 42 78 64 35 3 34 47 70 20 99 68 58 61 30 65 59 10 54 57 68 19 16 70 96 42 47 27 57 78 62 57 93 88 85 31 31 21 54 49 36 67 60 67 84 57 43 84 74 1 80 57 61 86 13 2 73 67 50 39 57 3 56 71 73 44 58 15 82 8 85 66 18 94 55 33 32 10 100 18 36 22 45 75 70 43 73 76 92 94 90 5 3 26 18 26 17 14 84 74 75 50 
51 61 98 49 50 88 50 97 70 0 43 98 11 62 65 12 20 53 17 19 86 90 40 10 8 21 30 28 71 29 96 40 85 43 8 94 92 77 28 94 25 47 60 14 85 55 45 74 28 54 11 96 64 85 73 53 62 7 57 82 46 3 58 50 81 28 58 37 56 49 67 73 4 65 27 79 52 78 10 7 97 30 94 75 49 43 17 47 77 92 27 43 30 15 99 15 77 2 43 8 50 41 79 28 91 82 58 0 86 72 77 41 28 97 30 55 68 3 90 46 61 75 84 96 71 60 24 85 44 81 40 53 13 73 81 43 27 15 90 26 23 43 55 89 73 66 55 26 67 10 1 70 23 14 17 49 96 17 52 53 24 92 35 26 94 2 83 94 82 37 23 96 82 14 74 100 56 28 32 88 
42 1 12 69 70 13 16 31 61 71 82 24 1 83 22 77 43 95 3 43 17 26 49 29 65 51 73 88 27 46 100 6 91 2 95 88 96 97 40 62 46 67 76 36 48 73 67 49 1 87 93 36 27 49 31 91 38 75 43 44 40 65 79 97 100 25 77 34 94 89 99 48 41 54 45 55 2 65 82 10 79 38 99 27 38 48 70 39 14 61 26 95 75 95 61 86 85 22 80 95 1 61 10 21 90 47 41 84 94 43 0 57 87 61 61 19 38 50 74 12 51 10 1 95 36 70 18 53 4 25 67 94 97 55 89 79 32 45 69 69 97 36 24 56 41 29 73 81 25 11 26 46 92 64 52 26 40 46 7 4 23 33 15 47 16 79 46 34 98 82 65 48 58 17 45 7 81 79 40 60 
57 67 57 90 4 88 10 92 38 82 98 53 92 38 87 98 13 8 38 67 74 35 30 68 29 78 73 21 52 62 23 16 32 73 62 95 45 87 42 35 95 68 70 16 71 40 6 13 51 49 93 23 91 1 35 89 96 80 48 87 62 41 59 35 1 33 65 75 98 81 47 80 40 84 29 15 82 49 48 100 60 34 88 56 16 36 15 56 21 45 75 14 69 11 38 2 97 47 59 44 31 45 7 54 33 11 65 45 56 83 30 28 2 82 9 36 28 53 82 28 41 47 1 46 57 42 3 13 43 28 81 40 67 6 35 77 98 41 61 78 31 19 37 45 82 18 69 1 45 51 41 29 53 72 14 17 1 54 27 98 63 98 73 42 55 12 26 88 70 70 75 53 77 39 23 3 22 77 25 89 
94 14 87 66 18 64 38 0 1 60 15 67 25 62 78 37 40 54 19 22 79 87 68 85 29 54 39 64 29 8 64 57 34 78 95 35 18 53 73 4 11 15 72 40 50 83 41 90 16 18 7 17 34 17 26 98 5 55 90 30 65 83 6 63 65 46 23 92 66 31 48 63 70 12 51 66 96 29 90 73 5 71 23 2 63 95 43 40 31 55 38 38 18 57 90 71 40 84 29 40 2 21 34 77 52 54 63 58 69 13 9 84 70 83 51 0 88 58 83 3 27 85 3 37 54 9 39 44 9 70 39 52 43 24 92 40 50 2 69 0 45 92 58 60 29 72 38 33 88 67 14 48 83 21 50 52 71 89 6 62 97 73 87 36 42 29 71 76 94 95 96 12 68 41 26 76 27 0 99 52 
83 40 26 95 36 70 47 30 8 73 22 24 46 11 30 9 71 48 52 39 80 33 60 66 15 32 91 79 38 3 39 12 2 98 58 23 80 87 65 84 5 14 21 58 92 23 33 36 77 34 42 99 11 96 1 91 53 56 9 7 46 35 73 5 11 60 49 57 82 87 80 23 93 51 84 46 77 22 34 61 12 83 83 0 62 14 33 38 6 17 22 88 87 29 75 4 53 29 32 89 32 98 65 36 6 6 54 8 32 55 3 96 22 79 15 18 29 78 51 98 65 53 8 23 68 73 66 93 54 55 40 100 0 73 21 77 4 58 55 90 49 82 9 80 88 69 1 53 72 39 59 58 46 32 53 51 34 99 52 50 92 92 64 79 62 72 91 2 73 76 29 50 58 28 18 37 42 9 92 98 
47 78 29 3 4 16 41 58 91 44 70 16 38 17 8 31 68 61 34 53 98 76 63 30 92 35 85 59 46 15 17 10 16 98 0 35 81 74 100 21 51 65 70 66 59 47 49 60 45 50 82 85 18 7 21 77 83 92 69 67 88 72 2 24 33 19 9 30 29 65 29 23 83 41 65 19 98 60 67 97 27 14 54 4 73 45 63 95 17 7 90 44 52 1 67 56 21 60 74 57 79 93 100 79 72 55 33 61 18 51 78 14 86 53 2 74 66 73 57 47 87 11 3 69 93 20 41 76 41 15 78 26 60 40 21 79 92 23 16 4 96 36 75 92 97 70 56 49 41 98 76 79 60 69 88 41 36 31 12 1 90 2 36 30 89 49 4 58 5 55 87 58 15 61 49 96 13 87 64 63 
79 49 98 26 70 89 37 51 42 42 48 67 91 100 17 62 1 32 90 30 88 24 1 0 13 90 34 16 7 38 19 16 56 62 38 11 82 43 38 5 86 83 46 39 75 22 10 54 42 70 35 38 99 93 60 61 69 48 28 84 100 79 0 57 81 93 63 76 0 69 33 4 47 74 62 89 79 31 88 46 65 37 82 40 4 26 69 70 95 64 55 85 25 20 9 29 2 85 59 10 8 48 27 1 63 39 8 86 62 97 7 41 18 74 98 27 47 60 50 35 49 19 13 2 96 26 58 96 27 4 81 95 83 63 67 97 24 96 90 50 46 33 92 51 39 87 84 10 69 86 53 62 34 90 5 32 48 93 70 32 21 83 99 76 30 34 88 68 24 13 8 87 13 73 57 46 51 17 2 100 
66 88 13 12 43 11 65 35 69 87 47 39 70 45 24 31 22 99 92 81 19 43 64 67 49 29 82 77 20 31 21 19 43 47 15 15 13 1 99 89 18 1 99 88 19 93 2 1 4 8 73 19 37 4 30 83 30 96 27 65 70 64 30 25 5 20 10 57 92 89 2 48 87 95 45 74 63 50 43 85 75 77 100 97 17 5 66 85 6 92 93 100 96 22 16 32 54 74 54 44 98 40 57 40 19 79 0 61 82 37 57 16 53 84 59 70 14 72 59 28 52 25 42 9 58 20 85 35 5 99 90 29 90 50 96 27 53 34 91 69 81 16 100 78 39 76 18 32 40 58 7 84 31 3 62 28 31 3 29 99 98 86 87 21 22 83 92 67 70 37 49 13 29 6 8 96 2 54 66 58 
57 37 16 50 95 49 24 93 31 63 4 29 0 66 1 13 80 45 47 7 22 68 96 38 89 39 75 58 92 25 44 83 66 92 76 25 83 33 16 97 86 13 36 74 62 94 50 77 67 97 45 97 35 63 55 91 89 99 9 97 100 61 91 98 85 79 86 99 86 12 77 60 87 24 35 47 94 9 50 56 70 51 93 46 53 27 49 9 35 64 32 92 41 41 76 73 55 44 43 36 19 89 70 36 6 5 34 51 12 68 19 20 30 53 72 77 42 74 70 25 94 69 38 37 79 88 92 12 95 2 82 42 79 35 42 62 68 44 80 27 59 93 68 97 15 97 46 42 2 81 27 85 47 87 91 11 81 78 89 49 51 94 97 97 5 25 66 66 5 71 92 78 17 67 55 21 78 83 78 7 
70 83 46 28 94 91 42 96 96 15 51 49 13 64 22 30 2 89 99 85 63 20 42 72 63 41 80 55 3 96 13 56 87 7 52 21 77 48 66 87 9 15 41 1 39 72 70 19 79 67 85 28 54 31 78 71 27 96 0 77 54 0 40 75 4 12 18 56 62 20 78 92 6 63 48 66 33 54 100 94 1 4 0 25 88 23 11 88 90 20 43 25 97 12 100 67 43 95 69 40 26 61 27 91 87 72 13 11 43 83 72 58 21 85 39 67 99 31 85 63 24 67 5 16 28 100 46 55 54 4 73 28 16 71 77 66 49 56 46 4 94 16 94 72 46 29 67 51 98 36 19 11 56 86 59 91 73 58 90 35 63 35 24 34 100 77 87 93 91 21 79 40 87 84 64 68 45 10 81 61 
71 67 75 51 70 75 53 25 2 60 38 72 60 24 100 53 78 3 52 21 6 83 93 34 70 18 36 91 24 4 34 70 79 88 95 16 89 66 94 59 92 39 17 4 67 66 45 43 47 14 6 11 14 57 31 28 73 57 55 64 87 66 29 95 41 64 59 35 86 98 91 79 85 51 29 74 11 86 24 76 62 79 25 30 81 55 33 96 18 93 50 64 37 87 42 26 16 92 67 49 34 81 49 71 89 76 71 39 35 31 8 0 58 98 47 24 60 52 30 62 56 83 74 20 75 80 57 83 83 49 98 93 98 91 14 26 48 87 94 83 97 18 37 39 24 15 96 5 76 22 79 95 20 38 7 61 51 85 7 69 4 41 0 94 74 6 14 50 65 41 95 54 72 40 26 19 41 83 5 47 
54 82 21 13 21 9 100 84 97 79 40 78 16 60 87 88 90 22 63 91 84 59 51 64 91 35 72 14 66 96 36 92 87 46 53 38 6 74 71 69 77 19 7 3 9 97 25 41 33 28 21 57 77 18 35 1 65 77 91 31 39 21 76 54 54 14 72 21 43 31 69 81 9 84 9 20 91 71 55 97 35 99 49 14 8 41 88 82 80 6 53 4 84 47 60 3 81 64 28 61 24 56 64 76 1 58 5 63 29 13 100 29 47 6 100 92 60 81 3 0 93 24 36 26 52 49 84 52 87 19 44 47 95 23 32 8 62 36 6 52 73 26 50 83 24 63 18 25 26 73 60 72 55 40 20 61 1 46 100 41 47 73 54 41 43 46 40 93 88 46 4 59 49 86 58 73 46 66 36 67 
85 46 71 61 95 76 9 28 65 25 12 19 45 13 59 78 20 84 30 5 42 68 21 25 32 32 64 75 69 77 89 36 29 18 70 36 25 95 70 64 100 90 57 79 34 78 56 61 10 18 14 47 15 88 20 74 7 94 21 76 40 88 24 61 40 18 68 16 71 9 95 86 47 33 34 16 5 32 54 59 25 58 76 31 36 71 58 99 72 85 11 68 53 33 94 16 14 24 31 57 79 44 44 67 63 61 73 65 40 48 97 1 49 84 56 83 1 65 96 98 11 40 2 44 85 56 46 78 58 73 82 15 58 61 21 99 65 96 45 3 23 7 97 76 100 32 25 36 46 58 73 52 31 58 56 56 40 30 12 22 65 72 74 56 42 23 52 23 78 94 93 91 73 19 72 16 70 58 59 40 
57 98 49 39 70 50 73 95 2 11 37 20 47 56 21 69 98 44 93 27 62 86 69 33 100 9 16 84 17 74 59 89 2 91 57 44 66 44 15 97 71 39 73 37 88 83 96 38 65 38 80 98 48 95 25 33 38 91 65 0 12 43 51 5 36 89 51 46 57 68 2 78 96 12 55 52 70 95 12 14 67 30 54 18 43 5 24 29 86 38 43 61 79 3 56 63 56 65 64 84 5 73 41 65 55 97 46 20 92 36 87 56 20 9 43 66 40 7 43 69 36 73 70 67 83 17 91 100 58 69 41 95 71 77 46 7 21 25 91 3 19 50 26 12 24 5 56 76 47 57 96 47 79 90 67 84 74 68 16 39 55 20 85 85 48 82 93 9 51 21 98 11 99 29 5 54 82 41 39 1 
45 100 30 98 56 95 30 2 17 60 15 79 62 96 50 80 51 54 81 25 36 24 27 30 67 83 9 100 89 100 77 57 30 63 56 48 58 17 22 76 47 1 69 9 80 67 26 61 53 99 49 3 29 27 99 13 32 76 99 69 36 51 28 2 85 16 40 94 43 93 86 6 92 73 2 82 18 75 44 53 16 27 53 72 85 8 42 57 74 57 38 98 80 50 79 4 39 4 5 31 90 98 33 66 4 33 8 11 23 57 38 48 6 100 7 88 75 25 69 56 90 50 79 39 96 37 9 72 90 41 93 9 95 82 62 55 96 43 14 71 80 76 83 82 13 66 71 33 44 27 65 32 32 86 37 38 42 18 67 34 100 89 51 22 25 92 45 83 8 78 16 71 78 62 40 96 25 28 37 46 
35 23 68 71 46 34 79 33 61 93 49 36 64 74 7 34 78 98 58 42 43 5 79 54 26 24 41 34 56 66 35 4 84 33 24 43 46 22 15 76 96 31 62 92 58 46 47 22 35 33 42 19 72 87 38 73 6 92 35 93 88 0 81 78 50 56 95 9 86 2 5 81 27 83 85 29 46 36 73 60 77 58 91 83 25 42 0 14 82 65 68 45 38 99 44 28 68 40 48 19 69 29 64 22 82 69 18 41 46 43 77 23 73 78 68 6 36 5 88 89 82 16 66 37 19 72 93 58 23 0 80 18 89 76 45 86 85 72 64 47 35 90 80 74 72 86 66 77 41 49 1 81 95 3 94 69 12 99 12 60 55 18 49 13 91 70 37 68 46 87 73 85 82 15 59 40 69 92 52 40 
