160
160
56 84 84 87 52 46 82 94 13 28 9 97 87 20 34 60 90 14 45 14 40 43 32 33 39 35 53 1 70 71 14 76 36 67 4 18 89 3 60 63 50 43 90 34 23 100 40 39 52 46 62 46 3 80 39 2 17 22 13 23 91 82 15 2 24 88 74 70 61 29 4 19 68 25 64 41 7 30 96 11 57 67 18 1 16 4 17 91 10 97 38 86 38 37 71 85 22 80 91 28 4 52 79 39 43 31 5 96 72 77 23 15 48 84 46 1 55 45 78 6 92 92 56 21 63 2 52 6 5 53 82 59 80 73 12 11 65 45 62 67 49 59 46 47 29 50 39 32 93 42 49 43 60 14 51 62 65 94 100 68 
11 86 95 51 15 21 17 48 56 54 49 16 89 81 9 69 70 74 60 47 16 17 50 85 89 7 41 65 21 10 78 48 83 84 70 67 17 62 95 84 4 51 100 61 25 25 86 24 26 6 47 95 92 64 77 49 96 22 77 10 83 11 13 33 74 21 31 28 85 88 8 18 47 26 72 69 23 62 27 78 55 10 9 34 64 63 38 41 30 54 84 77 64 39 98 95 45 11 73 80 83 27 72 85 15 79 82 100 59 71 7 13 53 3 92 67 42 97 42 68 96 5 24 20 3 39 36 86 32 6 6 86 60 33 51 71 33 94 15 24 3 35 16 12 12 11 88 37 48 10 75 74 25 37 77 21 68 33 85 26 
16 92 93 7 8 28 31 50 62 50 74 98 46 5 2 56 53 34 21 89 89 48 23 17 100 79 33 22 60 46 44 28 46 56 65 10 91 19 15 27 51 57 61 46 44 84 93 85 12 99 48 44 11 93 28 73 39 90 49 14 4 64 22 95 9 9 1 30 35 63 32 10 28 2 100 91 31 85 15 34 15 47 43 6 27 65 83 59 81 81 30 86 48 1 31 68 79 72 87 97 48 38 21 49 62 80 12 86 2 47 96 75 17 44 46 57 35 10 19 75 55 99 11 18 33 35 33 82 26 65 84 94 37 29 47 62 15 74 53 47 56 60 87 92 2 81 40 17 97 48 11 62 63 98 2 59 5 25 30 72 
30 23 48 59 80 51 50 88 10 51 83 30 49 39 43 79 70 73 62 39 19 98 36 42 22 7 15 54 26 17 64 62 44 81 20 56 10 67 18 33 74 0 36 75 76 95 44 3 5 65 0 70 32 71 76 25 25 87 88 62 95 11 63 23 16 56 42 20 9 19 12 75 46 60 9 34 51 17 51 89 20 56 55 53 50 48 86 30 90 17 64 36 66 40 73 90 73 58 90 57 47 86 23 22 18 59 84 30 30 2 21 42 87 28 23 7 24 30 61 9 69 22 42 31 99 71 11 8 47 73 49 44 56 40 75 9 95 39 3 57 85 10 94 51 75 48 52 82 17 35 76 37 14 40 56 6 95 94 3 45 
14 45 60 3 2 76 29 93 61 41 48 16 66 56 84 71 46 45 66 16 71 62 5 69 83 79 39 45 21 80 61 31 73 10 9 49 4 96 74 99 71 52 28 83 33 36 56 31 13 35 32 72 71 100 15 71 26 19 56 36 67 71 62 42 24 78 43 71 85 54 28 85 97 6 50 49 34 12 83 89 15 91 88 22 49 17 84 7 22 48 58 24 79 22 29 12 98 16 53 26 43 84 75 51 44 15 75 86 37 50 98 35 39 59 46 84 4 12 37 42 33 21 39 36 32 83 52 83 46 13 91 54 70 97 68 45 0 55 30 58 29 37 74 41 97 92 22 99 35 94 74 39 68 61 23 49 57 97 20 48 
87 57 35 28 77 95 73 23 8 8 81 78 69 53 36 92 32 96 17 80 79 69 37 79 51 100 18 42 95 83 35 64 36 58 67 37 59 39 6 50 88 83 71 57 27 100 98 9 75 40 12 33 90 68 56 81 60 57 74 50 23 28 29 52 86 94 38 94 69 25 60 47 15 42 55 89 54 68 20 42 46 73 20 43 65 93 92 42 71 73 47 76 12 68 62 11 19 20 56 5 75 24 49 51 23 40 10 95 49 27 71 97 25 35 53 80 35 4 53 82 30 68 42 52 40 96 72 42 6 67 82 67 6 82 21 63 3 2 91 37 79 61 63 37 83 94 9 94 83 38 29 37 28 31 35 34 26 93 77 67 
63 4 73 18 99 15 17 37 96 89 43 15 37 23 4 72 20 75 57 30 28 27 51 31 57 45 69 54 12 15 11 23 1 88 94 71 9 27 100 94 12 45 35 85 70 81 67 74 57 91 45 12 42 98 46 5 44 4 43 76 27 58 99 66 5 52 4 27 22 29 99 76 27 50 4 55 40 4 18 91 38 34 3 27 14 1 28 38 82 88 89 79 0 84 64 20 100 99 0 1 60 5 79 23 64 38 10 78 15 76 62 90 51 41 8 42 82 25 46 16 35 88 86 53 55 45 18 53 78 36 80 49 92 65 85 21 8 16 74 76 82 84 35 100 81 57 79 36 2 93 27 58 61 22 80 85 40 25 72 46 
45 89 62 13 84 86 61 21 17 89 69 75 0 54 96 57 15 81 84 89 4 79 38 80 16 92 65 25 97 79 4 72 50 6 6 98 49 38 10 52 80 89 85 58 90 31 37 73 94 35 63 22 53 88 25 44 77 0 90 87 52 76 93 50 65 84 3 54 5 13 33 90 76 14 93 11 44 93 45 35 80 15 92 89 68 13 82 16 96 23 55 81 26 40 55 88 11 10 85 40 94 35 15 3 25 59 59 80 28 82 82 3 24 55 12 76 12 84 62 47 69 60 56 64 22 50 69 46 33 16 23 48 89 70 56 46 97 81 66 95 64 67 37 22 52 82 14 39 45 42 23 78 49 70 40 77 86 53 33 56 
92 11 11 40 66 29 11 51 56 50 55 92 42 85 98 94 80 25 65 26 62 53 91 60 72 6 81 40 64 14 65 99 70 1 34 56 86 82 55 96 82 77 32 51 54 70 69 22 36 61 48 7 83 0 93 70 65 14 33 58 61 82 32 80 93 69 19 71 12 51 90 4 84 93 45 37 87 80 21 91 42 18 95 46 83 19 36 79 36 66 85 35 95 11 35 44 21 72 29 28 9 68 33 34 1 16 12 7 70 43 56 61 30 30 76 31 63 43 27 71 61 27 33 30 65 45 24 55 33 87 48 14 83 81 98 73 84 48 1 4 21 85 95 78 71 86 64 28 3 75 20 40 9 7 93 32 46 42 81 29 
9 29 43 44 35 71 67 32 23 48 5 26 26 18 83 65 13 54 36 54 7 3 74 98 22 84 82 67 83 64 12 82 75 71 41 15 31 53 23 71 9 100 35 91 84 98 17 58 25 72 78 83 98 100 19 4 28 22 92 99 49 68 95 20 100 92 39 89 100 61 67 52 81 0 50 10 55 12 47 67 13 43 54 32 25 15 49 18 25 80 2 45 4 3 74 56 53 51 48 3 59 87 95 80 77 21 97 38 66 78 6 42 90 61 33 72 49 82 92 2 11 20 7 59 75 9 71 97 82 42 67 13 47 48 38 56 55 78 2 21 61 92 26 30 12 52 7 57 13 85 59 61 52 83 34 17 86 85 97 79 
97 62 35 66 69 38 74 66 27 78 56 88 68 68 62 12 4 46 98 7 94 84 33 5 21 75 29 58 65 40 37 100 71 22 55 35 39 72 27 6 95 5 74 64 45 9 46 10 88 94 25 20 7 2 10 83 88 27 66 2 67 78 87 81 87 96 60 17 18 62 54 66 86 51 40 9 89 51 84 22 87 57 55 18 63 14 1 74 89 100 74 42 60 56 61 97 42 11 63 8 74 89 73 37 54 75 96 94 49 48 32 14 80 1 63 32 19 100 93 2 19 63 15 72 85 74 76 58 53 5 25 39 69 56 98 12 57 90 66 90 14 75 59 66 95 57 40 36 56 53 45 65 54 35 15 52 62 75 52 19 
49 84 0 2 16 93 99 1 76 8 45 59 25 72 42 27 23 69 34 81 6 51 3 58 70 57 23 81 40 88 65 45 49 14 93 66 79 30 54 23 4 20 94 76 88 29 97 44 51 14 32 75 85 90 25 6 82 35 3 30 8 66 63 0 24 42 68 47 78 54 15 22 52 29 88 60 36 1 27 8 16 26 73 31 38 39 73 59 95 1 13 37 24 38 2 2 22 2 50 68 43 22 92 99 72 76 96 47 90 81 55 0 81 37 69 44 4 65 58 11 81 99 98 19 76 50 89 43 92 69 94 68 54 18 21 73 15 81 14 64 4 9 35 19 96 26 27 68 59 10 72 67 97 70 30 9 98 65 37 49 
66 28 65 89 79 7 39 51 75 53 50 49 22 17 88 64 10 84 99 15 73 45 61 72 3 16 67 59 73 17 14 53 36 89 37 11 72 89 92 29 94 44 14 62 47 97 82 15 51 75 91 88 6 21 22 93 35 74 60 53 51 54 20 34 100 67 26 40 61 16 81 94 26 64 21 50 23 49 66 46 11 42 24 82 76 39 97 97 67 40 71 59 43 92 81 96 73 78 52 78 33 40 23 98 41 30 93 76 28 19 14 73 81 40 15 91 49 44 63 44 44 32 12 8 9 34 46 24 94 51 43 17 72 36 3 8 81 43 37 91 1 59 76 74 33 43 38 66 52 6 18 10 5 73 79 51 51 2 21 21 
44 31 40 19 79 8 58 97 63 52 62 33 89 25 30 31 75 40 40 23 60 79 2 16 68 31 5 68 93 50 79 10 25 52 86 83 100 58 75 72 38 68 20 24 62 39 81 8 57 21 23 47 87 61 73 4 54 17 8 52 2 71 13 42 64 46 22 53 60 100 91 67 13 85 22 74 10 92 37 98 73 13 27 36 81 92 30 6 0 9 73 6 69 28 79 57 81 10 100 36 83 94 48 45 47 31 53 43 23 71 76 30 63 88 77 71 44 98 12 47 10 41 100 98 77 83 15 37 25 46 85 48 48 68 90 98 57 100 4 53 74 81 32 37 37 63 24 32 34 23 32 42 59 43 72 59 10 40 91 40 
40 78 46 32 84 52 46 87 84 36 72 27 94 69 2 90 4 60 36 53 98 29 86 1 37 43 72 94 12 70 20 46 40 60 65 27 5 36 16 6 66 93 10 41 53 46 21 93 32 66 26 38 25 0 82 54 20 89 1 65 19 67 57 37 95 11 86 99 45 17 79 90 83 82 51 73 1 18 14 86 36 58 56 14 22 71 73 88 66 61 94 35 26 54 66 91 69 2 81 82 9 87 80 14 40 3 56 0 34 61 25 14 16 85 5 93 93 64 50 79 61 54 19 52 100 27 80 25 86 77 54 76 68 36 57 25 0 69 61 31 49 5 12 78 66 87 79 91 51 83 59 78 89 94 29 97 97 0 77 6 
78 66 57 26 69 100 1 40 24 34 42 36 42 53 76 39 34 77 89 41 75 64 86 20 80 38 45 73 89 85 31 49 2 88 51 32 80 94 69 21 66 82 66 26 69 8 49 11 93 14 75 2 12 51 4 15 36 45 75 77 72 100 67 100 61 1 39 58 79 81 34 27 42 52 88 53 96 69 5 91 46 8 11 100 78 8 26 65 47 55 34 87 16 94 65 80 8 87 27 100 6 22 82 63 13 20 19 38 37 44 22 49 56 7 19 63 61 82 71 29 93 35 2 15 53 11 88 34 81 39 9 93 34 12 86 27 24 49 95 67 40 83 16 77 96 44 58 27 47 89 82 73 83 29 49 0 69 38 38 76 
96 50 76 40 56 53 42 58 67 5 31 40 61 7 84 17 31 85 31 77 24 50 65 69 56 79 18 53 86 0 79 31 76 17 4 67 68 96 2 35 37 0 57 71 91 88 96 97 9 82 31 92 32 19 92 74 51 85 35 41 34 7 68 58 10 61 99 86 61 0 25 34 65 100 17 1 28 30 55 94 34 36 90 22 89 38 7 4 89 64 81 29 78 11 90 96 57 99 47 34 54 24 42 69 25 79 66 40 1 74 41 42 39 80 14 65 92 8 85 22 86 99 16 41 87 67 65 44 96 86 49 35 18 12 84 20 46 55 96 0 22 7 38 97 45 95 8 82 3 55 72 78 50 63 45 100 27 63 96 59 
32 99 88 32 60 72 67 54 72 75 9 88 6 33 16 50 35 11 60 27 93 52 32 90 64 34 57 98 43 98 25 98 5 92 77 78 18 82 80 52 91 25 33 29 0 83 82 12 1 46 34 29 32 58 66 9 10 98 45 27 49 75 22 96 34 67 68 85 77 37 69 59 62 28 1 53 20 78 18 91 57 99 27 4 67 37 46 65 81 10 19 68 97 48 78 32 77 36 18 15 78 35 78 87 86 70 28 75 45 59 71 30 83 82 55 19 21 34 21 16 67 11 48 37 75 89 11 39 36 95 43 39 41 15 6 47 51 44 45 47 25 41 15 41 55 54 79 64 64 48 63 13 68 37 72 35 20 43 31 56 
97 23 30 60 93 89 80 46 37 70 69 0 82 18 92 59 14 52 74 68 26 76 51 52 86 77 61 54 34 92 69 77 64 63 10 67 46 5 21 39 1 67 57 15 11 65 95 19 2 70 60 76 45 99 79 42 11 44 34 19 49 7 70 99 76 26 64 59 10 72 11 69 29 36 46 65 24 26 84 74 14 78 70 91 17 24 62 66 13 34 12 93 0 30 63 7 55 99 21 59 45 34 68 14 76 0 17 47 83 23 46 59 51 76 48 50 79 86 89 80 6 28 53 61 62 85 26 75 34 89 11 100 89 70 6 94 96 100 74 10 36 54 16 84 53 53 19 86 39 28 68 35 15 38 78 79 44 98 98 67 
80 28 27 12 15 87 88 53 11 89 5 35 82 67 77 100 49 84 95 66 78 10 74 25 100 64 15 31 58 88 1 62 81 4 71 73 73 0 8 53 35 0 20 5 39 23 84 39 90 49 41 65 16 19 27 100 23 5 84 3 8 75 37 1 64 3 11 87 14 46 67 75 45 75 91 23 44 8 89 82 66 25 98 38 86 64 65 3 87 49 18 9 46 98 93 43 6 19 7 76 70 29 75 36 84 78 85 56 84 68 92 67 44 73 89 78 34 21 72 76 39 26 19 52 85 68 35 47 40 60 37 34 82 65 23 90 48 76 48 15 45 92 63 5 64 15 70 32 25 75 2 27 36 20 34 51 25 21 41 42 
31 40 15 18 24 77 46 57 37 14 64 88 94 50 90 96 39 14 76 97 22 57 67 30 17 87 56 26 32 78 92 11 46 76 37 51 40 96 96 17 93 68 30 35 26 38 91 63 52 3 21 54 41 11 92 46 92 67 75 97 41 82 53 83 22 29 5 49 88 48 1 61 33 3 84 54 57 88 28 52 58 39 23 66 17 42 59 23 99 90 64 73 71 8 28 73 96 97 75 18 47 47 5 93 22 51 89 0 2 39 75 97 17 40 67 50 64 26 75 13 56 53 74 34 32 47 73 23 38 11 14 73 43 45 29 1 78 35 92 31 21 21 66 59 25 90 28 93 42 68 99 27 63 48 31 14 87 92 94 60 
76 41 32 52 97 70 62 50 74 83 80 36 54 47 86 22 37 48 85 40 30 40 39 18 24 52 64 69 95 100 61 87 42 58 48 5 11 73 97 49 9 58 90 58 92 86 51 57 99 85 60 30 6 19 14 68 69 99 62 51 19 36 42 27 93 41 17 59 62 69 2 96 66 25 22 76 24 73 62 78 34 64 88 32 9 88 8 82 100 32 58 98 56 51 98 64 37 0 79 9 64 27 95 25 60 83 69 60 41 22 82 100 61 65 84 21 19 56 37 91 87 48 91 20 73 6 23 0 76 55 69 15 71 43 51 85 57 34 7 89 71 20 83 32 81 22 14 19 4 22 19 26 74 15 88 65 14 99 14 50 
70 72 60 39 90 0 35 76 20 97 45 47 83 99 96 1 67 6 58 40 80 2 56 78 70 24 79 95 59 21 8 13 58 13 37 64 21 52 18 63 14 2 70 6 0 16 46 88 44 34 51 25 33 46 10 67 95 19 82 47 93 9 69 30 1 83 64 58 22 40 76 53 31 44 1 99 30 36 98 41 11 96 59 91 84 35 35 64 52 21 88 56 48 35 12 100 27 86 9 32 3 3 11 37 77 4 34 63 96 100 39 28 99 40 82 45 100 95 17 78 20 78 39 24 46 39 41 58 46 14 48 40 100 57 12 84 66 86 13 27 55 26 46 92 84 77 97 75 48 3 5 84 29 12 90 84 94 83 51 88 
10 6 48 97 22 36 64 89 72 95 91 75 3 99 88 35 94 28 74 33 6 74 66 66 80 57 74 78 100 8 93 67 81 14 58 5 59 70 29 77 71 22 69 88 47 12 48 86 19 72 10 53 75 55 64 4 82 25 50 96 65 71 86 13 38 15 42 0 41 1 61 20 9 45 97 31 10 26 30 33 9 95 95 21 65 85 39 44 39 26 50 100 24 25 35 11 26 39 79 61 53 30 49 92 90 5 11 49 0 84 87 2 60 93 4 66 47 65 5 18 5 92 79 11 2 22 89 5 82 64 4 93 13 2 4 93 1 68 93 96 54 60 92 19 4 56 31 87 77 99 59 84 85 35 60 34 75 22 87 34 
39 88 4 62 43 0 44 19 92 28 92 46 92 58 85 19 21 70 11 58 68 8 23 87 89 16 18 17 92 95 17 24 65 83 99 60 12 17 6 49 100 1 8 69 94 0 32 44 73 5 31 19 17 37 12 80 39 81 56 37 23 80 59 93 14 98 54 51 48 0 14 56 47 83 87 20 33 93 57 33 14 31 16 35 36 75 41 76 84 2 8 100 68 50 28 83 37 69 56 86 77 98 35 13 86 99 90 47 14 9 99 75 47 97 69 37 93 42 3 15 77 44 61 2 33 33 86 40 15 93 38 37 61 56 60 37 24 44 17 6 47 50 74 47 24 19 79 74 2 45 64 0 92 99 77 42 83 54 12 8 
6 51 69 93 53 89 41 39 66 52 97 79 98 26 4 92 62 88 6 1 84 87 77 59 12 24 37 6 78 29 3 41 6 86 66 90 20 69 34 75 30 42 62 76 61 12 8 62 7 44 88 99 62 13 19 76 83 18 42 40 36 79 19 94 32 89 21 22 25 81 22 51 52 33 36 31 16 45 55 36 55 13 84 83 84 39 20 97 62 80 41 84 26 91 41 14 50 75 13 74 30 64 37 86 86 35 23 49 59 73 65 52 19 96 53 50 81 98 73 43 22 84 46 12 10 32 15 21 36 39 87 62 24 70 85 55 62 36 65 34 59 11 80 72 96 41 58 89 32 61 41 16 51 79 8 72 91 59 98 20 
11 13 97 26 62 76 83 95 83 85 19 47 92 41 62 83 26 24 32 57 17 66 47 7 45 57 50 66 61 54 64 5 70 71 2 11 8 58 16 96 45 24 70 73 96 21 33 17 82 33 11 25 90 31 58 30 35 23 95 56 5 78 86 88 64 81 31 68 26 40 19 69 43 99 8 32 36 23 29 17 61 32 27 16 20 85 82 62 99 33 29 89 89 29 28 88 46 85 54 83 55 0 70 94 40 35 50 67 21 83 3 23 87 16 2 90 99 5 98 0 60 7 5 82 99 11 46 88 32 13 27 13 73 46 0 10 92 95 1 32 55 43 74 56 42 8 92 29 0 35 62 45 95 72 51 94 62 86 66 48 
49 61 47 2 68 6 88 72 73 46 77 63 93 100 96 87 92 23 39 3 35 97 47 72 91 90 52 63 16 71 72 6 98 43 33 18 9 69 55 98 89 11 33 11 5 61 91 63 55 42 62 17 26 2 52 29 48 5 96 75 67 8 55 41 28 36 58 30 1 95 47 95 74 89 100 38 82 64 82 83 33 57 79 80 64 82 36 42 38 49 44 64 72 54 6 80 26 69 68 57 16 73 93 90 23 74 46 40 39 8 94 86 95 1 34 52 83 27 93 95 29 77 69 73 86 43 21 30 92 22 39 7 97 81 17 55 61 99 41 57 96 63 72 71 19 13 45 99 51 59 22 1 93 96 16 40 23 17 32 91 
30 66 14 51 42 85 18 80 1 20 83 9 60 20 26 6 89 35 29 92 35 48 99 0 44 52 71 94 15 1 81 41 37 51 51 36 11 49 95 72 72 39 71 44 60 45 86 88 23 84 83 98 62 4 66 100 42 12 40 97 93 60 64 90 8 89 48 9 77 25 98 60 12 92 92 62 64 61 61 94 4 42 45 77 77 66 71 57 73 40 11 93 60 4 35 74 94 57 33 79 88 57 67 89 44 61 3 65 80 62 42 84 47 53 93 49 30 64 44 31 7 90 2 19 59 77 75 11 34 16 7 70 79 74 5 50 74 83 71 88 22 54 63 71 85 84 75 22 48 35 95 3 87 53 59 72 82 84 37 63 
18 83 77 69 65 31 95 48 44 61 25 56 30 40 4 6 98 26 56 78 7 53 92 66 56 40 70 47 78 1 92 98 45 17 69 30 27 59 43 93 49 56 50 25 17 49 21 14 31 51 27 20 84 97 34 66 75 21 68 46 89 21 21 57 13 97 98 31 48 27 82 88 58 7 78 99 69 4 79 56 88 41 41 33 11 31 90 23 9 100 42 40 6 64 72 5 46 80 73 5 3 33 37 26 11 24 51 48 92 16 100 23 99 66 47 39 25 42 98 94 36 20 61 31 91 8 81 88 78 72 1 80 95 87 41 74 52 88 2 44 15 33 93 25 83 54 82 58 7 92 10 53 31 11 21 65 76 2 94 46 
87 66 84 92 100 1 61 68 22 77 87 55 92 26 21 86 73 71 56 25 11 41 14 22 11 92 43 71 13 65 27 95 8 13 48 49 73 8 81 12 69 54 31 33 94 49 53 61 82 11 28 96 44 88 43 96 74 49 25 12 85 74 69 66 36 2 8 56 94 34 59 26 44 35 84 18 43 13 91 42 87 62 88 87 8 16 61 86 75 22 46 45 8 15 25 23 9 39 61 63 32 79 25 48 57 43 77 74 16 65 83 44 58 77 71 17 51 68 38 7 10 97 10 3 64 39 4 10 99 23 15 4 64 89 85 25 40 45 62 36 36 61 30 65 57 62 40 23 91 49 77 20 29 43 8 41 21 0 91 28 
75 86 35 68 95 24 46 33 79 92 3 7 75 23 21 90 52 18 81 56 97 18 54 52 61 69 43 34 3 82 31 87 69 28 67 62 70 79 77 35 44 34 58 26 48 50 88 45 85 35 43 40 46 53 9 76 69 53 45 60 28 55 19 33 69 0 81 22 41 87 51 57 65 55 9 87 76 35 66 42 47 25 26 51 15 54 0 6 32 2 41 33 6 96 60 5 46 2 58 92 49 43 54 16 12 88 66 94 38 83 92 40 1 17 76 32 29 2 43 39 25 58 86 62 70 32 70 23 66 48 29 69 39 88 38 69 79 12 32 69 69 37 22 38 19 60 18 33 0 3 75 46 60 0 80 97 69 43 27 35 
28 71 38 60 42 67 94 93 62 52 29 67 17 12 75 37 35 67 93 100 87 91 10 24 95 80 52 42 35 4 85 73 41 34 11 31 52 85 1 85 50 70 20 68 56 4 68 29 92 83 5 70 2 92 85 74 31 93 56 26 95 70 72 46 47 79 24 41 38 23 25 72 97 47 27 61 3 39 45 89 40 84 75 11 100 45 57 12 30 55 0 50 23 13 40 7 49 16 98 98 70 29 5 29 14 76 36 85 7 47 84 61 22 68 33 84 17 60 31 9 27 82 59 82 84 70 42 19 13 28 10 1 62 64 43 39 30 47 99 9 62 44 95 82 7 56 7 91 67 77 27 79 44 46 99 30 59 60 82 90 
41 74 63 72 74 37 27 53 71 84 24 40 71 13 100 39 35 68 28 95 79 6 20 2 84 24 25 57 9 86 24 53 17 20 57 56 58 18 54 87 9 17 11 12 69 59 64 88 0 81 15 18 31 72 69 64 40 80 42 74 15 58 12 47 62 76 68 18 88 1 18 31 66 25 77 60 24 42 29 29 71 32 79 52 17 37 47 24 25 13 8 20 39 24 9 54 74 41 99 27 1 52 5 40 50 54 95 17 79 35 58 14 91 43 1 46 52 64 11 50 70 69 59 65 33 7 13 36 87 11 20 67 28 33 23 64 34 4 19 35 62 88 37 100 85 62 62 52 36 84 29 71 96 62 59 87 15 64 35 52 
7 57 26 60 91 47 45 78 45 56 98 3 75 14 71 98 53 73 60 86 13 27 21 79 4 25 25 34 79 12 99 65 31 38 100 52 61 94 2 100 25 27 5 24 2 3 22 38 89 18 41 41 50 98 29 57 65 25 29 49 6 49 15 9 40 89 47 27 15 78 30 87 100 34 47 47 76 85 23 30 84 99 13 54 95 38 39 1 50 80 5 37 94 82 84 99 2 92 50 80 14 75 56 23 1 58 67 49 48 71 73 34 25 38 15 9 80 7 32 57 53 21 42 53 60 34 80 30 21 26 42 1 17 47 14 94 35 42 92 83 28 80 16 0 5 74 90 47 34 48 95 18 51 55 68 13 85 2 30 93 
20 82 77 94 51 71 62 33 81 10 78 92 33 48 88 75 53 37 35 75 94 36 51 99 60 69 20 84 57 69 0 7 42 28 39 67 33 26 81 80 17 84 14 30 36 22 7 53 95 44 6 78 13 71 37 44 68 79 44 64 82 50 72 46 24 53 21 24 65 73 48 26 42 82 64 74 72 95 16 26 85 44 56 52 4 59 90 29 2 92 85 8 83 94 14 56 62 58 88 45 84 91 78 10 7 40 60 49 60 11 20 98 83 33 79 100 55 63 36 94 54 18 59 9 26 50 42 65 13 94 12 31 97 33 13 19 10 40 2 69 50 77 20 28 21 88 34 63 46 77 53 1 78 46 10 37 75 71 57 72 
73 57 26 98 60 94 38 42 83 66 24 51 68 70 62 5 8 16 26 46 78 10 13 67 32 29 11 25 85 8 61 39 14 8 44 48 15 98 66 44 41 37 37 56 52 46 28 49 64 66 43 11 22 81 23 65 64 74 44 63 32 51 81 58 70 63 62 72 91 6 6 19 22 59 92 30 57 85 68 26 74 33 86 71 84 100 88 88 60 74 85 9 95 76 17 18 15 52 3 94 91 74 70 75 20 63 94 93 43 49 1 4 67 42 87 1 17 34 36 64 71 98 10 78 47 78 67 92 49 37 51 84 89 8 47 9 54 9 6 16 81 80 73 65 54 42 91 15 92 24 51 71 54 3 50 49 60 55 10 19 
33 53 19 71 99 3 55 98 74 45 53 38 21 22 82 3 69 16 83 55 30 48 93 10 28 22 2 56 24 100 49 29 70 35 32 47 78 81 91 54 72 3 43 35 71 22 98 18 33 72 76 29 73 46 87 90 60 35 45 17 56 23 31 24 48 70 5 1 14 62 43 35 69 77 60 96 9 63 37 29 89 20 12 48 31 44 46 17 6 20 1 29 16 86 22 76 3 92 59 87 27 46 70 34 15 4 1 57 62 27 33 51 78 28 81 55 28 42 20 40 35 20 83 73 81 93 80 49 87 32 11 75 52 38 2 62 26 56 32 68 17 20 77 93 75 61 0 62 53 88 47 46 22 99 66 84 55 59 78 50 
90 32 76 47 1 16 47 45 81 68 66 37 28 69 26 45 12 22 2 27 12 16 95 98 48 52 17 92 94 73 70 13 36 5 2 23 43 4 34 78 3 95 74 85 91 78 75 21 100 32 70 63 69 47 45 82 43 81 26 46 64 39 84 6 33 34 88 20 90 50 74 6 13 30 94 29 24 51 2 7 84 1 85 70 3 49 37 85 73 8 73 70 50 36 53 44 52 58 75 67 79 18 87 2 1 15 62 91 97 58 90 10 33 78 64 27 26 5 23 93 33 65 97 82 85 20 93 50 59 100 91 24 57 95 37 61 50 93 84 33 92 90 94 80 20 61 46 56 41 28 33 62 58 57 49 94 3 79 75 27 
73 92 5 83 82 15 72 62 26 16 82 30 46 4 99 68 24 72 5 56 75 58 17 49 72 53 77 71 81 56 81 44 54 43 68 42 68 64 1 88 55 54 24 76 74 50 27 30 30 3 19 89 66 78 87 87 100 29 15 97 73 32 3 44 14 80 59 24 4 16 10 85 75 80 39 69 83 29 47 18 37 45 37 98 90 1 90 87 4 59 9 34 45 70 33 65 49 4 27 51 87 70 67 43 65 71 75 99 72 60 18 87 69 48 43 84 68 75 13 72 23 11 71 18 88 21 59 69 25 51 80 29 49 26 46 22 17 20 92 71 93 34 35 33 55 32 19 66 14 16 70 80 75 69 90 6 69 28 14 83 
36 87 3 55 97 51 62 53 16 84 37 97 24 82 50 58 0 1 74 49 4 54 3 87 69 58 54 38 15 65 78 39 74 71 15 0 20 90 2 99 43 44 37 42 22 10 50 74 35 60 91 20 83 79 7 11 21 46 61 85 92 63 100 96 8 46 75 24 95 43 22 47 37 10 33 51 82 0 23 87 30 90 13 81 12 60 18 12 16 85 13 12 0 49 4 69 73 44 92 4 39 41 88 65 33 95 23 85 32 0 63 64 79 59 46 37 87 71 13 91 42 33 19 33 52 27 74 62 2 26 68 0 64 5 21 39 20 54 82 97 15 84 1 49 99 8 43 65 67 18 100 51 84 32 83 72 61 29 57 83 
36 42 54 34 3 55 6 5 38 24 16 78 48 73 30 33 0 99 35 36 35 35 47 29 19 16 83 84 62 57 89 9 98 99 48 27 66 33 34 28 29 32 21 1 84 10 33 49 21 31 80 0 19 8 3 79 42 88 55 55 6 71 61 92 62 28 40 97 87 58 43 95 13 91 21 94 82 76 0 66 76 18 48 84 91 11 7 45 17 100 26 100 56 13 71 61 33 55 30 73 36 91 37 22 39 95 29 100 12 93 33 7 81 26 29 56 54 26 16 50 82 68 32 73 84 50 70 10 81 1 74 100 46 49 72 28 72 0 20 2 87 32 63 36 53 92 26 46 70 80 49 86 72 0 42 4 32 11 10 77 
19 46 65 92 36 77 90 6 56 57 88 59 62 97 46 90 70 63 93 0 50 92 27 39 5 47 22 7 9 52 25 21 76 79 22 14 34 26 0 43 10 90 71 11 87 52 59 68 72 70 16 49 75 13 50 57 19 22 60 73 84 40 65 81 56 43 36 93 19 50 98 86 87 20 95 59 37 58 94 54 31 4 100 83 9 90 48 71 69 85 84 32 82 21 31 62 5 74 28 66 62 8 59 52 23 58 62 52 4 69 33 7 12 41 38 61 82 57 48 94 29 95 4 98 83 81 3 82 57 32 92 20 70 26 10 40 3 99 17 33 62 76 77 49 64 36 5 92 10 0 33 56 13 100 74 35 94 55 78 44 
74 27 24 6 94 86 21 52 2 61 77 68 1 63 54 13 95 22 89 87 63 45 96 37 89 12 43 51 96 56 63 32 37 25 43 52 92 96 93 2 18 82 91 86 55 20 30 24 3 30 73 3 66 63 92 17 53 32 60 14 58 61 20 92 91 12 62 69 59 78 11 69 87 57 68 24 79 57 8 97 54 50 85 84 35 28 59 69 3 56 99 86 42 40 60 67 23 67 1 85 55 77 55 10 1 63 18 8 87 28 20 79 25 85 19 70 91 94 49 48 15 82 64 40 24 84 37 26 52 37 91 57 50 53 65 72 24 49 0 46 29 96 6 76 51 65 60 77 28 59 63 74 89 82 36 56 82 68 88 83 
14 92 13 95 50 96 31 98 4 23 30 35 49 94 53 72 11 22 4 72 42 78 93 28 100 24 68 9 69 18 12 31 94 98 51 0 93 16 78 16 20 42 18 32 22 29 22 97 90 11 15 100 15 17 62 24 55 20 72 62 99 97 86 39 47 8 69 30 99 95 56 82 96 54 21 29 98 76 11 24 69 33 14 57 71 83 85 81 43 22 86 99 71 4 75 3 57 94 37 94 54 40 76 1 85 35 95 81 81 62 59 41 10 8 24 69 54 14 26 47 42 10 38 29 54 98 94 92 94 91 0 45 67 48 1 60 8 16 69 51 40 63 3 98 83 17 25 0 48 98 81 54 89 57 27 30 88 62 60 49 
20 89 53 16 56 29 26 54 60 1 46 68 31 52 96 22 37 52 91 58 45 96 84 46 47 24 12 93 46 44 98 18 48 12 68 25 62 20 92 68 27 67 74 60 17 99 32 90 99 73 57 80 59 45 9 97 42 83 75 79 17 65 4 2 81 52 33 47 85 5 83 32 86 30 63 69 66 52 47 10 85 93 41 16 24 0 61 30 34 89 0 79 51 44 27 35 85 92 1 100 96 52 11 85 77 56 39 48 37 47 92 77 15 52 49 74 21 0 0 96 1 5 69 32 60 10 11 23 38 5 35 2 55 23 72 27 65 80 98 97 18 60 29 76 70 88 41 46 68 79 44 74 38 59 64 48 62 49 77 46 
48 37 31 93 0 52 75 12 89 49 4 28 76 6 19 76 68 49 46 70 20 75 90 96 66 24 38 42 5 49 67 82 28 20 95 0 56 22 5 45 24 89 75 81 1 57 61 89 99 76 76 15 19 87 24 46 35 95 97 23 25 9 63 7 87 7 33 60 77 27 11 51 41 96 8 56 4 61 9 84 79 23 14 78 95 51 90 35 62 8 82 7 83 64 65 9 56 94 98 93 74 53 80 66 3 71 73 65 90 59 88 45 72 46 59 98 46 8 88 43 62 12 54 55 77 89 55 58 69 45 58 87 19 39 77 71 4 60 35 63 68 93 5 17 32 92 11 22 45 25 64 57 76 76 18 57 66 11 92 100 
1 66 93 40 58 39 82 66 60 98 30 40 75 12 51 53 28 45 63 88 52 84 35 100 88 23 41 84 63 99 45 59 24 22 76 15 50 6 46 7 89 82 100 15 39 63 69 73 29 52 25 3 3 80 85 96 52 14 100 30 62 38 72 12 6 88 64 37 40 48 51 87 38 77 51 7 62 73 45 94 56 92 21 7 65 20 39 51 57 15 19 67 34 2 82 96 59 11 99 40 14 90 22 27 30 19 15 76 7 43 9 93 33 49 45 74 4 33 78 15 66 99 31 23 33 71 69 64 4 9 39 83 100 36 38 92 61 3 64 70 13 97 82 26 15 83 40 48 68 90 92 65 69 13 70 15 60 44 11 53 
69 53 58 59 33 83 46 67 18 35 100 67 0 7 60 35 22 21 11 42 12 78 42 50 84 74 96 64 72 61 31 9 40 48 31 18 96 53 8 35 25 49 64 25 71 92 89 87 88 9 96 91 23 39 36 52 78 10 63 49 64 47 99 83 44 0 4 38 42 97 100 77 97 22 28 31 13 36 37 88 5 86 67 42 18 80 77 31 0 57 25 79 42 65 92 61 85 64 93 32 50 47 72 41 99 74 3 24 94 27 70 39 6 42 74 57 61 89 34 18 99 7 51 29 91 93 0 8 6 1 15 16 22 47 24 78 58 7 2 1 75 95 85 75 89 85 64 87 67 35 0 14 70 32 64 55 62 86 53 79 
28 11 17 58 84 50 60 79 21 43 69 66 99 62 44 80 0 84 53 7 33 56 85 82 22 73 86 68 1 86 13 95 65 43 24 4 42 74 81 49 83 56 58 97 14 92 52 32 74 5 34 5 18 93 33 62 67 23 16 90 39 78 82 25 94 70 100 12 10 30 63 33 17 36 38 58 65 74 64 25 33 44 87 45 42 51 31 14 8 71 99 64 43 78 67 3 47 63 47 64 52 8 79 42 60 35 64 78 100 60 76 53 39 79 11 9 54 20 28 37 43 91 59 73 82 15 72 57 4 33 36 66 37 21 5 1 43 5 22 51 73 7 40 32 27 87 50 71 37 18 70 1 41 76 51 83 84 53 41 42 
40 57 52 44 98 14 62 27 12 57 60 60 73 2 60 8 11 38 99 41 6 24 7 8 48 54 31 13 62 33 90 49 80 13 41 13 86 91 55 9 56 36 61 36 26 5 74 7 79 100 64 1 14 87 30 13 37 87 97 89 49 64 18 51 72 71 63 66 22 41 2 50 60 18 46 83 70 4 92 22 74 9 83 27 24 41 3 36 83 94 94 90 5 42 58 63 32 72 53 75 63 57 92 28 63 40 45 14 72 55 62 75 71 13 36 42 95 43 25 93 81 28 9 14 93 66 61 96 90 33 43 64 55 27 49 24 91 97 24 73 6 7 46 88 2 67 26 82 81 81 23 88 72 22 4 51 16 79 0 5 
78 15 53 37 85 8 31 12 67 16 20 55 83 37 17 28 6 48 23 24 13 42 5 100 86 24 1 12 50 91 40 67 44 25 36 65 83 52 30 84 56 83 15 70 45 33 84 48 69 88 84 61 32 34 43 87 33 96 12 83 95 20 55 40 40 85 77 92 41 76 44 41 70 64 52 8 92 2 95 61 96 22 24 36 71 76 6 84 38 6 98 63 39 41 40 35 100 25 62 5 42 47 74 78 25 31 75 90 76 32 88 70 7 100 96 96 1 60 52 58 34 85 96 27 86 96 28 26 31 18 29 58 40 23 68 43 79 27 22 59 65 18 77 11 73 25 19 0 39 15 52 86 39 78 19 50 95 3 17 72 
74 73 72 28 21 47 45 13 25 74 100 54 99 80 97 98 49 31 2 34 12 10 59 100 52 14 30 80 22 10 79 63 13 9 17 89 72 92 25 94 35 24 84 67 58 94 5 40 78 93 12 72 86 89 55 8 2 0 24 52 93 53 20 81 56 47 6 65 71 93 40 12 74 55 73 7 12 47 23 5 64 91 40 31 79 26 26 12 87 97 44 10 99 19 18 56 0 65 46 5 49 57 39 45 84 100 84 45 12 28 69 94 16 95 36 97 20 50 15 70 26 18 95 57 9 5 58 82 95 34 64 76 70 92 23 21 28 78 78 85 92 62 81 33 55 66 79 0 0 64 25 13 40 43 18 65 26 21 30 75 
28 12 79 63 96 40 80 44 33 44 65 74 58 89 77 9 29 97 17 74 32 21 22 1 19 78 7 67 93 21 76 71 25 66 99 66 85 38 17 21 84 98 94 73 24 41 42 45 82 53 73 100 86 92 35 89 80 49 49 65 34 80 10 33 88 46 69 30 6 82 97 50 57 2 70 78 74 85 79 47 17 13 6 31 32 85 63 37 4 61 94 19 83 99 64 44 30 97 54 60 34 72 14 81 67 77 47 2 79 25 9 93 75 98 13 62 40 91 42 36 42 43 77 21 58 90 15 9 43 43 22 22 99 7 4 55 36 35 86 83 56 50 60 39 78 68 5 37 87 100 15 85 66 5 73 41 43 80 76 59 
59 1 10 85 95 47 94 10 32 37 83 70 58 2 82 81 65 56 96 89 99 53 8 47 70 30 2 37 53 6 95 1 67 0 31 97 33 56 1 52 50 54 30 97 43 64 26 99 13 56 78 15 23 64 46 43 56 92 7 70 33 17 25 76 47 8 68 25 89 80 12 27 95 59 79 60 69 31 82 52 100 21 39 51 97 10 9 4 25 20 41 75 74 28 55 58 44 91 51 53 69 39 66 68 27 95 68 88 8 44 93 41 9 0 86 28 29 81 80 100 70 93 72 40 76 13 91 3 54 77 53 96 94 6 1 76 67 53 74 79 39 23 15 36 75 44 71 89 44 14 29 66 88 12 25 12 83 23 35 49 
55 25 78 97 3 66 90 95 48 37 7 19 53 82 49 56 59 65 43 5 1 69 1 72 65 28 33 74 61 13 66 36 96 47 80 0 99 15 91 83 83 58 14 24 54 14 70 22 18 55 58 95 11 98 73 80 63 30 93 47 45 25 57 24 38 2 6 30 55 31 23 68 45 47 83 12 96 57 16 58 91 59 97 17 76 25 73 24 95 30 47 50 91 39 42 100 26 89 20 52 83 83 50 68 6 11 38 63 77 16 99 65 99 17 80 59 96 43 90 2 39 75 13 58 96 98 24 41 8 8 56 0 96 75 82 65 19 58 98 94 33 67 44 98 73 15 59 82 93 29 82 14 67 30 96 86 71 29 53 16 
72 30 20 91 40 88 83 30 27 88 93 63 38 0 13 97 13 22 47 67 70 97 86 76 90 46 100 38 51 98 81 2 30 58 22 62 84 66 79 8 63 51 2 83 7 7 89 25 15 45 36 23 50 84 69 58 83 10 48 25 28 7 74 82 10 3 58 48 8 88 36 42 78 42 41 47 35 39 63 92 11 23 83 77 52 3 60 21 33 39 80 83 66 36 36 3 94 61 60 17 40 11 51 34 14 81 80 69 26 40 29 97 50 36 51 34 64 12 0 2 75 23 79 24 58 10 26 82 77 55 51 82 85 10 80 12 21 30 46 78 37 62 54 55 49 68 61 45 36 44 41 31 92 89 98 62 19 43 29 95 
0 70 52 37 83 69 67 47 93 85 63 8 95 78 42 65 40 82 36 20 21 10 63 100 64 72 62 28 85 41 13 51 84 94 72 48 20 41 60 75 52 23 81 64 16 53 63 1 41 57 11 95 20 90 77 77 43 90 92 79 86 49 30 12 51 78 25 20 11 22 50 60 96 39 33 22 94 76 52 12 46 50 0 49 42 24 79 9 11 7 33 39 56 71 19 49 8 26 93 99 34 4 78 0 5 76 13 81 8 95 11 35 10 39 26 95 13 43 35 5 22 14 84 0 96 72 100 25 93 45 63 14 37 0 70 6 75 96 71 13 30 58 34 58 79 61 70 26 77 62 42 72 54 36 77 7 74 48 36 84 
87 67 16 11 88 57 72 2 67 55 77 1 43 48 14 67 62 65 80 40 77 43 89 5 90 35 44 82 58 93 21 18 95 67 22 86 92 41 97 72 6 55 76 79 77 58 36 90 76 50 70 75 62 37 42 47 44 22 43 71 51 20 82 82 96 12 48 3 58 70 69 44 45 27 71 96 54 77 33 60 89 72 26 28 79 0 65 31 56 71 51 53 56 1 75 4 94 32 66 70 75 33 68 50 62 84 1 41 65 62 95 99 13 20 1 29 24 56 46 8 5 15 42 77 66 41 78 7 90 81 51 34 17 21 89 32 1 74 24 98 90 60 6 34 6 3 79 35 73 64 39 42 1 32 30 26 61 78 54 79 
7 36 86 15 52 8 44 87 96 62 26 16 56 40 86 19 87 39 69 58 1 0 57 24 32 74 54 14 16 24 55 94 26 15 36 55 68 56 16 71 61 44 38 95 93 38 71 93 13 74 17 31 45 93 86 8 6 89 50 85 0 51 81 82 47 88 12 72 45 32 50 73 30 32 22 64 26 59 40 80 52 65 23 57 38 29 91 70 76 53 86 31 90 49 76 70 10 77 13 61 54 5 30 40 43 12 46 34 63 51 52 96 88 67 27 45 83 13 6 41 81 18 99 13 50 93 5 72 71 32 0 94 30 13 34 84 55 88 73 96 10 97 44 51 59 92 91 100 92 34 4 55 87 44 92 6 36 86 65 52 
74 22 93 87 36 70 31 67 65 46 65 36 37 38 95 14 36 28 54 77 84 95 46 65 6 48 58 1 62 58 45 87 89 81 32 56 90 61 14 82 0 30 51 93 9 2 79 95 94 60 54 94 51 15 59 88 24 43 9 60 52 45 94 98 97 32 72 57 89 27 52 99 0 69 66 52 5 5 55 95 68 29 67 11 19 0 90 28 21 97 54 19 94 62 66 83 23 49 37 74 23 55 7 84 22 89 27 79 60 52 92 25 87 32 96 57 18 33 90 43 3 17 91 94 72 56 67 56 93 100 59 60 78 62 46 95 35 87 34 10 36 52 53 69 0 62 45 22 51 25 2 16 62 61 58 29 77 75 63 63 
48 77 33 13 10 83 81 44 24 95 65 85 84 17 11 16 73 79 26 47 29 4 25 13 32 12 86 52 55 16 26 18 71 99 58 55 65 53 100 100 20 96 77 24 57 53 77 30 21 47 47 46 77 78 19 36 21 85 10 89 72 73 52 8 57 83 77 55 5 95 51 75 13 88 33 32 59 57 69 95 87 41 15 84 89 38 55 67 55 8 34 48 5 26 44 35 58 15 17 30 15 27 93 17 64 58 58 39 90 16 80 65 32 96 34 55 68 7 65 70 30 40 98 69 73 78 60 84 22 31 25 43 89 55 53 53 22 20 40 68 90 83 70 58 14 14 99 45 89 56 60 38 81 92 24 11 10 57 46 4 
86 41 57 89 81 14 65 82 63 81 67 12 8 27 54 45 37 67 75 62 86 41 98 32 22 34 75 90 56 18 61 35 76 6 15 25 26 16 2 56 94 87 77 46 30 0 98 61 26 74 86 10 34 2 24 96 73 87 10 3 9 48 88 55 55 18 2 41 83 51 33 84 75 79 50 4 53 83 37 87 20 24 46 32 37 90 38 70 16 22 12 8 71 75 51 55 17 5 86 69 58 53 79 17 57 31 0 75 53 8 43 96 15 25 28 60 66 22 68 48 93 47 43 99 86 57 100 22 94 37 9 81 92 80 47 37 70 32 6 83 16 97 100 2 34 36 80 99 94 23 46 57 6 84 61 93 74 16 35 40 
59 84 67 95 73 13 100 82 4 6 22 61 38 47 81 15 83 6 43 98 75 62 4 16 95 17 95 98 27 83 13 7 83 98 49 15 61 58 7 25 82 59 58 14 50 31 90 2 74 92 74 94 3 37 17 32 12 87 55 45 17 26 0 43 60 88 54 59 66 80 61 5 75 0 41 74 77 41 21 15 92 25 93 85 81 32 6 50 88 95 97 91 82 98 75 64 19 80 33 36 79 4 14 28 72 49 99 31 27 45 16 80 25 97 7 76 37 98 64 44 68 84 84 91 44 4 51 71 74 7 14 53 30 55 58 84 81 55 36 4 0 7 32 99 37 20 19 70 22 85 31 21 44 2 66 81 40 80 85 7 
24 89 26 94 66 79 48 55 96 93 6 7 31 48 28 6 78 21 1 26 74 28 44 46 87 62 80 30 59 44 54 65 92 77 19 82 78 46 43 64 77 85 45 69 1 47 79 1 90 20 51 24 26 14 55 27 28 42 20 88 74 25 42 76 93 85 96 99 90 37 91 28 69 59 75 53 5 91 85 29 54 38 13 68 3 18 45 44 81 7 83 4 57 91 100 40 48 19 18 68 30 81 41 88 31 45 42 60 22 26 26 91 34 51 50 33 41 86 10 82 78 62 96 40 69 24 88 28 12 49 99 23 84 1 1 78 91 59 87 78 29 60 47 14 45 80 5 85 24 70 90 44 52 54 19 34 75 82 97 85 
13 54 94 100 22 15 35 45 65 31 41 46 64 11 89 72 61 69 8 30 11 95 21 3 81 51 82 27 78 20 76 10 85 79 26 23 37 15 44 100 64 18 40 39 55 5 58 7 49 17 6 77 64 51 63 6 44 85 89 29 96 45 99 95 68 5 48 51 97 27 55 100 94 76 47 53 5 3 23 0 39 5 18 17 79 25 55 0 12 86 58 22 21 16 14 21 78 52 9 20 50 41 12 9 81 88 80 11 33 70 76 75 52 54 90 24 39 86 77 12 42 58 75 97 90 54 42 37 50 5 6 47 91 30 42 79 30 87 97 22 34 37 63 14 56 76 23 26 2 48 51 37 87 32 100 62 51 87 60 20 
92 75 44 13 78 56 39 60 84 64 87 7 67 59 16 81 37 83 11 34 49 31 39 64 42 1 5 50 64 72 75 61 57 14 78 64 1 84 27 88 66 18 26 24 15 46 73 12 52 17 39 17 60 80 16 19 96 41 73 85 33 22 17 93 56 57 14 14 20 95 37 62 54 26 22 57 65 88 33 49 93 79 18 0 21 94 12 99 84 3 29 80 43 42 87 34 3 35 38 32 24 69 1 55 47 66 87 30 12 87 65 38 23 69 77 55 69 92 41 24 89 32 55 95 75 16 49 86 53 99 3 0 75 29 35 47 62 72 68 76 47 42 54 12 66 51 45 73 57 91 93 3 24 88 58 89 79 7 57 86 
43 12 90 28 56 15 5 93 67 88 67 48 93 15 85 28 13 7 48 55 68 17 61 38 27 76 51 77 86 11 62 95 81 60 66 94 34 44 14 66 10 17 67 69 63 55 88 25 17 17 44 83 47 75 64 53 84 69 80 93 27 15 52 42 71 41 62 88 60 41 27 90 17 97 38 3 79 28 96 93 35 40 90 56 64 38 30 66 86 16 0 85 70 59 61 86 58 18 96 11 48 10 59 33 32 14 45 88 37 67 7 66 18 88 85 29 51 35 67 95 10 1 21 64 72 65 32 12 6 4 26 75 67 8 51 10 69 24 27 85 81 54 29 82 16 3 58 81 13 93 3 56 81 22 26 61 23 45 1 12 
88 2 41 33 55 31 40 68 26 16 74 85 75 90 74 5 97 57 99 78 73 36 98 17 21 83 99 19 45 95 44 8 81 91 79 73 26 34 12 22 93 95 65 45 13 90 91 5 42 20 28 21 62 58 38 52 14 45 56 53 58 5 70 15 92 21 66 77 8 71 83 77 10 82 57 80 52 43 14 52 10 22 59 49 92 80 85 92 34 31 39 31 43 61 20 98 97 74 30 45 24 84 70 4 54 47 91 40 75 56 61 90 74 32 3 3 67 57 99 14 72 91 45 52 71 32 84 43 77 63 21 57 95 4 61 22 94 9 86 4 0 62 4 30 74 12 29 45 78 71 4 77 49 49 65 63 75 43 16 71 
67 33 89 6 62 6 39 58 13 14 4 64 70 7 71 80 48 61 30 45 62 7 91 12 9 51 96 15 86 60 50 68 70 73 18 25 40 36 44 95 98 0 75 58 76 5 6 53 52 21 30 46 40 33 16 31 51 53 98 67 70 14 97 45 64 37 21 36 12 56 38 94 2 81 63 72 63 85 50 84 86 60 74 56 24 19 49 80 18 63 13 16 54 33 78 72 92 29 7 48 74 55 13 72 18 18 22 56 58 12 77 96 16 84 80 66 13 98 48 90 26 29 37 14 59 91 21 3 5 82 92 16 72 44 15 59 80 5 84 31 45 65 14 32 80 65 52 67 99 31 0 6 87 13 56 61 94 37 46 70 
71 58 47 8 12 22 55 85 56 65 87 24 72 35 81 77 85 46 98 95 34 46 41 43 19 4 72 3 70 38 8 55 51 63 66 37 67 90 50 70 95 95 73 75 63 55 71 9 65 2 49 75 36 88 13 42 76 9 57 2 35 59 64 49 0 24 7 38 46 52 38 52 24 23 72 71 61 1 30 1 95 25 46 91 55 46 55 73 99 81 87 65 37 74 3 0 16 97 13 21 48 17 50 5 60 78 5 42 79 55 73 88 99 50 68 2 43 49 16 30 2 38 71 56 35 60 41 91 63 87 88 79 29 36 91 23 78 79 53 98 20 46 59 95 98 60 4 29 79 18 54 76 51 48 54 33 23 57 90 22 
34 12 56 81 74 41 60 67 10 51 50 16 8 72 21 44 71 76 42 5 74 52 66 89 77 78 15 12 59 4 98 22 71 42 6 31 93 68 64 95 61 18 50 71 94 82 59 67 93 49 57 76 95 70 18 1 19 44 57 15 99 57 99 23 98 10 92 73 15 84 16 67 18 75 67 96 18 63 85 58 0 25 54 95 2 30 81 56 47 12 100 64 34 96 68 38 76 88 39 63 53 25 13 34 85 41 3 32 36 22 25 39 8 64 77 49 87 47 91 9 36 22 9 4 97 14 62 36 1 7 38 92 23 65 4 2 94 79 37 4 85 40 25 26 100 29 21 64 84 1 48 65 71 41 30 57 55 89 10 53 
77 29 85 70 21 49 3 70 25 25 31 37 56 56 81 35 41 46 45 7 39 43 48 56 20 69 85 32 72 49 85 82 67 28 85 20 49 17 99 25 35 48 89 9 5 49 35 29 17 10 77 88 66 1 46 59 56 97 81 38 40 100 56 92 85 9 93 52 89 59 79 30 41 27 22 18 76 86 45 20 71 83 80 69 39 42 31 28 4 81 50 6 25 68 44 91 67 75 41 30 56 99 1 42 10 83 20 92 65 74 53 53 23 10 27 4 89 4 4 73 36 42 6 4 78 26 20 15 13 95 79 64 60 16 78 13 87 84 13 81 7 45 9 24 54 91 61 80 88 78 50 25 91 69 30 83 46 49 15 25 
64 99 76 78 77 73 71 22 88 70 90 14 96 71 44 8 87 5 71 75 84 93 75 2 20 59 82 27 95 38 28 86 93 48 97 30 18 84 12 41 80 90 62 14 59 80 90 25 13 68 10 99 98 58 98 39 62 72 71 3 67 71 46 80 34 88 26 53 28 74 78 68 52 40 95 45 1 79 58 21 34 6 39 77 39 78 98 84 31 73 92 70 45 65 65 76 46 18 14 68 25 20 39 75 34 100 90 66 78 26 84 46 57 32 67 99 41 18 69 40 34 96 7 75 74 55 89 11 67 10 44 13 77 27 61 26 9 62 20 72 53 65 69 52 95 3 18 98 48 67 61 12 51 94 78 92 4 3 72 94 
1 51 78 70 67 61 17 77 58 92 22 47 78 43 90 57 64 86 96 18 42 25 84 13 92 21 57 8 27 8 85 6 4 85 77 11 83 76 6 61 64 28 66 19 78 84 90 12 59 26 78 87 42 89 72 63 8 18 59 21 63 89 83 18 45 29 49 37 62 12 83 29 1 31 31 94 71 23 47 98 11 54 84 91 20 56 17 78 78 90 33 87 72 51 14 91 95 26 65 39 22 53 13 65 62 10 50 70 59 85 38 37 93 97 81 100 46 24 27 67 51 77 34 30 30 58 67 9 12 69 75 86 23 83 18 38 76 18 36 14 87 38 22 62 2 34 83 76 68 86 38 21 10 18 28 22 34 60 79 71 
28 62 37 98 12 38 1 71 15 9 83 29 84 34 17 22 24 56 44 47 27 14 67 60 2 63 89 66 39 3 80 86 26 86 75 35 66 21 53 10 22 47 72 63 48 35 9 16 76 54 70 86 68 13 96 31 88 39 12 58 28 73 5 41 39 50 45 79 61 2 5 65 96 51 67 83 20 49 26 33 58 2 68 49 69 1 91 100 52 82 34 9 91 11 40 74 48 7 60 86 7 94 28 34 98 94 96 53 95 45 13 57 90 22 6 58 80 72 31 55 65 3 11 96 40 37 94 75 11 40 81 19 6 23 53 63 91 34 25 48 54 34 44 38 68 56 34 41 69 21 1 83 77 11 46 68 50 23 47 11 
68 11 33 34 25 61 91 90 41 87 61 2 8 74 83 0 78 44 48 15 42 47 96 91 70 81 2 97 5 77 1 22 77 66 28 71 37 63 49 96 20 65 0 89 34 10 64 99 94 26 26 39 15 56 68 93 54 2 22 94 89 35 63 83 69 72 5 90 14 96 26 83 6 61 74 20 28 90 93 26 61 34 36 37 79 76 76 65 70 78 92 89 58 2 10 92 35 100 59 7 52 25 55 96 83 61 86 46 74 55 88 25 52 39 23 26 98 92 79 1 22 72 2 0 36 24 94 31 26 93 51 65 91 28 34 48 24 4 29 32 44 43 18 13 2 71 67 58 43 41 18 76 43 6 83 60 71 74 16 2 
38 17 44 92 77 54 45 39 91 51 64 37 32 17 72 19 73 92 88 58 31 62 12 90 51 71 66 51 46 37 81 54 56 83 43 93 7 94 53 0 99 55 52 29 76 25 27 65 90 94 68 38 71 15 99 16 18 0 3 97 50 94 51 4 77 1 76 30 80 3 19 50 51 4 5 12 24 28 4 70 22 14 11 70 83 19 14 71 22 71 96 23 11 64 45 71 37 33 92 0 86 54 71 2 67 70 5 20 35 47 5 11 34 74 70 7 45 84 85 4 40 59 48 87 92 38 12 47 10 51 74 38 88 17 35 92 55 14 57 15 14 10 26 76 98 40 30 4 51 66 55 27 78 60 95 17 49 25 100 4 
32 67 96 54 60 92 52 50 25 96 22 37 9 67 57 21 22 49 5 40 4 38 37 24 51 22 27 89 78 13 58 42 28 34 72 28 83 12 46 56 76 58 93 72 18 71 63 40 10 69 76 87 77 17 58 14 97 30 96 96 58 17 86 28 22 96 79 92 14 19 0 15 73 78 83 12 70 16 66 49 3 71 16 4 46 37 62 47 38 5 7 75 88 89 82 96 27 37 54 36 34 53 31 67 9 63 78 67 12 82 64 43 52 99 19 29 35 16 42 1 99 61 23 81 71 25 13 29 81 14 84 40 54 7 29 7 59 19 20 75 88 17 73 24 57 26 52 59 27 97 44 85 35 72 53 28 26 33 41 75 
41 61 99 83 75 67 10 91 1 85 83 67 53 86 45 1 92 58 69 42 2 19 86 25 47 1 43 59 60 41 93 55 62 82 27 42 33 84 67 18 53 91 86 19 4 35 82 19 72 13 13 39 55 41 3 33 36 40 11 38 18 11 0 59 40 22 16 53 82 82 90 61 47 38 19 21 92 65 61 59 39 17 96 54 16 85 81 1 11 39 0 94 92 26 15 35 87 22 79 3 8 100 29 85 17 86 96 86 39 30 48 55 91 1 31 88 92 51 69 66 74 65 53 90 97 29 31 84 18 23 0 49 64 7 98 99 41 59 89 23 90 35 99 86 88 16 25 92 48 16 91 51 18 39 63 10 47 50 100 82 
88 68 94 66 53 26 83 43 95 40 12 54 17 31 73 95 87 70 32 42 3 9 62 12 37 20 68 96 32 94 65 69 6 84 23 6 26 95 100 0 36 63 19 3 52 47 49 11 4 72 92 48 91 64 79 73 1 81 2 93 62 3 9 79 32 54 28 96 8 1 74 38 50 8 64 69 8 89 39 95 25 77 24 38 16 77 54 98 45 32 39 53 3 3 24 22 75 20 21 10 86 41 36 75 1 79 25 34 33 30 59 9 17 43 100 42 48 26 93 4 93 8 0 13 95 55 38 45 1 83 89 83 10 56 29 78 84 11 37 27 78 94 2 46 17 24 36 11 63 71 66 26 21 8 83 37 84 81 63 63 
8 98 23 17 32 63 24 85 80 74 20 82 33 54 43 6 91 81 71 66 45 83 79 53 22 21 69 93 66 47 89 14 71 22 4 23 39 9 46 47 14 55 11 6 22 1 2 5 98 7 22 38 70 60 63 54 15 94 95 24 98 28 70 61 38 39 33 67 22 98 83 30 52 27 59 85 69 85 3 40 3 34 13 45 79 21 63 64 4 45 63 19 62 82 52 25 55 64 85 100 25 80 21 8 91 45 49 2 64 15 37 46 40 64 80 9 53 71 73 46 89 0 13 19 87 25 21 76 4 33 100 48 69 55 46 35 40 52 83 83 83 15 5 80 87 82 53 22 26 5 16 44 100 59 14 61 14 99 2 42 
94 71 34 11 66 14 16 0 63 90 96 85 81 15 39 53 92 87 36 70 78 47 65 19 37 78 86 56 8 20 7 59 89 29 65 26 61 32 61 26 42 11 9 20 5 40 40 8 88 33 39 73 36 84 23 61 63 1 12 63 43 93 12 94 56 87 5 3 30 72 2 38 23 91 58 93 46 27 77 66 25 26 1 67 70 24 23 9 25 21 35 17 82 84 100 71 15 87 76 64 56 87 0 11 14 95 76 23 36 45 68 27 18 76 97 94 37 51 39 79 52 92 9 16 47 57 30 8 100 65 25 7 22 24 34 49 59 51 88 77 96 67 20 42 71 86 20 60 83 33 40 27 84 47 42 56 78 57 66 89 
92 68 84 52 49 81 71 63 7 14 88 76 46 9 48 16 71 56 37 21 17 32 66 35 69 72 99 86 80 7 52 83 89 15 78 56 82 50 63 29 49 95 83 73 76 0 3 32 47 43 60 47 89 38 98 97 34 49 13 63 69 49 74 92 55 9 99 96 74 28 52 100 94 52 30 4 28 40 42 19 22 10 36 77 61 13 79 64 68 65 3 50 8 10 95 99 48 35 58 14 16 88 16 58 91 66 74 14 86 46 70 85 56 38 43 71 40 59 98 80 3 31 23 58 71 41 70 0 30 53 20 12 64 34 71 61 24 76 56 56 76 92 97 91 66 78 56 87 98 3 96 79 70 2 39 69 29 33 30 67 
24 73 34 39 96 40 66 50 62 5 1 10 10 69 54 16 83 50 89 36 22 2 59 52 23 23 60 21 25 77 59 76 28 67 39 55 29 12 8 65 11 80 94 37 77 33 18 82 93 95 73 65 13 7 73 97 28 12 19 78 68 57 23 85 20 23 32 91 89 65 24 1 22 62 45 86 37 86 11 97 86 11 60 27 72 95 13 70 61 43 14 1 48 85 27 53 40 61 54 45 100 33 89 83 6 65 46 83 80 22 40 74 50 4 18 29 14 67 87 1 87 59 62 10 50 73 44 75 65 35 10 67 84 67 96 52 56 11 76 61 59 83 77 51 22 34 4 14 82 33 27 0 40 26 71 82 83 89 56 24 
54 41 92 21 82 84 19 56 10 76 60 20 0 65 53 14 54 84 36 59 86 2 94 41 24 48 55 45 14 87 47 21 38 67 58 17 87 1 51 36 40 27 19 52 55 92 81 31 25 15 77 25 67 29 48 94 15 82 81 6 41 43 46 41 39 63 32 78 63 50 18 52 16 85 76 28 6 38 22 62 100 67 64 58 41 33 87 93 49 90 72 85 86 51 45 73 39 4 21 26 30 3 35 95 67 20 35 43 59 89 73 97 64 90 11 5 61 53 71 73 71 92 7 0 32 21 37 80 60 71 77 44 44 26 96 3 70 1 78 4 89 60 55 5 49 8 5 29 58 15 20 92 24 68 93 86 31 78 12 21 
99 72 7 92 81 27 52 16 68 78 34 19 60 32 100 7 1 74 59 98 67 93 82 61 34 36 100 59 94 47 76 67 14 1 10 88 40 22 45 80 8 10 25 2 22 73 1 50 38 66 39 89 71 13 6 72 8 11 29 83 94 63 56 70 78 91 66 54 75 31 6 31 0 0 57 30 9 83 32 35 73 30 89 59 36 76 46 48 43 26 18 89 11 98 80 33 94 50 12 70 30 26 27 70 39 95 84 21 87 5 26 22 66 97 64 8 82 97 10 100 74 35 54 34 12 83 98 94 44 25 34 79 74 5 49 5 15 50 87 14 67 0 26 46 36 19 58 100 48 45 67 60 89 34 85 28 14 6 15 54 
17 49 76 98 26 23 67 31 29 93 74 61 31 37 100 59 89 8 94 87 89 6 7 92 0 60 70 27 35 53 51 75 20 59 92 77 88 94 71 48 55 75 28 14 64 81 14 51 40 64 3 29 88 82 32 33 21 68 17 4 97 32 48 19 82 97 75 56 68 35 4 31 92 67 58 12 97 26 22 53 34 15 4 16 68 13 60 66 87 7 17 93 58 19 25 72 75 62 84 80 95 42 92 78 45 69 97 83 41 80 59 23 63 96 84 25 20 59 99 4 20 15 82 23 91 77 65 89 85 17 83 0 87 48 32 8 19 42 70 55 72 17 52 97 25 23 15 66 16 6 80 42 21 78 97 83 32 93 19 38 
65 84 75 30 95 80 67 89 11 4 44 57 2 9 41 20 45 3 84 63 67 66 15 2 14 1 35 16 10 93 49 54 78 38 37 12 85 64 81 53 24 66 98 73 12 77 6 46 8 63 10 16 63 49 34 65 56 64 54 7 61 21 28 96 96 72 75 19 9 64 20 63 52 8 40 64 20 100 60 37 27 66 87 73 65 98 83 70 1 23 79 43 13 82 28 21 28 99 1 53 98 71 19 69 24 21 36 5 36 71 47 36 52 6 47 91 58 34 21 61 28 83 70 54 76 58 80 53 93 25 58 82 65 48 69 45 88 66 49 42 18 32 30 28 42 48 84 5 93 40 42 47 45 76 13 52 12 97 50 36 
51 58 13 54 26 50 72 33 3 73 97 30 35 93 55 65 16 24 61 45 17 25 42 33 17 5 20 75 60 13 88 2 86 32 14 28 34 99 68 64 85 10 99 30 65 32 96 83 41 91 31 98 42 53 34 38 66 87 83 55 97 67 68 95 79 18 77 3 25 16 62 1 81 87 10 59 100 20 59 19 100 66 81 37 70 33 13 51 41 74 4 24 68 4 16 55 78 92 23 75 38 59 93 91 97 23 50 70 52 100 36 97 16 14 83 62 44 91 11 58 23 7 59 83 74 97 60 30 53 30 92 14 62 9 83 42 20 2 84 7 24 35 9 63 49 80 46 96 59 26 11 85 82 92 1 65 11 54 89 6 
22 48 90 27 1 58 2 32 60 56 18 57 79 43 35 12 35 42 61 32 65 53 85 38 12 7 74 63 12 58 16 10 11 50 55 96 60 48 75 95 30 11 39 13 25 20 24 47 14 96 68 37 44 87 97 75 76 84 52 34 87 0 38 80 66 18 9 61 85 54 62 31 73 52 98 70 57 43 36 81 13 59 89 83 12 26 44 36 26 30 72 100 90 33 64 74 45 100 38 70 19 58 65 53 83 74 0 93 19 12 87 14 12 46 88 65 10 99 81 38 76 26 65 65 22 56 87 51 45 69 21 24 59 50 7 44 82 57 11 92 25 27 92 85 26 52 10 2 93 15 48 37 15 98 80 40 45 74 63 30 
55 82 12 52 71 78 8 36 59 19 27 13 17 36 2 52 36 28 9 95 3 98 72 90 87 78 53 60 4 83 62 37 7 70 28 62 96 27 97 34 42 18 21 77 1 12 44 30 61 2 12 8 25 16 96 8 40 74 9 33 45 29 74 31 57 23 16 10 95 71 9 71 39 54 42 66 33 3 4 49 33 59 80 38 77 97 75 83 21 43 87 73 96 66 60 54 46 50 70 32 29 34 13 73 4 1 86 52 53 65 58 21 19 26 58 6 26 49 30 45 15 54 11 56 17 47 94 26 8 69 21 25 17 1 66 25 62 90 10 73 87 25 40 99 62 42 57 64 46 86 53 77 24 82 22 90 37 63 17 99 
44 41 39 85 5 43 18 58 89 67 82 80 19 58 92 12 100 21 43 30 85 82 88 23 99 13 36 49 62 27 34 81 22 13 26 37 15 35 31 68 69 65 30 92 91 21 64 95 26 51 79 63 38 6 53 47 40 83 62 93 40 22 86 36 42 28 48 59 70 50 30 100 32 31 5 77 92 82 10 43 98 69 5 85 71 79 9 91 61 7 26 92 58 28 94 55 6 87 64 42 95 24 5 42 39 70 9 63 15 34 54 6 21 8 3 28 55 64 96 45 98 27 90 14 34 77 6 47 64 50 41 32 18 64 98 57 4 79 20 92 84 9 19 85 4 13 48 78 60 71 63 72 53 1 20 43 65 1 33 42 
26 95 28 55 75 11 99 53 53 78 3 44 80 99 96 92 91 96 33 93 85 45 9 8 36 2 39 28 47 46 62 18 9 73 50 6 46 5 23 46 81 70 67 10 49 66 37 39 5 13 58 71 31 18 78 22 69 5 29 65 33 9 53 26 63 61 77 35 6 96 57 0 78 53 26 64 48 2 45 45 80 45 29 95 26 93 59 79 91 86 69 52 81 12 60 31 24 60 0 70 100 13 42 29 97 51 39 49 98 57 89 91 79 79 43 21 43 8 54 62 75 98 51 81 49 29 40 40 32 60 20 50 73 83 82 97 47 32 37 16 25 55 55 71 22 43 88 99 58 44 82 6 55 23 84 78 78 27 3 90 
41 56 99 39 70 5 85 100 60 99 95 94 10 23 40 52 62 80 36 8 44 15 68 66 17 73 96 46 27 7 77 34 47 45 31 7 13 23 4 76 47 76 89 59 42 82 28 13 34 22 15 2 49 93 15 28 77 5 6 11 13 80 44 42 9 31 41 63 20 14 41 85 58 96 37 89 88 27 1 7 43 16 67 33 96 50 79 83 33 76 4 11 6 45 78 67 54 60 7 40 83 59 66 33 96 92 64 50 69 50 100 2 3 1 85 16 76 21 26 62 26 26 17 60 88 20 46 57 33 60 47 98 25 15 77 36 93 77 80 90 48 9 94 80 96 69 28 59 12 43 88 77 43 13 62 83 91 68 61 23 
51 2 77 20 21 58 87 94 80 90 23 73 33 89 23 51 14 10 35 11 90 99 36 28 21 1 75 74 53 17 2 59 84 67 83 73 8 59 56 61 35 47 29 41 35 96 48 37 79 69 29 57 97 43 83 27 94 86 28 67 57 63 33 93 56 15 82 83 93 60 19 9 60 47 69 92 34 10 75 75 25 66 66 78 88 60 29 43 65 59 60 31 79 58 83 49 76 3 81 75 43 2 29 69 45 15 60 72 56 31 4 97 6 75 33 54 18 99 86 16 82 95 68 89 78 67 50 48 84 3 0 50 56 16 43 27 23 32 53 85 19 6 90 89 79 40 98 7 21 20 13 44 22 95 92 44 43 95 29 5 
10 62 49 60 98 18 55 38 100 9 50 49 31 5 54 96 6 88 92 73 64 15 2 100 75 41 83 93 78 49 96 50 59 65 75 82 29 38 89 62 73 65 63 71 46 3 12 79 16 67 1 47 88 15 86 77 77 29 62 76 95 12 28 11 15 83 38 65 94 61 43 53 87 58 64 65 53 38 83 34 84 39 89 79 28 56 49 35 28 34 28 36 15 46 27 1 90 59 79 29 60 54 63 33 66 33 96 54 29 72 38 30 53 48 11 96 60 16 96 6 99 6 44 3 33 84 16 64 93 91 53 61 78 90 67 90 98 57 89 35 5 10 27 68 21 10 74 60 62 97 36 53 53 8 92 30 29 96 95 77 
95 65 93 25 46 26 83 28 20 34 83 85 98 5 92 83 83 93 91 68 85 71 29 14 14 61 14 98 38 86 41 20 88 44 10 69 48 77 33 12 71 33 14 56 77 54 18 80 9 99 49 41 33 76 44 87 45 7 36 100 65 65 9 33 76 61 64 52 79 61 49 30 51 58 98 12 27 59 47 40 63 73 14 95 5 11 79 60 14 23 96 79 85 97 92 20 23 97 90 50 99 35 7 78 88 51 28 94 10 9 80 7 17 70 65 79 0 65 82 41 46 69 58 99 79 3 32 11 98 79 29 37 42 81 43 9 4 20 12 42 6 20 1 58 25 61 78 75 1 60 20 26 80 90 19 47 28 21 4 14 
63 99 68 91 2 67 80 17 3 95 62 65 5 75 29 20 7 44 62 69 72 73 53 35 81 92 32 58 48 29 9 22 5 52 0 30 86 55 32 97 10 17 99 44 35 75 19 5 94 99 2 60 63 72 99 68 9 17 72 79 37 44 60 97 92 82 57 51 61 44 85 69 44 31 7 9 2 99 45 27 12 79 12 93 5 7 24 2 3 14 10 53 31 1 1 35 77 14 69 81 48 99 30 67 99 14 60 13 22 23 59 67 57 85 79 48 89 17 3 58 21 65 62 43 40 66 84 36 59 85 46 1 7 97 45 61 89 37 72 15 5 58 13 77 31 61 46 69 35 40 46 47 27 47 26 65 61 85 95 38 
67 3 93 49 15 61 29 68 1 64 10 72 52 77 43 28 14 21 71 66 71 50 69 47 73 12 81 62 37 52 20 20 51 98 45 17 20 61 73 5 29 56 5 19 83 23 16 90 32 92 100 51 48 25 71 61 98 30 54 10 56 82 38 71 2 15 48 15 56 78 86 74 96 58 30 19 43 96 95 83 15 84 41 15 38 66 53 58 26 11 26 40 46 33 43 83 82 0 3 37 51 67 81 68 0 43 36 93 15 5 42 34 23 58 70 56 23 42 91 27 52 55 70 13 88 62 52 18 0 34 93 100 80 41 91 90 65 63 73 14 67 88 94 78 37 16 70 61 76 17 30 29 23 93 90 37 96 68 55 2 
86 67 57 9 37 89 27 18 69 47 47 57 41 6 61 32 8 77 73 40 35 87 52 70 23 19 59 100 39 91 19 60 7 19 77 63 81 4 63 5 45 36 56 67 11 35 39 63 72 55 54 59 91 81 48 99 20 2 72 75 68 20 28 44 48 94 31 61 81 89 20 60 53 21 60 62 41 41 33 30 10 82 33 76 19 20 44 39 20 21 36 21 37 7 62 100 96 3 6 81 53 55 54 10 17 14 87 70 69 97 99 19 67 41 67 9 33 32 57 45 93 15 49 92 45 37 97 54 35 79 77 85 63 77 64 93 11 58 44 27 72 58 9 17 10 18 95 87 9 47 41 82 70 62 65 88 20 30 17 6 
1 98 84 38 66 48 40 77 88 57 0 43 89 23 78 0 1 23 60 22 6 13 30 20 65 99 27 77 91 83 65 41 1 35 12 43 64 76 52 79 99 35 2 85 97 75 98 29 20 82 83 36 14 100 55 80 53 63 84 24 8 8 51 45 59 41 7 22 81 81 93 20 54 69 36 13 70 10 55 94 19 50 37 56 64 94 55 15 2 20 99 84 92 27 93 76 87 23 54 12 20 11 83 89 48 16 83 40 95 76 64 43 34 26 64 14 83 12 71 44 61 33 99 91 51 32 33 13 10 56 56 99 89 50 26 50 39 16 25 68 8 40 84 48 26 23 86 20 17 51 1 87 52 53 90 57 62 6 79 1 
56 45 85 62 37 31 39 60 66 27 33 9 25 9 58 4 55 82 76 11 27 99 48 98 83 69 36 22 36 0 16 79 27 77 40 10 90 26 60 13 69 23 3 19 34 83 20 10 66 42 37 1 90 94 68 55 23 23 2 95 9 67 75 45 52 95 35 66 97 29 93 94 13 71 14 14 40 80 82 1 63 65 12 20 5 62 86 35 57 31 45 55 0 68 22 12 50 74 11 2 47 92 94 80 15 100 25 31 28 82 29 39 51 40 29 88 89 63 33 64 75 58 85 6 59 98 18 17 72 70 1 76 34 6 61 99 29 0 44 33 65 82 72 67 38 95 85 56 25 61 63 76 64 26 56 8 69 92 58 47 
85 61 27 90 24 89 80 91 33 13 90 25 34 30 78 16 44 61 82 68 82 16 70 60 70 62 77 38 100 24 23 36 93 63 54 22 22 72 47 14 15 78 32 56 6 61 87 25 45 30 25 81 62 100 1 49 23 30 98 21 100 75 43 14 66 3 92 80 67 100 50 29 19 100 45 30 74 58 19 37 2 55 26 84 91 13 49 9 35 58 30 61 4 81 15 77 12 56 35 82 97 94 67 4 51 77 63 23 69 26 40 82 69 7 96 8 84 31 21 91 48 50 0 59 46 33 16 74 86 72 40 30 99 82 49 24 66 56 26 8 98 62 8 70 74 72 92 92 55 32 10 61 24 61 19 67 33 96 42 94 
40 3 91 6 37 10 91 73 39 90 91 1 94 41 99 62 25 62 98 67 47 16 21 51 30 50 31 81 86 0 93 24 62 15 77 19 27 36 69 91 48 9 68 53 25 53 49 17 29 81 65 30 14 26 68 81 54 23 39 34 28 66 11 44 16 93 36 23 87 37 45 65 84 73 80 22 31 86 67 44 9 72 63 1 61 60 58 90 67 45 79 60 36 15 51 62 99 6 1 66 34 45 97 77 3 33 2 20 77 24 65 74 37 91 87 59 58 75 87 65 42 63 87 78 82 44 87 63 49 81 75 88 19 55 7 14 40 28 50 20 65 94 97 30 26 72 57 0 33 1 21 11 3 24 17 4 12 88 33 33 
30 39 35 63 38 37 33 2 49 44 75 11 46 54 62 22 11 84 13 38 29 44 19 86 88 34 21 64 71 80 65 42 97 74 50 90 78 5 26 89 85 88 42 75 36 29 66 16 9 83 15 19 11 38 67 91 35 95 91 51 6 72 53 81 48 28 31 14 20 99 12 27 37 96 47 94 4 1 84 51 40 4 87 91 6 24 28 83 87 93 52 38 12 58 69 94 25 58 49 15 91 100 42 30 56 17 87 0 56 78 42 51 82 49 29 28 98 24 47 72 45 57 43 48 76 14 97 49 83 25 62 99 69 84 26 99 68 43 30 19 81 53 83 38 1 47 86 25 58 78 61 73 15 94 51 61 11 35 82 28 
3 39 64 50 98 32 76 2 80 24 59 84 54 54 58 41 88 34 100 51 100 35 96 28 16 42 51 60 58 99 39 39 56 16 35 43 59 71 94 12 57 2 25 24 51 100 67 58 22 49 10 33 20 57 0 98 30 82 35 57 16 20 29 96 77 79 21 31 59 88 9 2 77 78 97 57 97 59 92 72 39 75 88 98 78 15 47 68 66 3 56 7 57 95 82 87 56 47 53 97 0 10 3 66 97 89 28 54 79 48 98 58 84 63 44 4 16 81 77 3 32 1 69 83 12 33 71 12 21 94 62 37 82 33 97 34 76 90 36 20 97 21 83 100 95 6 41 12 65 25 47 1 49 64 96 46 65 8 3 2 
5 28 20 88 38 29 62 35 95 4 44 65 86 34 78 66 31 64 15 84 34 60 8 45 53 8 22 15 81 68 89 77 61 73 59 42 94 58 38 97 7 70 14 32 56 96 95 66 9 1 31 39 82 1 94 24 97 0 29 76 96 19 7 4 58 83 11 75 27 22 90 66 71 31 0 74 29 35 10 87 74 52 46 64 39 61 19 77 30 61 62 84 83 35 36 23 63 40 98 52 52 99 30 91 40 7 70 90 34 39 32 92 32 51 33 90 40 73 28 84 82 75 91 81 100 71 86 74 58 79 65 1 15 44 41 40 32 29 94 0 1 52 52 82 88 59 54 91 71 82 43 62 4 9 80 6 25 96 47 93 
36 76 72 37 7 80 11 89 94 38 2 62 78 0 88 10 76 50 14 97 49 75 1 42 45 49 81 65 71 15 87 17 82 36 97 32 37 64 44 57 31 49 2 6 43 28 60 58 35 1 5 1 17 21 60 50 65 12 65 11 37 28 76 32 76 22 27 100 24 47 83 0 8 91 65 81 19 51 26 79 51 87 94 48 87 26 11 42 49 59 69 72 65 66 82 72 31 52 38 50 97 4 92 80 69 82 5 45 2 51 91 97 78 46 4 95 81 88 90 5 31 82 15 41 12 61 93 100 75 3 87 16 82 4 25 35 3 15 69 26 5 98 8 20 88 37 34 1 4 74 83 63 28 54 55 59 77 11 21 96 
18 25 20 95 78 30 99 98 33 91 83 19 70 19 63 9 29 39 2 11 97 45 94 71 89 81 82 54 47 29 61 16 29 40 81 83 22 9 55 39 1 98 96 27 72 85 68 62 3 17 94 51 38 75 88 3 49 18 65 81 73 78 88 73 70 63 6 44 1 61 66 79 40 76 57 97 100 57 73 67 16 76 29 27 6 61 31 85 63 75 85 12 11 87 26 76 11 88 96 26 98 60 59 34 77 2 59 2 86 2 39 10 68 65 69 54 75 24 33 56 53 28 35 42 45 61 29 50 32 63 40 32 87 1 47 73 32 27 53 32 75 25 43 93 51 12 31 5 91 4 92 41 44 37 8 80 69 90 34 87 
36 98 39 13 13 7 51 72 39 31 51 1 57 52 5 99 11 79 72 4 87 18 92 70 61 84 30 15 6 100 39 87 94 11 11 81 13 96 42 0 79 43 51 86 42 0 80 89 76 69 4 34 71 37 31 64 93 62 77 42 76 83 37 33 56 83 18 36 53 33 5 50 58 64 89 80 58 80 91 57 84 20 27 80 98 86 5 99 94 9 72 42 70 45 1 83 34 94 76 21 72 9 94 100 97 53 42 92 48 25 72 41 61 78 41 8 69 40 76 25 91 85 84 73 44 96 92 81 24 0 54 19 50 96 72 43 1 88 88 4 95 83 70 42 55 51 69 96 41 30 94 23 30 75 69 43 68 5 70 55 
54 30 78 7 80 41 36 87 18 28 99 3 92 82 6 22 39 56 54 16 34 86 1 70 14 28 70 47 68 40 50 98 55 88 98 15 94 92 23 100 62 26 94 90 35 23 82 77 96 58 51 66 67 62 75 83 27 21 0 20 87 64 72 45 8 8 22 91 18 19 83 67 58 46 77 47 71 29 18 27 41 47 23 82 95 77 58 63 84 94 10 46 72 27 18 89 66 75 27 30 1 46 60 45 86 90 69 68 33 92 43 46 64 23 51 57 29 40 71 10 76 42 23 49 14 58 55 60 29 78 6 67 27 88 36 12 38 57 3 5 47 17 43 24 29 93 90 61 31 51 91 1 74 19 93 20 93 71 38 86 
6 18 27 13 86 9 95 93 18 81 2 41 87 58 40 27 80 16 24 38 79 81 83 22 76 16 45 20 23 86 0 20 83 71 60 17 2 50 98 22 97 1 53 14 16 61 63 49 42 26 14 66 96 100 47 60 91 45 5 68 21 94 26 47 74 41 55 81 68 43 34 96 74 2 76 72 3 11 98 16 40 21 66 71 92 23 11 51 82 97 84 67 48 10 30 41 11 57 0 87 52 49 74 0 25 79 89 15 12 63 98 2 60 33 91 53 57 28 34 41 33 16 27 56 54 23 80 49 5 59 12 59 80 67 74 1 42 1 7 96 71 23 97 61 51 46 7 71 34 8 34 15 65 32 72 34 78 33 71 57 
1 63 46 37 61 91 35 80 9 64 59 38 27 35 25 58 43 60 74 14 91 70 95 60 11 85 79 19 47 54 52 1 40 21 35 1 63 74 48 68 9 100 36 33 5 27 14 75 7 33 44 36 46 93 41 19 69 75 70 17 19 10 20 73 84 14 96 40 72 19 49 74 53 72 37 66 3 5 24 22 21 58 24 46 76 84 99 83 82 0 68 54 61 100 26 68 95 12 85 51 17 38 84 11 5 81 7 85 68 53 84 60 86 43 39 99 37 11 29 59 21 41 51 87 18 55 94 40 25 51 38 72 100 92 8 30 40 78 62 100 76 68 88 59 21 44 95 90 86 91 89 100 44 87 76 77 6 18 94 6 
61 44 89 46 26 44 46 10 11 95 90 6 90 69 36 79 93 34 99 14 19 2 1 89 57 65 7 53 61 42 67 74 50 99 16 88 66 66 79 49 51 88 73 84 33 31 11 1 86 26 53 18 48 15 14 46 81 8 22 58 64 73 85 55 18 11 52 88 50 20 100 8 36 76 15 36 42 58 60 82 36 59 93 11 55 37 36 8 41 43 55 54 96 97 25 60 40 26 1 24 29 33 33 98 14 53 94 78 100 48 85 59 25 83 93 87 84 14 71 14 66 51 31 33 45 84 95 1 98 18 84 33 46 22 95 8 44 87 20 35 31 85 97 53 62 58 88 28 40 54 42 99 94 30 9 22 83 65 3 52 
76 14 24 51 64 98 11 25 51 30 48 77 47 23 34 23 56 73 3 37 5 6 85 28 29 67 2 9 1 79 96 24 27 15 35 30 28 72 85 14 96 27 47 69 100 90 32 86 20 7 96 36 36 14 60 8 96 58 57 57 15 95 13 58 9 4 93 94 87 7 69 8 73 12 96 53 38 69 76 15 22 68 72 37 66 6 82 99 25 88 83 24 25 79 23 29 20 13 54 22 64 80 22 38 87 37 73 66 46 32 12 71 23 0 6 82 25 21 0 73 86 80 44 65 33 24 62 82 37 18 61 1 41 27 90 26 44 65 16 25 12 37 77 70 48 79 23 42 88 8 72 50 45 94 68 50 56 55 42 21 
87 90 19 10 47 20 93 35 32 5 69 79 34 32 86 96 36 47 18 37 32 63 53 29 41 37 27 39 93 3 74 96 27 22 57 84 49 31 26 80 70 37 43 67 19 49 18 87 21 15 39 34 82 10 64 36 82 16 82 77 34 4 6 25 33 14 0 97 2 12 33 96 53 22 64 26 43 53 32 99 98 6 34 38 60 79 40 9 48 55 28 45 42 74 87 2 24 67 98 39 50 65 96 3 94 83 49 72 46 27 82 97 31 69 23 78 90 80 52 71 60 5 42 93 76 41 34 60 40 90 75 59 90 9 93 39 73 77 66 20 76 97 57 20 55 76 95 97 62 80 37 18 20 33 38 67 40 77 68 25 
86 59 14 11 87 69 4 34 25 95 4 88 99 65 41 16 79 27 17 49 98 63 35 72 60 20 32 84 43 7 33 43 54 90 68 75 9 70 31 34 34 26 36 71 25 77 29 0 24 88 58 45 51 91 66 65 6 34 10 1 70 94 39 42 67 48 27 17 12 63 12 42 8 9 41 22 99 47 31 59 66 14 28 99 16 91 34 67 33 92 12 44 68 2 67 32 11 48 46 36 3 11 83 68 50 28 89 36 75 99 78 49 70 70 15 39 99 70 78 65 30 42 14 55 80 29 19 7 67 42 36 35 75 96 24 66 4 44 66 99 56 79 21 5 85 97 5 42 67 66 77 63 97 2 4 75 4 91 62 83 
46 18 99 25 85 11 47 23 75 69 22 59 43 25 64 4 49 85 25 50 8 83 10 16 73 0 68 6 23 52 80 88 86 54 65 36 63 90 76 12 50 92 3 66 30 86 75 55 30 28 46 68 86 67 5 49 30 85 93 75 79 95 50 15 32 0 69 27 33 49 28 37 99 23 90 10 12 52 15 4 2 34 13 50 32 24 69 98 51 77 7 87 44 49 7 48 84 34 72 28 38 59 58 15 51 18 1 6 64 24 23 79 2 56 41 24 19 2 3 33 81 91 64 59 80 96 93 38 40 25 53 74 77 2 1 67 51 29 47 20 61 1 9 61 30 93 5 11 82 46 86 54 53 24 37 53 55 57 43 82 
28 66 56 3 12 42 6 39 78 62 96 88 60 48 1 25 21 47 75 82 34 41 57 93 22 85 50 5 51 82 71 71 64 44 28 10 53 72 95 50 99 74 32 81 30 59 28 50 39 82 75 91 92 94 25 62 42 49 67 74 41 75 51 64 70 54 56 10 31 35 79 59 62 100 99 15 4 8 50 70 46 30 4 74 48 83 92 42 13 72 15 44 37 66 1 8 27 24 72 80 50 99 74 74 85 82 84 26 0 3 8 35 76 64 36 69 25 69 42 1 61 74 18 22 79 1 11 19 34 16 68 95 68 73 98 72 63 5 13 99 13 13 42 70 33 2 30 25 39 94 83 88 24 60 82 2 21 74 47 2 
65 85 85 0 22 47 90 100 30 59 20 94 0 58 88 79 70 51 92 1 26 56 5 56 53 29 81 49 23 25 51 89 75 98 27 100 66 51 66 8 41 61 37 66 15 96 99 10 35 58 78 97 82 17 78 80 16 4 40 56 93 59 18 85 61 62 19 63 5 56 8 28 89 36 8 48 63 19 51 73 46 80 5 59 85 22 92 24 22 78 68 68 16 65 93 79 96 57 20 34 12 79 89 14 36 41 70 23 28 46 57 96 93 8 24 52 52 86 17 15 51 35 22 85 55 18 84 59 36 53 96 82 59 8 20 99 12 97 21 18 66 94 47 47 59 84 59 46 65 37 66 54 68 14 60 36 79 75 55 5 
88 63 18 58 36 100 41 8 56 28 83 65 24 76 59 21 51 75 12 64 98 25 42 96 62 5 29 84 53 4 66 95 33 50 27 66 43 80 39 42 33 21 0 25 56 23 85 73 64 94 9 37 75 24 6 5 9 17 36 52 17 17 64 98 30 9 34 3 63 11 33 81 85 40 100 93 36 9 55 79 12 79 77 90 40 90 51 78 59 35 19 88 35 49 92 84 86 32 59 44 11 84 14 87 4 85 18 12 2 30 13 72 100 60 25 16 19 65 65 55 31 59 68 62 89 19 5 12 0 8 50 20 34 68 5 81 75 81 97 86 87 43 1 1 26 1 18 3 20 63 72 8 39 80 58 65 74 25 83 51 
68 58 37 62 7 84 60 25 57 1 77 44 17 18 46 66 18 32 4 91 98 5 47 45 34 20 45 98 69 42 11 82 51 41 9 28 85 68 22 50 23 10 97 79 54 24 56 36 55 15 7 16 56 44 4 65 92 59 73 17 23 80 90 96 25 45 94 62 99 80 44 8 58 28 11 33 22 65 67 43 67 39 3 52 15 73 1 30 32 92 29 81 66 83 79 66 5 18 37 0 11 1 3 13 40 51 69 20 21 25 52 78 69 58 18 64 64 58 49 65 42 7 69 11 51 70 50 16 99 36 0 26 27 10 38 14 63 0 1 58 83 89 5 62 19 5 49 37 85 34 56 84 25 15 66 35 78 18 73 77 
86 30 76 44 8 67 6 32 25 65 36 68 78 69 4 46 70 82 0 33 41 20 37 24 41 76 95 67 47 46 91 60 4 11 7 50 40 42 97 63 95 45 74 42 56 9 49 89 96 51 9 65 98 22 80 93 16 92 31 16 57 80 29 92 29 77 98 81 6 50 74 15 49 65 50 67 11 89 83 22 90 52 70 66 92 12 48 34 93 82 43 56 85 28 54 29 23 31 7 90 25 11 31 86 61 0 23 6 67 12 76 8 98 50 5 93 34 40 83 72 15 7 88 14 10 82 12 0 78 13 39 96 36 83 71 31 31 35 49 41 75 95 91 33 11 48 65 1 50 42 4 82 21 62 50 53 37 60 13 11 
48 55 58 71 58 10 28 37 34 33 60 53 85 22 67 82 85 62 35 41 18 24 85 26 98 36 78 53 41 66 7 50 35 97 34 52 74 5 85 39 33 72 54 88 95 29 94 30 32 73 50 78 87 45 72 56 9 65 8 84 15 97 99 67 83 56 16 58 6 57 19 22 26 81 100 33 34 47 66 59 34 10 84 50 45 6 88 53 38 66 99 79 11 77 69 71 23 78 22 15 62 9 77 62 54 4 93 82 42 52 99 36 57 22 29 50 87 39 64 26 76 28 33 25 46 99 96 41 20 62 11 34 100 52 39 69 6 12 27 55 31 79 8 85 90 90 66 26 21 73 86 19 56 53 87 8 69 6 31 82 
14 50 79 59 72 61 47 100 4 51 54 74 33 93 78 32 5 60 31 12 54 55 81 91 85 78 27 63 29 99 78 96 85 80 6 74 28 58 52 11 73 93 95 26 99 99 19 14 48 38 76 74 76 62 0 16 26 28 25 100 96 54 54 24 34 65 84 74 7 39 37 27 33 49 0 13 90 41 42 38 66 55 68 40 37 13 55 61 48 20 71 37 12 93 66 14 75 45 55 44 59 73 87 94 82 28 14 66 73 92 26 77 34 66 63 76 72 59 34 14 63 64 27 8 65 73 28 92 69 64 71 77 34 65 84 84 71 8 94 25 31 43 58 36 11 65 49 16 64 47 80 27 41 15 16 55 17 95 34 28 
89 55 53 13 6 98 6 4 43 89 20 53 6 36 84 52 91 23 35 2 85 45 46 31 15 60 100 50 36 67 31 0 28 73 40 53 76 59 13 15 95 9 100 96 16 33 9 96 83 21 38 30 28 42 15 65 17 40 14 9 9 92 11 15 20 41 80 51 49 37 86 16 22 11 73 12 99 6 100 53 62 40 60 92 0 78 55 16 23 43 31 73 69 39 34 83 98 54 66 96 59 43 79 37 8 86 75 3 54 61 53 43 5 71 92 18 38 0 63 38 98 44 94 71 72 91 61 19 96 74 19 70 35 67 46 18 55 80 74 36 51 47 68 27 63 44 94 8 62 35 83 91 8 2 100 47 66 3 21 31 
100 49 53 37 62 72 14 94 97 76 41 28 67 20 60 41 60 86 65 94 74 71 51 98 99 66 31 21 28 19 89 52 46 92 72 81 99 82 84 99 5 72 45 16 73 25 92 6 43 6 21 21 50 61 59 14 48 26 99 2 37 25 69 44 33 100 32 44 9 16 58 14 97 100 52 4 31 61 58 57 7 86 26 35 84 5 78 80 76 73 42 13 16 55 64 15 65 93 59 37 98 18 30 86 77 5 76 90 25 2 84 27 76 71 21 82 43 52 100 70 91 75 24 43 45 21 49 37 64 80 81 77 27 43 52 8 56 88 8 58 86 62 79 70 37 34 44 74 6 44 54 99 74 77 1 82 90 75 66 7 
20 2 10 64 65 95 81 11 94 76 26 99 92 15 75 33 44 97 13 93 34 74 11 21 43 17 9 30 34 92 90 76 4 96 80 32 77 99 30 48 41 52 49 95 72 1 77 72 58 100 47 28 21 55 91 34 90 5 4 91 60 5 39 83 68 52 83 35 2 80 58 10 85 55 47 0 62 9 12 12 79 42 83 56 61 17 84 64 22 40 49 86 54 63 39 44 5 69 72 9 84 77 26 59 58 65 49 35 87 38 18 84 19 53 37 19 45 65 16 78 92 99 34 34 4 17 9 82 80 94 77 65 17 68 19 11 83 73 59 23 90 69 51 62 64 35 41 67 48 6 24 1 9 71 30 93 53 55 34 43 
39 65 62 95 88 57 19 50 85 53 51 25 73 15 15 58 83 55 33 29 29 2 47 55 76 66 76 58 22 96 76 19 45 28 28 12 65 59 45 64 5 47 93 82 95 14 33 0 54 24 37 86 94 83 1 93 80 10 21 64 14 41 46 29 85 68 11 58 87 99 70 91 18 18 13 98 99 47 61 86 83 84 16 81 52 88 37 86 8 45 80 11 74 0 78 82 93 79 4 67 56 48 42 1 28 87 35 16 92 1 27 65 0 79 67 4 83 4 60 8 72 66 52 61 86 16 44 79 43 69 78 78 5 82 46 4 64 0 86 10 75 12 38 59 40 34 62 62 63 69 97 94 49 97 65 5 49 7 56 58 
86 95 30 9 100 17 42 3 79 37 54 83 46 55 33 90 13 31 58 3 98 56 53 42 21 24 31 78 56 10 51 27 8 80 56 7 73 68 52 27 51 76 17 86 15 57 57 96 96 64 73 4 7 51 89 80 54 43 11 6 66 86 56 0 58 82 82 96 89 46 86 22 50 83 54 29 98 30 11 41 9 6 35 28 98 25 2 24 57 91 55 6 59 54 64 51 59 98 11 38 15 41 10 30 99 26 73 36 42 98 54 95 100 25 19 91 56 64 10 54 92 67 38 61 32 55 74 21 30 75 74 80 93 74 31 38 14 2 16 58 19 95 73 69 27 51 27 40 68 71 41 48 44 51 58 16 13 47 23 10 
57 4 40 85 20 79 63 94 26 72 99 65 65 28 39 49 31 96 7 86 36 53 95 92 80 22 82 19 57 33 12 11 74 59 39 54 57 76 88 4 55 50 9 59 60 66 77 1 44 59 86 80 32 92 73 13 11 68 99 30 10 67 93 69 47 82 87 86 41 25 47 66 23 75 96 12 45 92 70 89 36 28 6 93 3 88 23 81 58 0 55 75 30 91 51 41 42 4 72 11 75 16 97 57 85 74 46 71 82 49 100 34 87 4 47 7 14 68 16 61 85 51 28 29 14 48 4 88 55 78 66 97 64 7 66 18 26 32 27 47 56 56 45 56 74 26 97 82 91 70 64 48 1 24 37 55 24 44 84 1 
70 7 3 59 84 13 0 92 88 5 58 7 23 47 88 40 58 0 13 99 45 61 47 82 41 36 71 45 34 40 5 53 90 7 33 11 79 91 99 98 88 74 85 30 44 29 35 56 29 32 56 56 38 27 18 16 10 33 48 2 20 53 86 0 93 61 100 83 92 58 22 23 58 100 21 30 51 68 9 74 90 28 62 77 6 29 21 70 67 35 28 19 87 69 37 19 92 67 63 67 96 92 53 12 48 30 43 55 53 24 30 9 90 45 36 76 55 13 40 46 37 10 84 91 26 6 59 44 13 74 77 89 92 82 45 47 7 73 26 47 13 59 50 18 6 93 87 88 29 81 49 46 90 61 40 90 91 2 73 52 
56 47 24 2 40 94 19 5 55 66 62 18 65 64 100 96 25 67 88 31 94 61 82 42 94 99 89 81 10 75 40 29 89 97 8 12 56 27 63 100 38 38 72 27 94 98 70 33 77 71 49 74 94 69 41 37 65 81 49 61 99 70 76 22 22 30 31 22 35 71 71 42 75 86 20 23 35 2 26 9 25 89 42 64 27 57 30 80 44 63 1 1 68 6 2 5 91 68 55 14 77 9 56 34 46 66 4 59 30 21 80 32 92 12 22 21 40 10 14 21 25 23 57 80 13 62 5 47 40 2 14 60 41 47 88 20 1 37 21 36 5 46 28 29 9 94 27 25 27 40 94 2 11 88 62 93 55 28 22 67 
30 32 89 91 15 40 86 75 67 88 31 49 52 76 65 13 90 52 39 46 83 93 83 8 92 60 71 84 16 79 14 10 72 82 75 20 58 8 78 56 45 70 6 35 5 89 87 23 70 55 25 80 34 63 15 50 42 47 12 83 35 28 25 47 53 85 58 0 28 54 80 68 22 57 87 86 56 52 72 97 5 73 15 42 67 89 98 43 65 95 12 8 71 20 17 76 48 34 18 32 76 34 16 87 36 45 26 24 69 47 56 9 68 42 25 3 15 83 64 41 44 9 41 54 98 33 7 34 54 94 47 68 63 75 6 42 20 17 49 25 4 47 90 63 34 6 50 10 53 72 0 11 21 47 10 9 7 89 18 79 
31 29 39 64 63 67 19 66 93 65 12 86 12 57 75 34 72 43 86 41 38 38 4 47 85 44 83 88 70 71 36 56 85 85 53 48 31 65 87 85 15 30 6 23 93 88 93 57 100 19 54 31 79 95 59 99 28 89 6 43 70 99 47 95 87 54 62 35 53 49 10 70 89 47 9 55 72 13 21 2 74 55 95 77 89 96 15 31 80 1 84 88 62 29 64 15 54 77 40 10 34 22 31 85 89 57 76 62 9 97 2 20 82 55 36 38 21 72 40 71 54 40 73 52 43 49 2 49 48 82 5 83 95 57 28 91 39 45 60 48 48 25 50 41 74 23 19 6 81 38 15 2 8 34 50 48 91 65 8 28 
80 63 39 3 54 1 98 95 23 54 91 53 36 0 69 19 92 74 57 43 50 79 62 53 89 94 38 40 3 87 99 0 97 54 35 48 92 53 16 91 26 9 94 98 13 19 30 44 54 0 30 53 60 17 78 82 24 30 38 49 22 58 28 59 85 41 8 87 97 70 34 55 38 99 99 4 37 87 62 38 24 10 89 97 48 100 15 50 16 51 65 29 7 58 6 12 26 18 62 50 29 83 55 90 38 80 46 19 48 68 94 73 41 5 16 76 94 79 80 64 12 28 16 55 89 68 42 27 85 70 40 63 24 46 23 56 33 12 74 29 97 14 6 77 16 17 29 58 86 16 13 43 75 43 96 47 100 30 26 67 
23 72 63 83 85 72 2 20 78 13 84 88 93 100 37 69 16 68 61 93 97 6 27 76 71 40 80 97 93 21 53 72 35 50 10 15 15 48 95 91 60 9 71 97 44 58 51 58 68 95 9 55 10 96 99 5 24 64 46 34 38 67 4 18 32 43 24 91 11 66 37 1 66 53 25 8 13 58 79 44 22 95 1 73 11 62 69 27 63 17 88 90 3 60 97 39 78 13 6 65 91 58 28 84 39 79 69 32 9 80 29 46 47 7 9 9 70 65 70 12 63 30 59 15 1 50 33 40 20 26 80 18 15 92 73 64 45 2 42 6 98 89 62 68 42 82 66 92 81 6 84 90 98 8 29 59 42 78 88 60 
97 96 76 85 31 38 25 44 78 96 18 46 63 12 53 94 4 73 100 66 82 83 33 52 53 72 62 59 94 5 44 36 90 38 91 84 56 44 69 15 46 55 24 56 97 15 35 2 37 57 94 14 8 88 85 18 17 48 84 11 60 8 36 94 47 64 68 77 24 34 42 36 82 3 55 7 71 68 98 53 19 68 56 7 17 100 59 76 2 16 50 78 57 84 68 76 14 15 95 49 66 81 30 99 75 62 21 8 98 4 42 66 32 10 63 50 75 67 23 90 24 20 44 95 40 76 46 98 94 64 26 76 71 86 83 80 41 94 91 34 62 55 85 92 99 45 76 83 75 23 81 69 70 45 7 31 88 63 82 55 
27 74 14 61 72 89 73 99 29 63 70 55 53 39 62 73 21 4 69 9 55 12 17 36 23 56 23 91 84 44 72 82 23 44 96 83 24 68 66 35 0 77 58 56 17 90 45 68 66 41 94 49 34 55 85 98 57 6 70 60 12 62 10 69 94 55 12 73 16 29 55 66 10 67 14 16 89 23 34 34 79 74 38 7 17 27 90 28 93 79 71 38 85 77 51 83 80 66 72 49 68 59 88 99 75 76 58 39 71 13 11 6 94 5 77 86 53 70 53 93 38 21 19 37 77 93 8 92 2 88 80 99 40 62 50 38 28 77 60 92 24 90 37 72 71 7 54 14 96 61 70 28 10 42 40 11 40 3 65 84 
7 6 19 34 19 15 69 37 60 60 87 47 52 9 98 65 1 84 21 39 94 79 79 12 66 41 37 91 78 82 23 9 27 9 89 40 28 11 85 32 41 67 1 94 57 14 54 4 88 90 7 56 33 46 32 92 59 8 63 12 10 24 45 9 53 53 79 67 54 99 94 44 76 6 40 1 94 89 63 95 31 74 75 96 65 71 43 14 99 24 50 100 69 89 62 31 65 64 83 28 69 89 16 17 15 73 5 31 84 12 51 49 58 16 36 12 35 70 5 44 76 33 23 53 27 73 26 24 31 24 54 66 46 21 11 66 39 96 28 14 97 84 92 0 13 60 24 7 45 98 49 93 38 68 45 27 9 81 16 30 
84 78 96 93 39 88 44 66 33 23 29 2 67 42 42 75 86 61 46 19 40 4 24 27 53 45 91 20 55 18 59 99 27 80 18 30 84 9 100 21 87 100 21 41 92 42 93 61 84 89 40 55 42 96 3 26 25 94 14 72 64 27 52 30 60 18 32 42 32 31 17 49 21 96 44 73 25 86 72 54 81 91 84 16 72 32 87 28 62 94 73 31 30 45 93 99 95 99 62 80 38 39 16 22 69 95 44 29 4 15 61 86 34 94 30 47 79 73 38 16 77 25 79 64 31 80 23 20 74 57 6 23 74 20 93 87 95 77 51 38 43 77 88 51 31 74 33 84 70 38 81 90 64 74 61 70 35 12 13 7 
54 97 1 66 57 67 50 5 23 73 90 21 87 38 47 57 23 31 0 37 80 65 1 60 54 10 34 54 2 28 35 67 81 89 62 60 74 83 2 45 28 21 44 38 9 85 65 65 44 90 95 48 40 76 94 73 15 100 62 17 65 61 26 78 83 42 62 96 84 86 45 94 94 72 23 84 93 89 1 63 34 91 44 71 53 76 29 67 63 95 52 63 58 84 18 90 23 76 84 65 32 48 56 39 63 48 37 1 72 32 25 90 1 55 18 42 35 13 99 49 92 72 74 68 33 45 59 57 49 25 51 27 86 46 82 33 100 45 21 66 20 79 21 47 55 55 18 91 58 45 72 7 63 84 89 67 52 97 85 49 
15 16 44 71 70 84 11 53 61 4 94 29 19 50 81 29 50 69 0 22 13 13 55 55 60 27 46 0 64 1 50 83 50 41 49 50 90 58 2 100 55 57 4 88 27 97 80 50 20 12 88 95 56 13 61 99 26 33 6 49 26 50 49 46 27 60 51 90 97 86 62 77 53 19 95 20 64 45 20 4 92 66 39 48 15 62 27 45 68 92 91 85 81 63 86 2 79 15 58 19 52 82 88 99 64 79 87 66 5 1 24 87 12 39 5 16 99 64 65 94 49 43 96 19 93 55 87 75 93 80 63 82 57 33 94 95 47 25 78 22 32 42 20 3 24 82 49 65 65 0 83 42 87 38 47 40 18 88 2 95 
68 69 44 17 80 85 68 95 90 100 71 92 88 63 2 3 3 91 15 64 59 45 60 24 22 41 87 35 90 41 78 51 71 7 19 24 61 38 83 71 60 15 66 71 49 30 57 72 96 32 54 31 73 78 97 66 64 65 77 63 23 93 77 78 57 15 82 97 53 73 26 24 7 59 1 88 69 64 66 66 44 87 8 2 94 37 36 22 40 21 82 42 43 62 15 91 39 94 87 15 65 35 41 36 51 15 19 82 82 54 59 95 13 73 53 53 46 70 50 7 59 93 37 84 28 14 32 49 41 17 18 42 41 76 73 29 31 33 46 11 51 8 40 15 85 56 47 49 59 12 59 78 25 40 29 58 45 4 39 32 
40 21 26 41 50 68 53 94 96 16 78 86 53 21 51 47 16 42 65 10 21 35 37 18 47 71 15 89 57 93 74 51 96 5 2 88 44 87 42 32 49 16 33 85 86 66 14 92 82 1 3 68 44 68 43 17 97 33 34 62 75 12 76 30 43 9 53 52 44 88 36 35 76 6 23 46 59 86 68 3 78 99 61 17 70 96 44 23 33 62 67 70 44 50 26 9 84 78 16 49 82 51 30 74 3 44 46 51 10 53 89 51 84 25 89 27 49 88 73 75 42 51 83 84 49 82 10 62 61 56 9 8 45 97 38 41 1 6 22 75 69 13 73 26 20 71 29 4 43 29 47 96 47 63 8 70 81 15 98 100 
35 74 52 57 69 10 58 37 72 67 62 0 66 3 62 9 79 13 96 79 74 88 81 62 8 51 67 26 98 14 29 12 16 55 95 47 8 76 12 58 97 45 90 30 83 33 43 5 33 49 48 40 91 62 64 34 45 28 34 7 41 53 45 20 73 79 87 6 48 44 76 39 6 48 79 78 73 18 96 29 59 10 49 5 27 75 52 94 65 6 5 23 74 42 80 63 7 11 13 10 10 54 11 89 86 61 1 100 86 87 36 18 17 94 2 75 90 33 11 18 18 43 69 79 28 48 71 83 69 55 49 12 37 54 32 59 12 16 98 36 7 32 11 74 54 55 27 7 21 91 47 57 18 12 4 3 22 72 2 97 
21 34 2 4 35 68 31 42 91 54 8 10 90 2 16 80 99 5 50 91 92 52 88 92 87 21 20 21 35 53 10 2 52 43 48 77 88 45 76 38 29 96 36 9 83 14 87 78 41 21 46 0 85 22 42 99 27 0 75 12 75 49 52 93 44 30 83 13 56 13 87 97 26 57 67 31 73 100 42 85 13 74 65 38 41 59 63 23 14 83 43 33 4 63 95 84 46 2 30 74 33 98 39 40 88 93 11 100 93 11 46 26 0 31 13 23 10 85 1 33 16 64 34 78 79 86 37 84 28 45 37 91 91 51 36 15 71 79 95 61 24 36 53 76 46 64 75 69 39 3 26 14 64 13 57 0 81 20 80 96 
7 71 56 99 23 16 89 88 68 17 79 85 18 75 51 21 15 9 57 51 5 25 77 82 66 31 28 44 99 30 61 97 27 54 25 4 92 7 91 16 66 90 85 22 16 62 83 63 42 67 86 30 68 31 53 17 27 61 44 27 38 75 54 96 29 82 12 72 68 92 72 84 40 23 97 13 82 55 92 39 46 42 0 61 19 63 100 0 46 53 8 44 78 79 28 64 0 65 52 12 88 71 30 23 59 73 76 73 60 77 17 63 4 31 88 24 57 18 10 94 65 90 37 91 34 78 90 29 52 97 92 10 71 47 3 78 4 8 3 52 85 67 63 69 93 25 51 65 13 84 95 53 28 85 89 62 51 66 69 74 
95 73 17 98 30 32 73 76 78 37 26 88 85 2 13 86 43 20 71 54 54 42 33 83 21 94 77 1 79 34 80 71 2 57 56 21 92 17 11 28 35 30 72 7 25 74 89 14 85 38 70 33 85 69 79 79 72 95 72 3 64 30 59 55 1 99 62 81 11 60 50 43 69 74 80 1 46 85 33 64 74 98 83 39 30 12 27 80 28 90 9 78 24 48 3 71 66 48 28 23 23 49 22 92 46 66 78 95 88 28 82 73 91 37 79 99 99 30 9 92 23 80 26 0 34 89 15 68 85 53 66 10 17 29 96 88 25 70 36 70 82 54 21 15 27 34 72 59 62 59 4 23 14 78 73 89 40 22 48 43 
80 48 48 45 14 99 67 59 36 88 95 94 56 22 92 12 10 53 18 14 55 86 80 35 12 61 41 0 80 25 92 94 39 82 76 16 18 82 60 39 67 76 48 85 95 31 55 74 22 89 98 64 98 4 47 52 32 79 29 77 13 58 72 12 96 22 87 97 62 2 86 93 0 0 51 1 40 75 23 12 22 52 62 33 62 35 9 54 83 91 100 94 57 100 7 52 0 44 76 36 59 19 60 34 6 6 3 8 5 95 38 63 34 82 10 31 40 71 87 66 30 22 67 0 17 28 98 44 20 41 17 51 76 12 64 7 79 93 33 37 37 27 56 42 17 63 25 47 59 54 83 67 93 89 0 51 15 30 36 25 
86 57 99 24 91 51 94 5 42 27 4 60 41 58 89 9 35 99 85 4 71 90 15 48 58 24 55 61 31 67 33 94 55 11 73 86 86 85 44 20 87 36 89 93 3 16 85 80 53 78 38 42 29 64 90 59 95 42 53 1 1 31 54 57 63 17 1 20 59 87 27 13 4 89 78 99 84 9 8 25 23 40 1 91 19 85 46 57 91 71 98 39 57 62 21 37 10 90 63 26 40 54 94 27 100 64 49 63 34 47 39 76 52 42 97 22 62 67 78 56 96 46 13 42 60 83 48 35 96 44 97 79 80 57 26 12 72 83 20 62 32 73 24 50 69 98 40 15 8 43 78 18 35 54 78 45 100 21 8 35 
15 35 19 56 21 10 13 47 45 3 94 75 71 49 71 64 10 61 45 28 72 72 43 84 46 21 84 92 48 56 56 59 67 18 77 46 72 35 55 80 58 45 80 70 91 100 27 82 15 25 20 80 16 49 36 22 32 73 43 67 29 61 30 6 30 67 17 1 3 90 62 17 59 35 77 52 57 75 14 24 10 32 78 75 43 47 56 60 55 62 79 41 64 28 9 10 26 17 19 7 9 8 80 10 2 59 79 24 12 18 94 21 85 25 3 17 87 80 51 68 100 100 21 78 21 29 17 81 49 19 22 29 44 95 44 96 67 39 39 65 24 98 97 33 45 91 22 21 34 18 64 68 87 24 37 73 63 15 0 91 
64 36 22 81 81 29 90 78 19 81 70 26 99 73 59 83 71 64 90 77 35 31 95 25 26 70 32 48 30 26 44 36 17 94 7 81 60 23 30 39 65 70 88 67 34 47 16 80 2 45 7 39 13 54 8 100 8 70 5 97 29 18 70 5 79 66 25 79 85 93 20 6 45 92 0 20 97 68 68 94 92 99 50 13 33 12 35 92 68 96 92 55 38 16 65 43 32 96 7 55 54 50 79 65 22 34 72 92 47 77 59 23 14 46 63 24 56 40 96 31 8 23 70 91 24 99 56 80 6 69 63 78 19 70 50 42 72 67 56 95 86 2 11 29 38 6 55 57 68 90 97 62 23 97 10 70 1 35 22 7 
90 19 82 61 95 97 51 46 81 63 85 48 24 56 90 29 100 38 96 39 33 15 79 75 90 20 7 94 12 25 69 54 38 94 95 91 67 3 74 89 11 48 89 11 95 83 41 80 36 42 96 91 13 45 5 55 72 41 31 93 80 44 75 7 98 97 50 9 76 15 94 49 15 79 8 39 34 22 59 64 54 16 35 41 11 75 81 39 71 99 14 93 85 20 52 95 6 8 68 92 77 48 39 51 16 12 96 42 11 59 17 88 42 78 65 54 38 47 77 62 70 25 67 50 47 63 9 74 55 43 23 95 98 63 47 61 34 85 90 23 87 41 0 73 22 81 85 27 55 60 3 5 36 89 42 49 67 31 18 30 
57 99 56 85 8 52 49 83 90 62 71 50 68 79 98 56 37 22 22 98 39 87 97 85 28 53 52 1 38 33 99 84 28 94 93 29 44 24 94 36 24 71 10 44 94 11 56 43 13 98 54 19 18 81 64 31 81 60 6 49 67 50 34 65 99 31 66 24 42 84 92 42 33 85 18 30 93 54 97 39 7 71 72 66 56 1 72 15 97 99 6 38 20 69 57 64 90 90 41 29 59 13 48 56 79 26 89 0 51 6 13 54 28 68 93 39 20 49 34 37 60 40 35 5 18 4 26 67 12 26 65 3 97 89 77 97 30 18 80 36 29 55 47 57 46 85 12 76 94 15 72 11 54 31 59 60 5 46 14 98 
20 55 61 15 18 8 82 44 78 66 77 30 22 50 9 82 16 8 69 36 77 64 72 25 98 13 95 12 10 18 80 20 48 10 82 37 78 10 65 45 52 12 43 89 54 50 95 92 80 62 3 0 34 45 20 3 6 35 60 37 52 63 17 13 93 94 25 34 26 26 69 26 51 92 8 90 83 28 58 22 16 66 53 69 5 20 73 50 71 88 52 26 62 93 83 88 92 3 80 1 100 17 58 69 90 86 46 13 52 37 65 49 96 19 80 2 48 93 47 35 64 79 26 5 99 55 89 21 82 69 1 15 16 69 14 78 33 84 19 39 76 12 60 81 18 34 11 83 30 74 83 92 82 80 8 41 15 40 47 88 
30 61 20 54 87 11 65 24 65 55 88 41 49 92 65 12 23 56 21 59 100 0 40 20 0 85 80 7 53 31 71 4 18 86 6 51 72 21 88 32 99 70 17 57 89 93 37 97 64 52 76 69 70 11 83 95 53 73 81 42 21 12 99 12 50 19 30 6 37 30 11 20 21 33 32 52 95 23 100 40 97 46 68 9 21 38 62 56 10 10 81 74 43 52 37 72 6 66 91 60 85 47 46 17 64 32 41 32 50 58 4 20 69 85 46 9 98 97 54 30 67 32 100 54 31 56 2 78 83 44 80 13 6 83 18 73 78 54 51 1 1 63 26 14 64 47 14 16 80 82 61 39 11 53 51 88 2 6 47 10 
93 26 89 24 41 29 69 36 27 93 18 14 1 56 89 73 26 62 81 66 65 26 29 57 58 86 68 92 9 43 38 74 79 72 22 61 91 49 16 89 12 0 57 34 54 21 49 87 46 5 40 19 62 58 18 64 13 26 88 14 48 90 16 16 55 7 99 82 95 17 59 4 81 55 92 26 66 45 38 78 29 44 15 2 4 87 0 55 3 97 84 79 35 59 1 99 81 76 80 35 29 92 83 29 88 33 45 21 11 47 54 44 82 85 77 64 100 89 97 79 40 60 24 97 41 61 37 57 81 89 14 49 90 31 76 74 37 41 15 55 77 16 92 13 27 25 67 57 5 80 52 73 58 31 78 44 95 66 94 52 
4 4 84 94 68 45 86 84 40 40 10 41 93 22 23 53 66 78 34 44 49 39 25 84 73 20 13 22 45 77 32 14 2 8 9 75 34 26 0 49 36 37 63 30 86 94 26 52 29 62 67 89 20 28 94 66 68 33 74 9 80 17 33 57 13 50 90 58 5 3 13 73 33 14 79 6 38 17 42 90 65 52 20 26 19 44 19 33 60 70 2 95 18 23 49 15 99 29 97 56 54 46 54 74 35 75 32 83 60 76 45 27 66 86 24 45 31 31 77 98 77 100 58 92 84 91 40 68 82 22 19 2 65 24 82 63 86 46 63 49 99 85 22 43 4 86 20 100 65 46 3 37 39 81 44 79 34 37 77 7 
