140
140
98 34 69 82 87 63 71 18 30 36 46 87 95 85 48 34 23 85 1 95 50 90 3 74 53 2 93 71 51 50 88 65 77 41 96 25 45 57 63 31 95 34 82 94 74 45 23 9 19 52 64 75 54 59 42 12 8 4 57 16 64 5 89 19 54 72 33 94 89 48 40 24 47 39 12 17 4 72 21 29 6 97 47 32 94 46 2 49 55 68 7 71 32 27 81 29 41 66 72 83 58 35 80 17 16 22 92 29 42 44 2 6 45 8 23 87 74 6 54 39 58 23 64 77 9 26 1 44 84 40 9 42 40 52 10 55 30 42 44 62 
33 57 58 84 52 98 64 91 15 30 35 90 100 77 27 42 62 15 64 20 50 50 15 7 62 5 92 42 93 37 97 87 67 8 89 19 3 84 55 55 7 24 16 82 46 56 73 45 76 36 38 87 51 78 81 44 100 0 68 63 100 68 70 98 48 86 24 5 83 23 68 73 30 36 65 11 100 49 24 10 12 71 70 66 61 88 21 95 2 84 32 81 39 78 48 19 72 44 16 59 11 90 72 75 9 93 13 57 64 17 33 50 9 81 89 38 14 88 40 72 57 87 30 82 74 2 2 75 27 9 96 22 18 77 3 8 2 0 80 62 
20 76 77 25 10 25 71 95 24 84 24 48 26 42 20 86 35 51 0 34 23 72 99 25 20 81 51 71 46 27 55 89 26 73 82 97 48 93 51 28 70 22 51 5 45 55 58 64 17 43 78 87 26 56 20 87 93 6 77 4 76 84 24 24 79 8 51 32 41 37 79 71 19 72 1 47 79 67 50 90 65 78 25 43 90 72 49 0 72 5 94 79 11 68 49 54 6 16 41 48 87 1 67 49 75 1 83 100 42 62 50 10 56 89 7 33 21 38 36 64 5 56 19 51 93 59 37 42 60 71 28 67 60 1 98 35 9 73 78 22 
84 31 45 49 99 23 11 45 45 12 19 85 58 10 17 99 36 12 64 6 71 5 23 68 22 4 39 30 98 27 90 39 35 14 8 47 36 89 80 31 97 64 54 37 85 91 16 38 3 35 37 87 61 98 99 39 93 77 98 44 19 14 86 22 49 89 34 78 72 37 51 75 19 77 82 95 19 8 21 43 51 20 53 79 11 51 19 69 8 2 43 14 88 27 45 34 82 27 7 48 45 67 12 74 10 46 24 29 33 51 38 8 89 95 68 24 12 6 41 60 0 88 83 98 55 90 15 93 21 91 53 28 96 75 95 98 9 24 56 81 
61 51 56 28 63 97 44 7 47 27 50 76 74 17 80 82 17 36 68 8 92 42 46 76 66 7 76 58 87 59 54 72 9 59 10 99 28 35 36 13 34 30 65 16 65 47 100 45 28 0 16 85 23 35 65 55 38 73 27 48 44 72 12 59 77 38 46 89 99 63 84 18 77 16 64 19 38 4 44 100 0 65 36 5 13 10 95 71 86 26 81 39 80 90 76 47 40 5 60 58 76 42 70 76 1 40 62 67 17 83 56 6 96 48 59 85 91 86 95 38 90 71 10 71 6 17 60 29 30 84 81 41 20 5 66 87 89 39 51 3 
60 82 17 24 75 63 32 82 27 87 67 97 90 39 85 32 67 87 15 64 78 60 60 80 92 50 39 58 75 74 92 33 30 54 76 54 96 2 36 94 22 73 69 69 11 75 62 32 18 30 19 99 78 16 82 79 12 9 28 100 93 15 59 74 35 52 35 10 31 89 7 18 27 97 54 4 20 72 73 84 3 57 35 2 82 65 20 80 17 95 46 87 62 13 68 6 66 79 73 76 9 2 15 38 8 5 47 80 19 96 37 71 80 54 81 90 1 62 28 39 19 34 61 46 1 73 80 85 11 47 76 39 52 24 92 45 64 55 12 41 
96 15 98 4 68 79 4 44 52 53 61 23 74 20 97 55 72 77 42 30 24 74 55 30 37 91 23 97 75 63 76 11 97 89 69 23 66 2 23 53 60 77 87 62 3 5 60 53 34 6 10 9 18 91 95 18 99 6 42 67 34 15 0 65 6 84 27 89 71 21 40 88 21 76 44 84 11 23 49 41 37 53 72 95 83 27 70 42 68 62 69 0 88 53 25 13 46 22 32 68 93 3 46 37 67 63 48 20 97 3 79 98 91 27 31 21 9 23 64 16 75 55 86 68 82 32 42 67 12 61 58 31 61 76 37 94 33 88 32 44 
33 1 1 79 38 41 7 91 62 97 36 20 14 2 4 46 27 100 26 48 32 51 29 16 52 97 45 21 20 13 95 35 64 33 22 93 73 13 18 80 40 28 100 47 19 76 64 96 9 4 7 35 7 87 10 86 4 11 97 62 73 85 10 3 83 76 98 10 42 20 39 26 1 43 65 21 52 62 64 21 76 3 28 84 28 65 15 19 71 64 69 83 59 25 59 10 24 28 82 89 38 48 94 1 30 55 85 1 95 18 64 58 11 94 23 77 18 5 29 47 10 91 49 18 91 32 70 3 22 10 5 73 15 81 80 21 19 6 25 73 
97 68 95 46 86 78 39 40 37 50 21 92 10 15 15 77 40 65 17 85 73 57 38 28 81 44 49 72 87 8 95 42 63 19 83 55 16 85 42 7 74 19 60 72 77 30 33 58 39 46 30 2 62 46 26 5 31 84 89 46 67 18 78 40 76 21 44 18 48 77 5 71 14 18 24 3 17 8 69 89 22 21 54 95 88 18 9 86 42 34 98 91 73 79 82 34 94 56 99 87 66 15 72 79 44 82 27 78 61 81 70 60 41 91 77 53 41 43 79 83 97 27 99 62 98 75 37 3 85 7 100 32 6 55 25 93 59 40 4 63 
42 0 83 84 68 29 94 92 4 46 47 27 14 87 93 97 81 12 68 42 77 46 58 40 24 55 4 94 15 93 98 51 99 77 3 32 2 83 89 25 60 93 63 4 80 17 53 8 63 9 42 31 32 71 85 11 37 20 87 68 42 42 89 64 77 64 77 96 76 14 42 18 55 44 45 26 4 31 0 81 68 47 2 74 62 35 32 9 21 89 54 99 58 15 47 86 11 90 2 47 13 13 83 52 82 52 74 98 97 39 14 76 88 67 19 30 86 62 50 67 13 41 30 87 53 56 32 42 90 1 73 53 88 28 67 71 37 17 78 24 
42 47 22 10 23 51 50 9 67 22 2 78 89 45 46 82 3 16 95 11 33 21 79 86 89 6 42 51 28 38 10 96 21 66 99 36 98 98 44 5 85 44 8 57 83 8 12 71 86 41 30 11 12 54 22 49 100 92 49 8 3 80 91 64 36 80 26 93 52 38 48 85 80 65 39 87 49 88 71 57 89 21 100 43 8 74 14 86 52 47 69 77 14 100 49 2 42 23 56 86 96 45 24 99 29 92 83 58 88 80 69 65 24 97 5 26 51 49 25 51 52 74 9 81 74 29 53 15 75 15 3 81 89 29 27 75 76 77 16 46 
55 5 57 87 0 98 46 35 71 68 100 42 28 54 33 39 74 96 44 73 72 25 11 99 76 28 95 84 1 16 21 37 59 94 42 79 47 61 1 70 94 38 89 8 0 100 57 67 34 70 40 80 65 52 36 0 50 72 2 16 66 41 29 46 23 20 40 85 17 7 54 23 46 18 41 30 81 31 42 42 32 71 35 54 24 10 77 26 56 87 52 56 50 5 86 77 100 7 99 36 35 37 18 97 86 54 39 76 87 27 97 63 35 21 61 67 53 100 19 27 76 5 47 93 32 55 31 6 11 52 30 95 54 96 35 12 75 35 6 22 
8 69 93 11 35 5 73 0 93 71 86 36 25 70 12 67 10 36 70 14 84 22 52 59 26 93 45 54 43 77 24 89 69 10 34 60 47 38 69 54 81 93 19 98 9 1 37 82 78 68 37 1 77 99 65 86 13 20 21 36 10 46 22 2 31 74 50 27 55 87 75 47 1 64 9 88 62 36 44 16 30 96 1 20 46 25 39 13 89 63 83 16 12 8 97 20 72 0 27 97 25 56 63 98 86 35 11 1 77 74 92 1 49 52 98 55 88 39 6 54 100 94 9 32 25 64 82 40 91 11 47 28 5 31 56 99 43 99 25 21 
56 56 9 21 96 91 36 91 19 38 63 5 7 70 11 78 27 50 48 70 39 14 29 96 14 66 79 88 95 9 12 74 99 40 88 100 57 15 5 89 52 21 61 75 100 52 36 80 49 95 56 3 95 75 78 96 3 21 73 51 14 19 45 100 0 44 15 92 59 23 19 3 6 63 27 12 78 54 78 41 29 57 18 77 12 48 82 12 49 79 24 10 74 36 59 93 91 24 5 45 84 49 39 30 39 1 47 92 25 31 48 27 57 0 55 78 46 62 100 77 94 56 52 99 1 3 43 2 44 56 0 13 86 89 32 61 86 66 70 15 
86 2 61 98 53 34 68 64 90 58 56 2 90 96 14 46 63 28 26 19 67 41 24 74 74 5 55 83 28 21 37 85 43 31 14 61 27 86 85 79 9 83 59 91 94 30 18 19 12 25 90 38 5 57 54 0 31 1 3 77 23 27 25 6 8 71 9 21 20 41 25 1 56 95 79 77 94 91 10 69 12 32 94 100 51 12 55 70 86 21 14 50 90 38 95 28 63 83 83 42 15 46 80 15 69 76 53 43 93 77 66 8 44 55 43 57 29 65 24 33 57 18 51 84 75 95 70 80 7 70 71 7 81 16 55 48 37 8 7 86 
82 45 27 4 0 41 53 83 76 13 40 88 28 15 78 90 12 1 18 71 86 17 8 71 0 20 87 3 36 26 23 99 28 44 3 37 45 86 86 88 21 58 14 85 50 7 78 93 89 59 3 33 77 91 54 4 94 17 9 11 88 0 90 47 38 97 38 57 86 44 30 27 0 55 40 49 77 26 27 47 75 65 93 34 34 66 25 28 37 4 3 75 37 48 65 50 74 11 67 69 85 8 30 66 26 28 96 93 85 7 5 6 89 98 69 29 89 54 5 10 43 40 66 67 19 81 21 18 99 18 57 48 55 20 46 100 74 35 84 38 
23 47 11 68 7 27 22 33 32 66 77 81 43 67 8 30 3 33 63 28 77 20 22 43 68 79 8 88 35 90 57 92 96 91 45 65 86 75 44 96 50 95 14 99 57 22 43 93 70 53 33 74 13 26 90 13 32 78 67 68 77 83 83 0 3 14 61 31 40 100 60 36 92 56 4 6 51 7 42 95 68 98 19 44 64 36 15 2 67 64 64 67 71 60 57 100 24 29 89 20 59 50 59 54 46 6 97 7 17 49 39 91 23 35 2 89 37 87 78 78 53 19 37 88 47 7 1 80 18 33 55 84 66 20 72 60 58 8 56 72 
54 14 71 9 73 47 19 76 57 73 70 63 39 17 94 8 55 90 19 26 31 65 16 98 84 65 3 71 11 17 35 39 24 14 47 83 72 18 100 99 72 47 0 56 46 71 95 33 95 68 63 54 7 77 10 92 8 91 5 40 40 77 95 78 31 100 74 70 60 16 40 92 32 60 89 99 8 53 87 0 64 78 7 61 53 93 79 83 56 18 98 24 84 15 94 37 23 37 51 74 69 67 6 48 48 72 3 83 69 43 28 36 32 30 90 36 38 97 18 68 40 1 74 37 85 93 71 30 72 96 10 24 15 41 88 10 66 11 43 97 
31 32 71 8 100 55 11 41 1 22 40 33 100 21 89 56 43 94 89 85 25 47 86 16 60 67 47 76 91 73 73 82 1 91 6 8 13 25 74 14 61 32 51 64 31 3 45 29 35 66 74 89 20 49 45 8 67 62 65 39 36 100 94 61 50 52 6 28 92 1 41 50 76 36 72 1 65 96 18 48 2 49 94 88 22 51 73 83 32 36 76 32 87 31 14 5 10 51 52 42 84 33 53 2 63 39 59 68 88 39 63 71 14 73 49 72 67 43 94 44 100 96 21 44 92 65 94 74 99 83 40 38 40 13 14 1 13 56 83 36 
75 59 27 89 45 7 99 59 35 53 22 70 64 82 93 84 45 15 51 65 16 3 54 40 59 94 71 77 43 89 32 26 40 63 44 33 46 56 24 8 97 71 10 38 1 21 69 4 13 40 98 60 95 18 98 22 6 96 15 43 35 22 62 55 41 79 23 68 84 25 31 72 54 59 22 40 15 57 85 55 21 7 44 96 96 9 47 42 87 20 94 68 61 35 2 84 20 82 64 23 1 7 85 89 41 99 23 77 10 87 4 82 37 35 17 5 43 78 47 32 62 6 34 82 2 89 53 87 27 63 79 46 39 96 10 33 14 72 97 36 
28 36 52 64 7 44 41 11 68 81 32 16 22 62 78 51 24 91 74 92 97 71 6 79 43 39 56 0 69 26 2 55 29 17 68 70 89 42 22 97 19 98 64 45 89 97 15 92 38 34 5 10 54 47 79 85 100 18 71 99 42 55 60 91 78 50 86 44 72 12 53 67 85 66 86 78 52 100 10 31 42 50 22 35 61 94 92 0 78 50 70 44 11 57 40 100 6 90 84 36 55 25 50 11 1 48 79 40 63 43 21 71 20 19 77 96 67 62 63 9 15 27 52 93 89 79 61 14 8 7 40 45 0 48 38 40 82 4 96 1 
24 74 13 97 37 18 55 63 12 34 65 77 42 20 73 69 82 85 85 51 53 38 87 61 19 14 41 95 81 25 60 1 75 42 27 41 69 99 21 76 11 5 68 61 88 2 14 27 100 95 39 59 16 21 38 91 47 96 34 77 71 88 91 35 24 21 5 66 6 5 15 43 98 60 12 31 89 0 82 23 85 11 83 92 70 19 67 52 15 8 26 68 77 92 57 57 80 24 38 27 60 94 9 9 42 92 15 24 63 57 99 53 38 1 28 28 37 68 37 85 92 28 5 94 16 44 27 82 36 29 29 50 32 29 46 50 86 76 75 17 
42 41 5 67 70 66 83 26 56 59 83 3 44 25 28 80 99 41 15 57 38 82 8 47 65 35 89 8 47 78 83 33 95 62 55 1 0 10 61 44 57 70 21 12 99 81 5 91 9 29 40 33 33 87 35 71 20 53 64 78 21 39 67 87 22 5 58 76 76 89 83 40 80 68 33 1 27 90 75 74 0 40 2 32 70 31 3 33 87 37 33 50 2 84 48 89 3 43 98 2 73 57 16 5 60 33 18 76 84 18 2 21 69 12 42 98 33 92 52 84 95 23 4 94 69 28 68 48 61 92 24 20 6 38 11 66 48 19 51 89 
100 25 11 35 87 26 26 12 74 30 8 79 62 10 42 2 6 49 13 22 38 41 54 1 50 20 32 41 20 56 66 17 24 66 57 0 45 95 25 52 76 91 35 91 39 94 72 45 77 85 28 54 13 36 20 37 53 46 55 20 52 52 98 88 43 79 86 15 52 97 92 84 84 7 79 62 34 61 28 36 41 26 7 91 42 11 94 64 59 9 77 69 76 98 86 68 24 7 1 50 72 69 32 86 87 10 78 100 37 66 31 41 17 87 31 80 30 6 85 79 65 47 69 98 91 2 54 12 0 92 74 84 5 36 88 13 48 91 30 83 
1 62 19 79 38 46 71 42 75 53 58 84 89 20 29 34 20 21 8 5 19 52 20 32 18 66 23 85 52 4 20 99 72 45 26 16 25 14 98 4 47 24 92 26 14 32 38 54 82 6 44 5 100 46 60 50 40 66 26 38 93 22 56 34 78 87 93 35 13 34 75 49 92 59 83 3 47 88 67 38 53 59 89 21 84 32 89 91 75 96 61 12 69 2 7 46 99 26 50 21 12 71 54 53 23 17 1 43 50 27 39 23 55 97 2 13 86 18 44 98 17 2 61 48 93 48 61 23 60 0 7 4 98 91 58 72 46 81 57 57 
64 71 53 68 0 32 89 41 58 4 57 36 10 69 61 100 13 78 41 80 23 29 9 93 92 64 92 35 5 53 45 10 74 11 65 99 48 73 6 56 57 20 69 28 74 0 51 76 11 48 80 50 86 62 16 80 91 50 94 88 1 60 34 51 26 92 11 17 92 30 35 21 53 24 35 8 96 4 55 70 58 44 5 3 70 30 13 32 7 50 76 14 97 9 77 69 95 75 48 87 36 32 38 72 70 21 21 77 85 55 22 81 37 53 70 14 66 43 64 14 74 89 26 80 25 100 26 14 69 3 32 10 82 33 32 15 98 94 2 80 
58 8 87 20 42 53 26 50 52 85 6 19 44 8 16 64 52 88 16 82 37 69 69 71 12 36 9 56 26 34 53 83 49 20 86 67 16 91 74 77 68 82 51 97 32 65 43 90 84 51 23 49 61 52 79 77 23 29 14 2 73 96 1 11 1 19 96 71 7 24 21 43 47 22 88 45 78 80 88 11 31 19 64 16 17 78 26 87 37 37 33 98 25 92 82 8 31 16 100 74 24 8 33 43 40 20 17 3 0 73 53 7 93 98 48 63 1 79 84 65 19 6 67 33 76 73 87 95 37 53 83 29 33 42 55 64 60 50 95 87 
48 32 43 57 1 54 19 89 15 6 41 36 31 23 43 59 19 99 27 99 24 95 48 70 21 56 84 92 52 7 83 81 34 58 79 21 52 93 37 81 97 75 52 29 17 82 16 71 100 77 42 69 45 77 9 69 11 94 5 67 78 58 57 10 92 49 70 87 66 74 96 82 6 81 65 72 63 69 13 6 0 98 18 27 44 75 60 32 75 61 11 58 25 52 13 41 8 92 49 97 15 61 48 30 65 25 7 8 98 31 32 57 51 97 37 15 6 88 85 32 82 63 69 57 2 17 61 63 42 86 11 32 97 97 56 4 38 26 55 98 
33 12 68 0 25 13 69 76 49 12 71 19 71 57 85 72 29 21 15 93 3 85 2 9 47 23 41 54 96 74 32 99 97 14 96 73 62 22 3 80 53 3 97 56 42 37 40 89 74 15 63 61 10 27 47 18 0 33 55 72 65 64 99 64 8 27 34 79 38 60 13 27 20 0 87 78 35 56 85 90 54 34 15 13 55 99 36 27 29 30 33 26 38 71 75 38 33 24 62 77 61 36 50 20 5 51 14 6 72 2 31 27 71 73 76 38 69 35 49 50 48 49 70 39 3 5 88 58 0 62 15 7 73 71 22 90 47 86 57 69 
84 11 70 72 44 73 35 6 86 2 82 20 72 5 60 40 85 65 67 54 22 39 100 2 63 84 92 80 77 89 89 32 95 9 42 10 81 67 91 95 59 4 4 48 41 81 3 77 52 70 4 83 50 57 46 1 79 23 53 29 0 33 41 69 91 10 87 38 56 22 23 45 85 9 97 88 39 27 77 45 22 43 9 6 7 87 51 16 3 84 21 21 29 71 90 82 37 45 10 2 6 9 26 96 77 62 94 35 56 66 53 50 16 24 61 82 95 6 99 96 9 66 6 24 83 83 61 77 78 32 81 31 17 12 3 48 18 66 23 97 
45 11 67 77 0 54 78 87 43 98 87 51 60 78 3 69 43 4 40 93 31 64 95 99 18 0 100 11 42 78 75 20 71 91 50 63 83 97 67 59 18 82 25 50 32 23 41 97 39 64 95 72 85 87 57 14 75 66 52 1 7 42 73 28 87 29 76 59 4 68 68 36 19 3 69 18 83 38 76 97 69 18 77 33 17 70 39 18 10 20 50 32 85 38 63 86 3 1 18 63 60 20 6 86 4 7 100 96 10 44 39 32 21 76 65 7 93 61 37 15 99 95 29 83 42 58 16 12 15 80 62 11 69 66 62 63 53 42 27 93 
4 54 66 40 79 47 79 85 53 3 13 97 88 12 56 34 73 5 37 17 34 42 27 81 92 21 47 15 1 15 93 90 34 96 57 79 82 72 0 74 15 84 17 73 40 26 18 96 24 35 17 26 84 12 9 44 75 17 96 22 78 78 39 61 53 76 29 71 46 8 56 98 3 45 61 66 54 73 1 32 17 16 12 80 34 90 24 28 75 2 40 72 83 95 65 74 80 67 100 86 73 99 13 98 74 68 85 69 89 18 91 77 35 88 9 51 55 90 45 56 82 5 95 92 9 56 75 11 64 2 23 74 100 94 85 27 62 89 90 52 
42 24 58 87 10 59 73 52 100 92 41 29 32 7 67 73 55 79 67 39 37 62 86 18 97 35 43 94 44 73 57 45 66 100 94 29 4 4 80 32 72 62 52 38 11 26 73 73 83 26 55 94 50 86 6 30 74 48 81 84 88 36 82 13 68 63 60 31 13 28 39 43 38 33 2 36 82 20 16 87 53 19 79 28 19 72 77 7 85 86 48 45 100 61 57 9 19 97 92 42 46 73 12 8 17 35 98 8 38 84 88 48 62 9 90 100 69 90 18 49 10 41 95 13 57 53 69 2 37 58 45 42 48 76 1 58 51 54 3 44 
75 90 95 89 3 23 66 10 6 75 33 78 74 74 0 65 50 53 19 77 39 83 67 66 64 58 57 94 76 19 99 73 35 37 32 93 24 27 28 63 25 73 97 66 84 82 62 58 69 27 67 31 71 51 88 33 22 21 75 46 93 46 47 74 42 10 85 69 32 47 53 90 62 70 49 82 33 76 86 100 91 26 11 4 69 32 44 99 29 44 46 77 12 65 8 84 66 82 33 87 36 78 62 39 78 52 100 24 64 51 24 75 46 11 40 27 57 15 82 39 73 85 8 5 10 0 17 84 79 85 20 90 20 3 54 23 62 41 77 82 
31 90 72 88 12 3 8 57 84 98 4 19 4 5 32 91 30 85 29 2 29 28 56 40 76 26 35 46 64 70 82 60 28 8 97 27 51 22 97 57 7 88 63 72 24 76 66 47 10 37 47 30 20 47 54 73 25 26 26 98 64 60 45 69 73 3 40 50 40 29 24 39 58 41 2 25 46 6 72 61 51 58 98 58 21 9 24 34 49 81 8 92 85 9 41 76 86 65 4 40 6 16 87 66 4 91 52 74 6 1 72 41 91 50 62 67 8 86 7 51 94 35 82 94 34 12 36 100 100 80 80 46 36 4 29 96 83 100 84 9 
65 55 56 8 78 79 28 51 50 17 59 58 50 23 17 75 13 19 19 29 64 39 19 77 62 29 43 42 69 13 57 69 7 82 98 3 2 42 6 52 73 24 32 17 64 13 78 47 20 52 83 18 66 30 63 98 65 30 21 8 93 28 20 3 13 68 87 18 38 79 17 96 66 81 94 84 57 56 92 100 81 26 19 57 45 10 82 0 72 19 56 1 90 20 1 91 55 75 79 2 29 71 100 42 56 5 21 0 93 51 69 6 62 27 3 22 66 39 78 44 97 24 8 61 16 56 85 70 90 90 46 62 46 20 100 3 9 7 11 78 
68 95 41 80 69 23 95 6 35 80 3 70 17 6 1 62 49 22 48 10 7 1 86 58 28 74 21 36 96 8 86 81 14 64 44 1 9 84 21 43 72 83 56 39 96 10 56 88 41 99 98 51 21 88 58 48 62 56 5 50 40 100 95 63 56 14 67 77 20 56 25 56 12 80 80 36 23 78 89 85 15 17 20 56 52 24 3 99 79 4 10 90 38 31 54 61 21 81 39 19 11 74 16 4 88 47 62 91 11 14 34 32 69 52 2 38 65 9 75 9 12 83 58 1 90 8 97 96 9 84 94 54 99 44 62 97 58 80 15 15 
74 81 51 38 8 24 93 30 77 35 79 2 100 25 89 100 95 78 47 20 17 29 93 77 62 45 23 11 11 8 85 72 78 12 63 54 57 18 86 53 92 94 43 16 21 33 34 40 11 89 37 37 24 27 60 3 48 64 55 24 96 61 34 48 81 93 77 26 75 3 44 38 88 15 95 29 66 62 70 57 26 64 37 22 8 27 9 18 44 21 88 55 87 82 89 79 19 35 73 83 23 75 62 33 22 30 69 12 85 41 33 25 90 12 96 55 28 42 67 88 54 44 45 91 64 54 18 77 49 83 36 64 48 53 38 1 20 92 28 40 
64 75 2 25 60 73 96 79 68 56 22 60 64 10 28 71 70 6 67 87 6 8 77 8 60 33 96 15 7 13 55 40 10 68 35 25 32 42 90 34 41 85 25 23 6 93 71 29 1 44 63 93 73 68 40 47 40 1 25 35 69 84 20 2 72 30 94 100 48 77 66 97 98 13 85 92 66 52 53 40 60 59 88 83 55 76 25 24 30 35 53 87 1 17 77 60 47 7 32 73 27 82 75 84 43 7 93 8 58 23 80 57 64 32 21 12 33 86 87 67 90 58 34 17 47 20 47 3 30 44 77 58 36 20 58 83 76 63 63 93 
49 16 52 84 78 50 51 93 58 65 69 28 88 43 90 55 20 70 41 57 51 45 31 1 11 30 30 19 71 79 77 89 9 62 18 93 35 97 96 53 78 58 18 94 46 40 58 60 81 80 79 61 97 41 57 43 55 99 8 39 41 53 69 18 64 72 84 50 68 68 14 53 36 26 20 11 26 12 69 43 33 21 84 24 69 69 19 88 69 27 77 43 46 71 30 47 83 23 78 62 51 74 54 85 9 18 89 14 11 99 77 3 89 40 21 56 61 73 86 37 84 85 11 80 47 8 20 12 58 85 56 93 54 2 28 22 89 27 76 37 
60 33 7 96 62 35 39 100 8 88 70 61 48 48 9 61 8 75 58 61 79 5 57 27 35 57 24 7 64 97 60 65 5 25 92 62 43 71 54 33 30 93 5 54 78 77 27 40 5 8 89 50 96 81 55 32 14 61 15 19 83 85 45 1 50 49 58 75 45 94 84 35 17 16 12 12 43 60 76 25 96 75 76 95 1 28 49 59 10 0 3 54 50 16 87 68 54 62 46 33 13 90 78 38 84 12 6 55 34 24 10 29 93 18 86 94 63 94 18 86 6 19 44 16 49 58 18 72 78 51 22 61 4 16 96 15 86 69 85 60 
39 18 23 18 85 7 79 75 61 66 7 31 18 45 60 57 92 38 81 60 36 45 47 45 31 3 51 8 92 49 73 31 89 9 65 26 31 9 9 76 100 64 91 86 52 76 76 58 5 100 56 9 63 74 75 70 39 16 100 61 84 6 97 50 74 4 25 33 30 61 64 77 54 53 21 63 37 47 78 60 88 46 66 58 34 24 14 6 14 99 39 63 81 31 55 72 44 54 71 99 67 28 96 19 68 3 53 99 80 11 29 19 22 47 3 50 26 50 61 22 8 38 16 41 87 35 88 48 17 32 47 33 90 54 6 16 34 15 40 100 
96 7 62 75 15 87 96 18 96 100 16 69 19 27 47 66 55 47 6 44 92 60 78 98 95 55 47 48 27 34 30 89 0 83 62 14 98 36 47 72 92 74 74 81 87 55 71 97 42 14 30 69 20 82 75 80 42 70 93 48 38 81 84 12 72 33 13 61 29 42 84 84 67 44 18 15 77 96 66 89 96 67 29 42 29 14 33 99 48 34 87 46 73 3 83 91 37 54 72 8 34 60 62 48 29 77 76 52 54 78 62 56 90 10 89 81 94 42 57 36 34 70 1 77 76 75 49 53 14 22 38 4 88 6 27 27 81 91 70 83 
4 54 96 93 98 30 90 78 100 68 39 83 56 88 96 34 75 61 49 67 10 76 10 20 73 65 44 65 55 51 62 68 44 7 71 62 21 92 83 88 2 1 6 48 39 19 38 72 16 1 3 37 25 25 61 31 81 24 86 15 24 99 81 2 38 18 42 46 37 92 78 73 5 23 78 47 95 31 3 55 83 24 83 21 98 0 96 52 23 49 26 18 47 46 3 44 15 20 13 82 87 45 74 29 35 68 30 96 2 57 61 7 78 97 17 34 37 33 58 92 48 46 57 56 99 4 36 88 88 34 32 76 50 46 69 12 48 12 46 16 
98 89 59 74 71 39 36 17 77 6 86 47 12 98 25 30 21 87 13 44 95 61 52 22 48 13 85 14 9 19 32 59 67 37 85 43 21 14 34 0 41 95 74 51 62 32 95 77 91 77 15 83 78 8 43 90 97 51 8 80 59 97 15 25 18 1 23 11 33 73 34 24 98 61 75 59 93 12 92 64 73 88 58 83 11 61 73 74 77 15 19 27 18 31 13 34 100 58 50 70 55 25 49 29 30 45 100 57 68 4 65 85 22 92 95 27 74 17 21 70 94 41 46 6 56 98 54 98 82 12 3 52 30 24 18 50 71 4 80 18 
94 62 70 100 49 59 83 22 7 0 81 89 38 22 100 44 89 23 8 13 90 41 70 96 46 89 67 75 29 44 31 61 35 27 2 57 15 34 36 88 99 61 37 21 91 8 9 47 29 10 93 53 58 22 82 90 58 43 45 8 12 30 0 1 89 58 12 73 48 96 59 78 90 48 35 4 76 17 2 64 32 49 71 61 83 72 89 52 11 91 86 34 34 30 29 76 51 13 0 71 78 95 21 0 81 92 18 40 87 35 68 70 65 44 55 2 96 86 53 14 92 31 62 45 16 76 16 81 92 81 12 55 54 46 69 67 96 96 46 99 
66 34 10 98 22 56 37 55 92 86 79 94 97 90 26 71 4 81 65 1 11 74 0 6 38 0 39 31 59 42 9 21 30 14 94 49 100 58 21 96 89 89 35 43 71 23 40 13 31 48 34 45 12 3 47 66 4 48 39 94 83 68 4 17 38 75 72 55 68 93 7 61 0 94 79 9 91 44 52 33 100 1 96 31 56 1 75 38 29 75 42 17 37 26 9 6 68 72 87 24 63 36 94 92 80 97 95 71 4 18 2 12 95 0 100 26 44 4 95 28 82 38 62 45 90 20 5 93 3 85 13 30 22 99 55 21 80 95 79 0 
71 45 34 11 13 51 54 64 44 58 52 52 51 38 34 20 47 59 7 11 19 59 24 65 85 40 72 27 15 46 57 18 37 96 26 96 67 26 15 80 18 28 85 92 6 6 98 32 40 21 10 96 49 59 30 90 97 15 29 72 57 15 40 83 29 65 80 79 37 57 36 26 22 52 24 69 97 63 59 38 54 50 67 47 28 72 60 48 4 47 54 95 21 55 68 94 77 13 79 13 87 93 60 94 12 26 31 21 54 70 47 42 12 77 4 74 82 18 99 70 20 15 99 65 36 57 5 86 60 52 58 92 16 70 14 69 53 78 22 19 
58 86 97 95 25 73 50 81 67 12 62 42 2 66 80 96 13 64 96 16 78 18 19 64 67 48 52 69 50 48 88 35 67 0 45 78 81 59 1 46 39 77 100 13 35 40 14 23 41 7 99 31 70 77 61 8 23 18 46 12 48 90 92 57 51 93 82 25 51 7 3 12 80 26 31 96 27 96 19 89 86 63 73 10 77 100 95 95 61 90 12 88 72 48 50 15 52 15 86 15 22 18 85 42 38 40 18 25 65 45 72 58 18 73 70 0 21 100 48 76 30 2 29 76 19 51 95 67 82 78 38 89 81 60 0 29 51 69 48 77 
86 20 2 4 84 80 2 19 73 41 2 26 70 43 39 100 88 27 52 29 23 65 91 97 2 91 100 31 23 32 99 66 75 2 79 51 14 23 54 98 96 51 81 75 22 57 85 64 7 2 88 63 25 18 31 27 36 71 0 62 56 4 14 49 43 90 67 56 5 79 95 57 55 42 77 96 94 64 2 50 43 79 60 27 15 81 13 55 68 24 12 79 85 51 23 55 23 42 47 98 68 36 50 43 82 25 56 32 54 70 36 44 84 0 46 38 95 37 13 81 100 86 44 35 65 25 50 38 36 18 26 34 47 38 62 14 66 86 83 78 
8 6 2 71 82 98 9 17 46 76 22 62 83 16 34 90 82 97 76 36 14 25 51 62 1 62 53 75 29 43 32 100 63 54 10 5 73 75 83 50 44 37 26 19 87 92 34 33 28 77 23 80 18 24 30 15 26 68 8 99 99 69 95 73 48 18 50 19 75 29 83 73 30 91 80 96 59 74 44 20 56 49 93 97 89 65 70 56 18 73 90 20 72 72 44 88 82 40 41 67 9 13 82 79 17 41 9 47 65 28 79 89 2 27 72 11 17 53 52 52 64 26 88 18 65 13 14 63 28 76 33 96 43 15 49 69 27 4 95 30 
70 58 37 88 70 4 41 88 42 18 87 5 46 71 37 11 54 67 29 49 90 91 52 44 18 18 68 85 97 11 95 96 49 88 18 59 83 58 53 38 77 32 44 10 25 40 69 86 91 80 78 25 5 43 22 22 65 61 45 98 88 2 59 80 69 94 58 30 25 3 55 57 100 7 65 93 40 25 23 11 75 1 64 42 48 51 91 38 61 55 32 39 99 19 12 16 35 55 51 30 37 37 88 91 96 72 6 26 5 91 20 72 48 96 90 64 91 25 82 32 15 2 2 7 39 100 38 79 99 85 55 45 39 6 58 86 81 67 86 18 
45 8 47 19 21 64 20 56 0 68 44 55 91 80 28 93 32 57 27 54 47 19 67 60 91 80 79 23 81 72 52 27 20 84 36 60 31 18 18 52 65 0 92 55 53 67 47 2 41 31 95 92 21 91 28 89 28 74 2 43 92 89 62 85 59 63 85 82 21 33 82 36 43 5 95 90 31 26 13 89 49 41 76 64 27 98 33 26 86 53 59 82 59 10 25 17 72 3 46 63 86 54 24 47 21 33 46 86 70 77 78 7 49 13 95 5 93 87 17 43 87 61 100 67 18 51 92 30 45 83 38 3 92 33 68 64 23 64 9 62 
65 85 73 68 76 6 96 13 0 78 27 82 81 84 30 71 43 23 60 83 41 63 86 72 11 88 90 31 88 63 55 22 8 22 78 79 68 50 47 46 49 84 49 9 51 35 79 5 48 27 15 94 44 40 24 26 80 48 28 41 72 85 25 59 30 84 67 59 67 73 7 7 9 88 33 99 61 6 72 75 23 16 23 11 76 70 90 72 38 41 71 24 65 46 39 66 55 69 68 71 67 37 1 53 100 41 12 83 23 77 20 74 21 89 25 59 81 18 21 16 74 38 1 5 61 53 60 54 14 16 5 17 87 41 14 88 55 52 89 90 
8 28 84 43 26 60 45 48 16 23 94 27 8 81 73 2 100 43 84 41 43 7 84 46 84 55 60 70 68 55 36 64 98 22 82 70 91 41 92 80 96 48 26 63 13 51 12 47 13 65 90 46 45 81 30 91 14 98 55 23 49 82 59 81 27 99 14 86 82 98 29 28 69 1 62 48 15 40 51 4 18 66 54 40 59 50 54 14 6 47 5 98 90 16 98 15 94 87 100 60 89 8 69 54 21 61 0 83 12 59 96 81 99 98 28 5 14 27 87 78 82 95 83 3 84 33 60 18 58 84 54 93 49 59 12 65 22 51 18 81 
32 24 49 69 71 8 3 52 51 57 70 9 64 94 98 73 52 16 80 20 13 64 63 91 85 25 95 65 80 23 28 55 45 18 99 70 15 94 17 86 47 82 60 4 69 10 29 53 30 17 3 34 71 63 4 55 30 5 18 3 96 88 14 79 12 7 20 29 63 19 51 81 24 41 71 25 61 23 31 88 12 36 84 98 59 28 1 47 15 70 89 36 64 89 20 70 71 35 30 13 0 47 18 60 2 92 50 19 55 6 79 58 75 36 13 13 76 84 50 49 7 76 54 94 59 83 50 60 45 75 52 51 57 29 42 85 38 19 45 34 
66 85 58 67 49 5 3 43 28 46 81 19 13 63 0 3 68 70 96 62 41 38 46 26 85 99 14 49 87 19 74 51 13 74 80 40 51 7 53 52 24 86 56 45 26 77 97 94 41 11 37 99 96 24 27 16 61 40 86 49 31 48 3 11 7 58 82 62 46 8 65 81 11 42 92 26 34 97 42 48 77 85 28 41 35 53 8 40 84 20 4 69 54 13 36 16 6 39 20 10 56 62 13 27 94 43 59 37 57 55 64 0 83 65 45 97 38 39 54 50 63 56 95 27 48 27 73 60 70 6 21 16 51 16 55 17 48 80 44 30 
64 34 37 36 16 10 3 55 98 8 43 48 8 12 45 89 76 93 75 44 93 7 1 69 77 21 95 36 22 90 15 56 91 57 38 88 86 98 32 29 56 55 76 2 98 52 29 71 52 5 94 64 48 30 60 86 3 43 48 99 4 64 90 21 23 76 78 1 28 44 24 10 67 7 39 87 4 53 66 57 10 54 32 88 35 51 30 54 92 5 78 32 39 24 93 89 85 74 16 47 15 83 66 19 0 72 33 64 80 13 33 96 16 82 23 64 75 71 71 18 1 23 27 23 87 8 84 63 78 78 84 16 72 57 62 39 88 19 93 5 
73 87 7 28 25 58 26 30 77 69 58 12 81 63 75 34 24 35 51 64 92 21 42 33 63 10 87 44 74 15 77 11 73 49 13 13 55 2 22 62 27 15 56 57 67 3 100 17 39 83 74 4 56 93 9 20 68 50 79 99 47 98 33 54 80 96 32 74 26 43 65 63 60 52 84 3 79 39 43 79 25 34 0 8 60 19 52 97 76 83 1 40 8 96 94 95 50 99 56 97 33 19 79 70 1 12 75 90 39 42 12 23 88 13 47 81 28 27 17 78 91 67 20 4 53 77 52 49 2 84 44 55 74 1 39 35 94 87 38 82 
96 9 94 77 31 3 93 54 41 11 92 11 36 43 62 100 11 32 9 83 26 87 81 75 21 66 58 67 81 29 86 5 68 54 26 88 37 23 60 7 88 21 8 73 91 72 4 100 30 28 20 62 11 72 79 65 76 100 1 8 8 38 15 40 75 46 14 60 50 82 76 63 0 67 44 55 42 53 44 71 36 12 99 86 92 43 15 55 2 43 81 80 0 12 26 72 62 9 6 46 44 38 34 64 9 88 74 58 11 56 4 32 46 42 64 70 24 72 83 25 79 2 39 96 38 87 15 36 82 27 93 92 75 74 85 11 62 25 26 98 
91 14 23 34 12 41 24 88 4 81 20 69 69 4 91 90 46 14 14 28 58 95 36 65 69 99 20 63 18 14 34 94 90 68 58 73 21 2 21 11 46 41 27 99 13 10 56 11 76 74 21 74 66 81 67 24 0 13 12 48 31 94 55 94 77 75 53 55 31 12 31 60 54 43 21 31 97 88 42 98 84 94 69 66 10 9 89 71 24 82 2 26 59 33 28 0 16 2 13 2 52 32 70 6 31 25 92 32 15 23 50 47 74 7 96 77 65 69 8 12 80 41 0 37 35 44 71 77 15 6 8 75 55 91 65 53 63 4 21 57 
87 16 83 14 45 17 99 72 14 75 16 100 70 24 9 48 91 83 72 80 4 94 87 53 31 22 30 83 82 61 92 40 14 89 86 78 95 55 83 70 38 7 100 17 77 7 45 71 51 56 16 28 89 1 33 50 87 87 55 69 12 59 98 74 36 92 25 22 74 60 73 72 89 55 18 17 80 37 24 57 36 65 10 28 38 1 83 17 37 13 50 70 78 46 37 26 0 64 94 48 86 71 63 44 42 26 6 33 57 76 87 4 66 100 44 19 27 48 38 80 15 78 68 33 49 85 40 61 64 80 36 14 77 84 71 28 87 28 15 1 
30 99 21 7 63 86 9 69 91 76 35 90 1 49 45 97 90 26 53 26 4 83 94 28 33 0 46 67 43 9 94 49 1 66 100 98 9 56 69 58 25 25 81 51 23 48 16 31 18 63 52 62 40 52 23 52 3 56 21 37 44 31 56 26 80 2 40 67 45 88 60 96 77 48 65 68 58 50 32 82 74 44 28 11 69 53 16 56 62 46 62 4 67 85 53 85 41 73 23 35 23 50 86 48 91 22 99 82 34 72 60 16 7 47 54 17 10 100 97 24 44 64 17 61 64 81 12 54 93 51 89 70 37 1 16 86 75 92 84 37 
78 52 60 52 60 60 2 88 33 76 82 17 43 33 88 71 80 19 39 3 78 80 2 69 13 27 91 35 95 49 50 33 55 17 6 89 45 45 54 87 59 45 87 8 8 39 61 81 12 38 84 72 40 5 88 17 42 40 54 27 27 35 47 9 3 84 57 43 7 81 43 57 20 9 48 56 78 4 22 88 24 65 56 1 80 20 12 88 21 2 11 89 22 51 36 57 40 46 30 98 79 35 91 42 17 20 50 86 61 43 56 98 88 34 57 44 98 92 71 15 87 37 73 54 91 76 63 53 27 30 29 43 94 15 29 28 19 52 28 38 
48 89 83 62 78 51 0 90 29 58 42 34 40 7 20 90 59 27 4 1 3 30 84 2 89 69 93 18 60 20 74 65 68 93 23 28 71 44 39 46 78 11 75 11 75 65 94 48 22 64 42 99 65 44 88 93 30 21 40 50 60 25 9 53 25 66 28 3 67 86 26 50 25 34 1 75 26 10 98 37 100 2 3 17 68 11 10 1 20 22 46 53 60 5 57 52 22 76 90 93 22 84 19 7 98 21 74 56 31 92 27 6 46 73 98 45 15 67 60 82 7 40 80 95 2 69 16 70 57 1 33 52 31 27 83 73 7 64 74 54 
19 97 38 18 45 83 88 14 65 46 52 20 46 9 79 75 79 13 52 35 2 72 59 10 35 5 30 75 15 81 10 78 100 44 49 31 3 14 10 48 7 19 0 6 95 39 97 7 50 87 15 3 64 54 25 50 91 47 5 48 55 3 83 20 30 64 41 63 98 30 32 65 59 98 95 29 50 97 68 59 93 87 94 43 16 58 44 72 97 91 68 10 28 37 0 61 22 81 11 68 14 8 36 7 68 29 72 78 15 90 76 10 25 26 80 17 35 97 30 38 25 29 55 58 14 94 58 39 85 99 73 13 32 2 58 64 26 43 31 14 
67 8 46 83 46 94 61 13 39 67 15 57 66 20 7 33 68 29 4 76 52 47 28 9 65 85 36 47 78 68 43 84 35 90 88 38 36 35 70 26 55 30 9 33 65 39 49 49 64 93 21 1 92 100 83 40 88 59 28 3 19 70 50 42 51 83 44 44 31 49 35 29 66 57 59 39 92 57 59 67 90 79 23 39 51 86 39 57 19 100 48 35 19 43 17 19 8 88 53 60 60 6 85 94 86 41 56 53 2 39 13 6 9 24 96 0 13 35 49 11 86 33 68 11 78 26 55 94 18 90 29 46 90 25 10 25 9 77 39 5 
75 40 20 65 11 46 19 78 76 99 45 47 49 99 45 18 49 9 69 63 82 41 57 86 20 0 11 64 62 18 12 8 19 38 96 26 93 97 72 72 33 99 23 22 0 38 64 8 49 83 1 63 0 16 19 60 82 30 2 99 67 89 96 25 71 6 72 30 48 0 7 86 11 65 46 87 24 77 54 75 35 53 94 62 95 0 24 50 75 8 56 24 67 75 54 3 12 51 13 65 21 37 66 38 72 87 83 25 59 12 70 49 75 67 42 42 48 2 8 40 20 98 30 62 62 84 22 53 1 90 33 97 33 33 25 9 43 71 55 29 
7 55 53 75 58 94 77 40 75 64 70 47 36 14 62 75 35 4 54 1 22 27 40 62 51 14 78 65 91 64 6 59 7 46 32 53 90 23 88 38 18 75 71 21 59 12 37 29 73 45 63 49 37 88 56 71 38 33 17 3 6 93 25 85 4 100 63 2 95 17 54 26 49 58 32 49 75 52 9 20 69 35 58 43 48 90 18 76 15 1 19 41 7 42 97 96 84 68 60 40 99 93 14 100 27 10 96 55 41 48 66 87 38 96 12 63 98 72 75 27 34 95 22 35 93 7 41 62 65 33 77 39 94 66 6 31 21 88 10 61 
96 86 27 48 12 99 84 50 9 20 16 8 76 7 9 14 23 41 14 99 54 89 17 5 37 10 80 17 39 84 48 59 39 100 28 7 31 70 39 37 23 76 90 52 89 51 83 90 15 96 61 42 89 99 52 79 14 27 13 51 92 85 69 0 51 17 64 62 42 64 94 19 34 19 33 25 36 97 53 55 43 49 3 82 75 1 64 9 82 97 6 68 99 2 24 7 35 28 85 81 99 34 30 43 66 87 96 4 24 31 96 57 81 40 91 90 73 43 75 90 83 40 47 46 28 92 35 92 24 76 25 21 32 33 0 61 49 19 42 29 
86 81 69 42 98 78 1 54 21 13 34 56 85 88 23 17 10 61 91 64 10 41 40 78 9 95 45 67 74 49 85 23 24 66 21 100 16 77 55 90 99 76 19 46 43 83 86 91 0 15 70 40 95 72 20 89 73 68 70 11 69 19 36 23 12 58 43 90 42 3 49 11 79 41 32 74 11 42 56 87 99 27 88 59 90 81 0 56 2 73 69 8 37 67 27 3 77 35 23 48 74 70 22 88 34 41 71 19 15 63 23 88 94 72 57 99 67 20 91 94 87 13 82 24 52 39 80 46 96 79 25 27 2 70 11 79 57 18 85 23 
29 67 93 76 39 59 64 67 14 74 30 38 75 54 72 86 88 24 38 30 4 4 95 78 81 66 16 16 73 36 63 37 11 94 21 82 92 72 24 78 2 12 85 94 77 46 45 9 66 71 68 28 21 54 80 9 94 67 18 89 91 8 97 16 63 35 14 78 69 90 37 0 85 77 44 12 87 84 33 69 68 68 35 83 28 68 28 59 66 95 18 45 21 29 79 53 50 58 38 6 4 59 84 28 33 36 70 53 79 72 78 60 37 41 16 93 1 78 63 49 75 47 90 56 21 98 16 13 50 21 86 98 30 79 7 73 88 86 90 22 
98 12 83 76 9 25 78 13 38 91 33 4 73 62 84 54 7 9 0 36 56 62 26 66 72 64 84 100 61 56 61 37 34 16 78 78 7 64 30 72 65 58 30 1 26 40 13 42 5 80 45 40 42 26 85 5 65 96 3 82 14 83 48 93 97 88 41 37 91 84 35 81 77 80 19 13 53 78 80 27 4 57 7 28 15 34 65 49 26 67 94 65 67 54 82 32 51 19 83 25 95 0 4 82 65 78 96 47 7 9 62 71 19 65 48 41 15 63 35 32 22 37 85 31 99 93 5 41 24 10 99 6 72 80 6 65 93 54 91 27 
44 7 18 86 17 8 48 64 98 94 32 12 58 65 16 68 64 12 53 25 12 18 77 44 61 26 81 97 42 69 53 31 34 96 95 40 51 95 36 48 32 84 53 94 62 91 1 62 21 50 72 43 29 5 75 74 58 53 39 13 31 23 87 81 9 12 95 53 88 59 81 46 20 59 5 60 6 43 1 71 42 53 3 59 4 90 21 34 58 88 79 68 17 53 39 11 12 78 25 39 68 59 42 47 23 41 69 84 32 25 31 99 0 71 38 94 20 52 30 88 74 37 10 58 84 96 24 49 86 72 71 63 73 88 77 2 33 98 93 86 
27 41 85 45 92 0 18 25 2 53 72 44 53 45 8 75 61 95 1 28 44 93 20 24 79 16 41 57 66 12 36 77 70 19 4 22 89 42 25 14 88 12 13 45 62 27 6 99 84 97 75 14 77 0 29 79 41 86 2 47 78 96 71 79 77 51 46 72 78 96 14 72 72 48 74 61 13 16 61 7 13 31 77 73 98 72 24 30 26 95 59 52 94 54 50 45 41 66 34 86 46 94 35 75 70 60 90 24 88 69 72 58 91 27 40 7 15 47 36 88 71 3 69 13 9 72 78 39 18 16 40 70 68 23 44 17 98 19 62 90 
18 78 23 18 55 13 96 37 21 73 51 29 54 28 41 55 39 45 61 69 80 39 44 35 72 63 29 61 34 77 53 6 85 66 37 79 71 7 48 54 17 87 18 25 0 89 36 26 96 31 21 10 91 23 69 99 39 26 85 81 69 82 77 78 45 84 59 3 52 97 98 88 91 66 40 51 24 83 67 81 67 16 94 7 26 49 80 4 87 67 33 79 48 45 8 10 53 55 47 74 79 14 22 76 85 31 100 21 58 34 93 98 67 50 4 48 19 100 1 62 63 84 97 52 83 49 57 95 60 7 0 99 99 54 46 90 51 61 96 88 
76 41 41 100 12 58 31 73 73 91 59 54 83 76 69 7 61 92 2 34 79 60 7 28 39 47 23 81 97 61 97 80 35 66 75 21 59 29 13 71 68 23 93 71 74 26 50 84 45 41 90 45 93 67 39 1 14 8 14 81 42 3 4 30 23 68 37 75 57 87 31 49 6 85 66 97 68 51 36 73 1 28 20 47 50 28 16 87 68 18 95 11 4 45 89 76 80 89 69 37 85 68 59 22 62 78 74 79 64 77 53 89 5 75 19 1 7 84 95 78 43 90 27 66 6 87 60 76 36 41 56 18 10 40 17 30 61 77 24 31 
80 52 41 35 51 69 31 87 15 43 41 27 37 95 11 65 94 16 17 91 53 4 54 50 33 71 56 17 23 13 98 11 46 70 61 50 64 88 69 79 67 77 90 18 36 78 66 10 33 4 70 15 81 55 0 98 0 49 55 32 100 71 87 65 96 46 16 59 63 32 78 23 47 9 96 19 28 20 68 68 17 92 97 41 83 30 80 14 90 66 69 30 59 9 13 59 61 25 29 68 45 45 54 41 5 54 17 51 95 73 89 55 28 6 70 34 53 52 51 80 19 98 24 39 91 93 39 92 35 100 59 36 13 48 10 80 53 93 97 59 
70 70 21 81 2 65 84 54 89 11 63 81 49 84 32 47 96 89 16 18 68 17 74 87 30 20 95 38 21 45 77 49 47 22 11 1 72 48 92 65 74 70 46 62 56 0 37 7 29 18 0 27 98 36 96 59 7 65 77 35 52 88 88 55 80 13 48 41 44 27 36 29 36 42 72 40 5 64 66 37 84 92 16 19 37 63 54 11 28 59 71 1 66 30 21 81 18 59 78 54 73 32 67 50 43 72 47 37 94 88 69 88 89 55 32 8 86 18 64 6 98 29 2 70 41 88 51 81 97 34 39 75 19 26 71 79 52 9 49 27 
49 58 24 69 31 77 10 86 20 47 60 11 99 5 100 72 79 91 50 6 55 55 18 42 34 2 86 34 30 42 48 63 95 16 57 26 44 43 68 68 91 14 23 27 68 20 6 74 64 95 68 9 83 95 0 55 42 88 60 58 41 31 22 94 11 61 32 62 20 55 38 66 30 8 43 74 71 99 91 31 75 82 1 82 66 10 91 91 94 43 41 63 8 69 81 16 64 78 37 73 11 12 14 50 61 64 56 43 64 17 13 71 8 51 97 32 52 45 58 56 62 41 0 61 96 49 67 5 24 47 42 15 39 12 92 69 55 7 0 47 
45 18 36 32 62 17 57 65 62 47 97 19 80 93 89 41 0 79 5 99 32 32 34 42 35 38 34 51 87 28 92 55 53 48 45 50 8 37 99 57 69 17 70 5 43 36 10 32 86 53 29 48 40 4 37 45 26 2 81 93 14 64 26 77 64 79 17 34 58 98 38 25 0 32 51 35 18 50 89 35 95 80 46 24 66 68 2 91 66 61 1 27 11 37 36 79 47 46 0 89 25 70 68 75 31 63 36 47 89 22 58 73 0 10 56 84 34 50 24 90 96 21 48 99 74 97 8 31 81 9 57 55 36 15 23 89 52 62 41 3 
59 32 50 9 65 82 74 45 41 85 78 49 3 44 68 60 59 13 14 93 8 87 65 74 44 21 44 10 96 24 24 55 57 70 84 14 85 87 67 23 75 41 35 21 2 100 71 18 14 46 42 88 13 65 89 71 47 14 35 74 52 52 10 57 63 89 90 17 30 90 31 1 44 84 4 11 64 19 22 56 64 56 44 86 35 65 61 64 11 30 79 19 17 80 88 25 72 52 14 62 89 79 27 81 84 99 96 66 75 89 95 57 92 85 35 71 47 37 59 20 31 57 22 25 36 12 74 1 56 36 2 78 66 6 84 8 99 54 16 74 
70 81 89 93 29 97 43 84 78 76 0 86 66 0 98 4 15 65 23 21 84 41 70 94 21 40 81 32 74 52 36 14 20 45 24 50 69 84 85 92 68 46 89 48 42 3 19 22 89 97 19 71 89 61 35 51 9 33 9 21 34 12 10 18 44 74 13 66 71 60 5 77 94 74 50 77 86 24 7 32 56 46 59 22 16 54 33 57 65 75 53 83 96 54 30 82 69 41 48 46 23 26 29 75 43 30 28 40 10 25 91 33 83 2 64 93 77 12 84 86 89 15 12 60 6 67 0 2 30 57 31 41 5 45 15 63 83 48 80 26 
86 4 64 18 30 1 95 55 7 89 23 5 40 18 15 84 26 97 22 24 99 39 2 86 11 38 99 3 26 3 47 91 22 37 37 60 60 57 28 6 38 66 55 12 33 12 66 61 62 100 84 30 89 88 36 75 28 9 18 15 0 69 15 15 67 44 79 95 20 73 69 46 39 44 56 40 73 49 72 84 34 39 70 31 9 58 53 37 48 61 19 60 2 91 2 67 50 23 55 61 90 52 4 6 50 75 61 25 36 65 46 56 68 77 44 88 51 43 100 24 75 56 57 35 30 46 73 63 97 89 34 14 52 14 31 59 37 41 67 10 
1 98 0 93 19 86 54 33 61 95 85 83 12 69 2 67 72 71 90 50 4 90 1 26 59 1 86 28 3 94 95 75 97 46 7 57 51 42 65 78 35 55 10 11 81 93 8 4 41 80 8 4 83 40 15 31 79 59 69 7 49 64 30 35 38 79 98 25 2 13 47 57 12 84 15 24 94 47 74 75 85 6 55 28 86 1 64 62 5 1 60 65 50 92 95 94 89 82 71 43 6 47 43 0 10 86 45 94 70 87 71 43 32 0 7 50 15 97 93 16 36 1 63 74 67 62 63 77 22 79 33 41 37 96 39 87 25 72 82 73 
97 85 6 68 73 31 73 72 0 11 98 30 50 27 8 71 61 97 25 1 34 49 53 64 54 12 79 39 57 70 36 58 30 2 98 45 85 100 100 4 91 50 72 51 98 71 17 13 72 17 74 51 39 91 60 41 92 38 83 25 46 68 35 13 38 68 54 79 14 28 20 5 90 93 15 31 77 78 49 60 100 95 97 45 61 80 4 97 35 40 43 54 91 80 69 64 15 37 67 29 59 69 11 94 89 66 34 54 22 40 10 47 61 49 94 3 37 53 52 52 59 55 80 14 54 11 38 33 84 67 34 79 37 7 91 37 100 76 91 17 
3 95 4 41 47 31 92 20 11 11 31 45 58 18 82 93 98 80 56 53 86 19 35 16 11 74 46 34 11 63 49 68 96 48 98 85 10 9 82 6 20 28 71 90 58 21 15 60 13 57 9 69 52 32 22 6 41 48 10 59 41 18 87 74 53 36 80 7 92 55 31 65 30 39 2 56 91 76 47 94 18 75 37 59 25 49 61 58 71 90 33 4 60 85 94 75 57 17 17 49 30 100 6 66 42 86 29 13 50 76 28 83 31 55 17 47 2 66 26 83 22 21 93 51 39 59 69 44 5 76 25 89 20 81 96 70 29 10 19 16 
19 5 74 12 6 15 65 80 41 95 87 97 8 46 55 63 71 41 91 81 18 40 89 14 84 53 29 60 11 52 57 77 43 19 23 33 33 3 73 3 16 67 29 62 63 41 26 0 11 77 85 91 14 73 78 44 39 27 81 86 100 70 82 18 63 34 77 29 50 34 19 93 5 37 77 37 35 91 86 61 87 28 3 44 1 96 41 98 96 41 57 51 16 19 26 11 0 99 6 88 18 18 4 62 92 19 34 51 62 85 9 93 94 23 43 42 36 16 8 45 100 20 13 39 11 1 23 5 64 61 54 24 82 55 94 29 63 72 50 65 
79 5 49 20 36 56 34 59 6 47 28 0 87 30 14 7 73 56 92 82 67 88 7 53 97 63 71 47 8 68 72 74 79 81 96 98 4 62 72 65 47 34 22 92 22 84 14 31 40 87 20 80 99 39 65 71 22 58 54 18 75 87 63 76 41 91 88 90 90 7 8 48 29 97 80 9 63 49 89 38 97 5 72 45 56 61 97 90 100 2 84 69 29 16 2 11 0 19 64 82 87 80 82 75 85 89 36 91 18 86 62 45 47 45 97 12 48 48 39 40 74 2 100 77 22 92 68 37 60 85 42 55 79 46 69 9 17 71 19 98 
60 90 90 75 0 47 86 69 72 8 96 60 87 38 37 35 57 67 16 94 50 78 91 60 5 47 74 94 59 63 65 53 33 36 21 68 6 85 25 0 52 51 3 5 60 55 73 48 57 5 60 52 45 33 11 77 48 24 25 18 39 5 9 61 70 63 3 47 96 75 76 67 16 41 44 4 88 73 10 84 57 43 66 1 31 6 66 35 62 29 65 95 62 54 88 53 38 15 25 76 14 24 57 71 14 26 64 52 92 67 47 31 95 1 95 22 40 7 23 39 90 30 11 81 71 73 14 32 23 51 16 99 1 5 72 8 66 40 62 94 
39 90 39 85 7 56 59 41 87 61 13 52 0 25 28 100 91 21 4 28 8 42 37 25 27 60 89 73 4 45 35 26 55 68 14 28 63 85 29 5 65 72 77 59 97 67 100 90 88 68 87 8 29 99 41 27 75 79 35 48 25 1 1 42 48 69 96 1 67 84 25 11 89 36 7 76 1 77 45 91 40 78 5 96 56 52 9 86 45 63 81 66 99 82 16 20 63 6 27 11 54 100 87 56 93 48 70 69 80 88 46 65 55 19 68 42 90 27 40 18 10 38 45 17 95 69 8 100 96 94 11 4 39 33 59 4 11 69 21 23 
52 46 2 65 48 16 35 86 74 32 15 34 20 32 1 49 24 80 75 16 81 70 78 73 89 8 70 18 20 1 56 61 26 9 45 24 79 4 72 34 90 2 59 66 70 57 32 17 77 21 40 19 28 32 98 6 64 69 30 18 38 81 91 40 8 91 29 30 4 57 11 91 48 18 93 37 45 78 34 7 24 41 54 59 11 86 17 87 54 79 97 18 34 88 0 51 89 68 64 85 82 48 57 58 100 18 68 22 17 88 97 88 22 78 99 50 40 8 15 95 1 15 55 46 4 76 49 46 42 27 93 29 97 59 3 56 75 66 76 39 
2 19 90 86 32 89 7 37 69 24 31 17 54 26 24 99 80 47 83 76 32 54 61 6 60 25 100 31 52 28 33 5 20 65 58 84 93 22 2 46 74 86 36 66 99 15 87 14 53 91 86 76 41 59 93 88 29 78 79 25 22 76 41 56 65 99 45 15 65 73 75 2 90 0 25 96 7 67 48 58 27 24 9 51 15 46 74 32 32 41 85 36 56 42 83 35 77 83 25 75 79 90 22 82 0 10 71 96 97 70 8 26 47 57 3 18 66 32 38 91 90 86 14 55 8 89 48 3 98 5 88 73 7 69 31 30 19 89 44 28 
18 4 16 42 42 33 78 34 4 43 69 75 23 18 4 30 28 97 100 67 26 68 36 99 81 35 57 90 77 87 97 31 78 82 3 73 13 75 85 15 96 19 24 85 76 20 82 94 69 96 62 79 92 30 19 49 77 73 95 41 33 13 22 29 20 84 0 94 42 49 44 18 7 30 68 9 99 73 34 76 16 93 27 49 5 94 25 66 70 19 13 47 94 35 76 32 74 83 95 72 61 73 17 26 86 63 50 51 95 95 12 41 11 96 82 46 23 66 56 83 11 24 76 26 37 4 35 92 70 84 83 85 1 2 4 43 26 3 24 30 
8 55 82 87 4 75 31 37 98 24 5 28 69 15 100 51 88 19 79 3 57 18 57 44 29 63 62 52 9 78 48 25 26 91 22 92 5 36 57 28 71 26 19 58 95 40 69 46 17 81 93 32 68 52 97 90 4 71 86 36 10 85 12 25 72 31 88 92 37 98 75 83 77 64 44 20 53 75 11 21 65 23 56 98 87 38 4 100 11 3 39 84 21 19 49 11 68 75 8 55 81 26 19 38 98 74 59 15 35 41 45 56 20 96 25 62 48 79 15 43 36 19 76 15 63 76 78 18 61 3 30 79 28 9 79 59 92 68 15 74 
23 24 48 41 53 5 7 8 37 18 9 82 5 44 83 31 15 69 71 2 36 97 80 1 96 91 45 38 92 97 48 93 94 44 15 100 66 78 22 97 32 48 42 30 33 71 53 22 52 5 63 27 32 61 26 68 21 44 65 68 57 75 27 1 63 52 96 4 60 5 7 6 85 21 92 27 48 17 58 73 88 3 32 11 28 71 27 62 81 12 80 34 73 48 57 96 70 4 83 62 64 67 45 59 81 61 50 64 77 6 80 34 25 85 22 53 55 23 97 16 64 14 85 30 64 42 73 7 33 42 77 89 82 91 54 85 28 42 92 13 
74 26 98 3 40 30 73 52 50 96 96 71 54 34 90 6 64 70 51 29 41 100 58 31 98 16 45 71 72 32 65 23 58 90 53 3 57 41 58 10 14 21 47 36 13 1 50 77 71 40 42 62 94 78 4 9 24 89 20 64 32 31 25 94 93 8 42 69 89 35 11 89 10 68 64 33 74 9 100 90 33 93 55 40 56 22 31 15 69 52 91 2 34 98 94 24 98 59 92 80 43 48 94 57 50 4 37 89 12 31 71 72 5 98 46 11 64 53 47 36 17 73 6 99 72 21 32 62 54 76 26 6 8 31 76 41 14 31 10 58 
90 71 81 71 72 16 35 53 4 29 51 1 97 84 41 28 92 43 92 40 64 1 81 26 15 23 26 80 52 50 83 70 33 95 17 51 39 6 71 23 56 25 31 50 22 91 61 91 76 45 15 74 19 8 46 54 21 30 43 22 53 73 49 18 26 5 19 64 93 6 68 26 93 86 61 92 60 25 0 34 7 42 28 8 29 55 39 38 64 62 11 78 97 79 56 71 66 94 46 45 86 61 67 78 76 87 1 67 2 78 65 78 13 92 88 60 4 41 6 40 27 84 33 56 30 12 84 5 38 88 92 96 36 81 9 65 23 66 65 68 
89 14 26 61 96 72 88 90 24 68 70 53 62 91 14 90 30 46 88 77 11 91 42 58 33 75 53 92 26 68 68 11 86 45 44 71 47 32 94 30 27 76 92 100 41 9 73 35 24 21 15 14 1 74 12 18 0 67 76 27 72 50 55 9 1 80 52 27 53 45 49 67 2 2 52 84 44 84 62 59 38 82 48 14 97 24 25 21 24 24 11 69 70 51 31 92 56 13 88 38 46 83 64 78 95 11 77 45 27 56 37 31 0 77 0 41 67 29 15 83 99 43 6 67 0 20 5 36 33 30 48 19 7 91 90 29 54 96 87 65 
31 69 70 92 92 58 100 97 66 73 60 96 15 68 92 36 84 58 52 42 82 12 72 10 65 60 75 18 42 93 82 43 36 5 71 26 96 57 7 74 47 29 8 75 75 32 0 79 31 19 53 84 90 99 62 76 1 46 9 15 65 71 38 54 96 77 2 59 20 28 52 56 78 94 74 69 41 15 48 22 19 12 89 25 30 47 24 4 82 89 52 6 24 16 90 40 90 2 60 71 16 85 73 52 79 26 10 63 97 32 54 55 56 91 53 53 1 97 36 12 26 19 83 54 67 77 73 3 42 87 35 66 22 19 29 35 39 43 50 11 
0 42 34 54 55 74 36 58 58 94 19 14 15 83 74 78 9 59 85 85 15 65 74 10 95 85 33 49 29 25 85 93 30 44 76 85 41 44 41 23 81 40 57 86 33 16 38 34 4 40 84 75 60 67 7 94 57 3 91 83 17 29 16 3 54 38 15 26 38 69 95 8 25 26 27 78 97 67 72 3 55 4 43 55 1 23 43 25 19 78 73 45 64 12 4 78 49 80 83 1 48 6 17 61 46 0 19 94 4 14 85 97 43 46 6 28 30 52 43 46 24 92 5 16 90 17 83 73 94 95 58 78 33 51 10 5 96 52 67 8 
19 58 5 47 18 97 28 52 86 27 89 41 3 54 10 71 58 93 90 68 86 27 31 60 39 20 25 23 7 22 3 56 9 41 16 54 21 48 63 16 44 8 56 57 52 95 27 8 66 17 62 12 38 88 100 55 44 41 10 20 40 48 25 4 93 81 61 100 31 30 57 42 26 64 51 51 83 19 34 46 66 66 17 36 84 42 33 50 1 52 92 13 95 15 12 28 76 60 19 55 92 83 15 62 59 46 32 97 92 93 54 58 75 86 32 35 55 93 53 25 77 40 78 31 19 61 61 56 65 81 100 76 52 95 93 15 63 91 29 10 
42 43 98 24 64 45 20 0 27 84 44 48 56 64 100 5 67 54 92 96 98 52 26 34 72 68 37 3 2 29 39 81 8 16 65 90 15 35 47 99 37 51 28 100 38 78 46 92 14 43 31 11 3 86 88 2 26 16 99 31 90 30 80 28 72 97 2 26 80 50 38 62 48 53 53 52 96 63 12 34 79 45 85 39 81 51 78 59 41 59 19 63 61 79 35 65 74 50 30 53 58 9 58 74 35 76 44 70 31 91 52 78 81 77 29 58 87 51 59 99 67 52 97 53 1 62 30 83 65 6 38 62 64 85 92 4 91 81 44 85 
85 54 62 36 44 80 71 5 93 82 15 10 96 19 8 54 61 41 86 51 95 19 56 4 62 98 96 38 44 17 94 35 89 77 75 87 72 73 58 70 28 53 23 9 25 94 51 13 27 79 42 92 67 55 67 21 53 81 50 95 87 80 89 49 13 100 100 9 0 50 83 48 35 96 25 71 88 55 27 34 97 57 59 2 83 9 8 65 25 10 25 55 49 57 12 8 6 95 71 94 85 83 73 32 72 67 26 31 60 55 20 6 55 2 63 100 5 61 56 26 99 6 34 96 36 86 63 3 96 44 69 59 39 66 94 97 6 7 0 54 
86 85 30 99 61 29 70 43 56 11 35 13 18 1 85 26 19 23 46 80 2 97 6 55 60 72 37 63 74 92 7 10 87 16 18 51 36 68 28 31 24 78 18 88 37 42 57 63 5 6 51 47 86 15 24 57 10 75 84 68 55 61 33 29 48 73 8 86 28 95 50 89 8 34 49 6 71 7 25 91 80 98 75 95 7 96 73 74 92 63 24 28 85 77 33 56 62 55 65 23 41 75 78 56 69 85 12 51 54 45 56 2 56 45 5 27 46 40 53 64 9 78 93 99 78 38 83 71 48 59 57 42 0 50 87 97 10 25 43 93 
81 96 78 62 2 80 34 64 27 5 16 28 44 42 24 23 12 75 39 32 94 85 17 74 13 42 97 44 80 52 17 17 13 13 46 49 38 72 84 6 35 49 75 23 69 21 1 45 15 83 10 7 90 27 41 61 34 91 84 35 64 19 3 8 51 1 23 59 6 67 17 47 6 28 9 15 94 36 83 68 29 17 89 23 69 69 13 36 18 54 8 69 92 2 31 12 88 96 8 55 87 5 62 6 34 39 38 64 28 2 8 71 94 43 50 85 48 42 84 81 96 79 26 16 16 97 90 27 70 26 28 74 89 16 3 99 5 71 2 93 
64 51 57 93 32 67 52 79 53 87 25 21 23 33 67 67 67 30 42 38 4 88 53 73 15 25 74 15 18 70 60 23 26 92 23 12 47 59 99 3 31 6 74 70 81 72 53 28 61 77 30 15 79 2 54 58 3 77 59 44 77 11 48 67 53 79 63 18 78 98 16 20 29 90 91 93 40 15 98 58 99 79 62 86 74 7 24 1 67 37 74 57 82 76 1 65 80 14 1 60 83 16 33 60 28 12 23 6 42 40 6 36 68 19 12 4 3 63 13 13 17 31 18 93 10 34 26 0 14 17 10 23 96 88 44 67 81 50 59 79 
68 16 15 16 49 26 23 25 81 30 76 30 40 92 9 32 36 87 90 22 65 16 77 90 60 44 35 3 52 42 72 89 63 32 1 14 0 55 50 17 2 44 8 20 42 30 23 61 80 67 75 58 72 35 9 100 0 13 22 81 11 27 93 50 85 65 52 48 59 94 2 19 78 68 11 28 29 74 79 59 29 75 92 61 71 64 42 49 69 77 70 19 66 0 26 41 23 86 35 20 8 8 37 37 34 10 31 41 71 96 54 65 54 68 17 54 14 63 99 24 93 66 25 10 56 16 6 2 14 76 17 21 99 55 20 71 4 85 71 71 
7 31 94 72 74 32 91 85 96 35 81 4 91 71 77 89 20 50 83 53 69 82 28 91 57 79 39 92 99 85 15 25 75 32 64 27 6 8 35 82 22 98 62 23 23 36 23 9 12 97 42 91 0 9 4 74 47 72 12 79 0 74 2 39 54 47 48 4 33 46 0 69 97 24 14 61 7 33 86 84 58 10 42 80 1 16 67 85 51 83 42 49 1 22 41 39 83 55 100 51 75 62 28 87 26 89 25 13 68 41 58 48 12 81 21 41 50 10 76 53 94 87 21 21 24 16 28 58 63 92 40 45 41 96 98 81 59 5 0 53 
88 56 16 13 33 73 94 29 100 81 31 19 95 95 26 92 41 46 6 37 91 84 43 82 44 21 59 38 46 6 99 25 43 85 99 36 17 40 94 86 98 79 40 0 49 95 37 62 43 31 59 54 84 60 32 37 38 58 95 25 68 13 81 89 67 0 20 33 35 36 48 3 31 73 65 71 77 4 94 71 89 50 99 42 52 49 86 39 60 87 67 23 90 50 58 28 18 74 45 54 44 83 7 92 60 28 34 33 73 47 52 51 21 24 27 89 1 97 91 8 52 92 26 6 19 56 1 95 42 8 21 13 1 44 97 29 7 19 1 47 
74 66 3 0 1 18 83 85 69 67 53 95 87 24 83 61 16 72 63 47 44 10 87 54 3 59 59 100 83 84 3 91 10 86 12 24 74 47 87 31 6 35 32 22 49 20 17 81 10 90 72 39 17 64 21 50 92 96 76 23 26 23 43 55 43 28 71 98 61 13 28 29 68 84 58 39 16 26 79 72 30 10 83 31 31 36 87 42 30 21 15 90 28 56 69 6 17 1 81 72 41 81 0 55 36 64 92 94 79 57 45 20 33 3 12 17 0 100 62 69 75 40 85 14 97 91 10 21 53 56 32 64 38 31 17 31 66 40 88 60 
84 67 80 86 100 81 35 14 0 40 25 100 70 29 8 81 60 99 73 7 2 64 69 81 35 98 32 7 75 77 68 27 0 96 59 41 35 0 82 18 38 46 49 52 78 70 48 78 46 94 2 49 18 48 100 33 70 4 72 68 44 63 34 42 22 15 55 68 96 97 76 80 30 80 77 11 23 62 88 29 33 6 68 81 40 74 48 30 62 51 0 39 31 48 40 95 27 15 4 15 5 23 0 57 80 39 98 99 97 45 86 45 19 2 88 100 88 76 9 17 98 23 25 87 63 75 16 69 64 9 95 64 92 87 70 22 77 15 95 83 
94 47 46 52 77 38 52 66 85 77 66 25 2 72 45 97 69 78 37 33 49 20 23 18 43 98 65 36 11 81 11 81 73 64 63 63 9 67 50 36 99 16 82 97 32 85 38 8 7 37 74 96 45 39 76 35 73 19 74 94 66 61 19 67 14 96 62 25 45 13 85 37 31 34 93 38 7 41 30 9 73 13 87 53 43 26 45 50 50 72 40 40 5 8 64 8 38 86 94 55 81 77 65 98 39 61 26 100 22 19 86 75 27 32 14 56 10 83 13 1 99 20 14 3 19 65 24 6 2 70 96 55 10 77 58 80 98 69 7 20 
88 68 92 86 9 76 45 15 5 0 60 97 1 52 92 78 92 97 67 5 61 76 0 92 32 93 16 47 8 66 75 82 86 58 74 98 62 65 11 2 95 90 62 87 97 27 95 19 49 8 27 42 62 20 33 28 29 45 60 85 2 20 12 36 51 51 46 74 53 35 73 11 18 48 47 19 68 25 15 82 46 84 25 76 23 46 91 97 42 51 57 13 5 97 19 78 77 29 17 4 63 79 80 33 7 39 62 18 72 71 15 28 4 34 87 74 45 90 85 4 25 33 39 93 72 28 66 17 71 53 68 23 33 59 21 60 67 48 23 0 
6 60 97 95 78 86 25 91 50 34 10 3 21 77 89 39 22 31 41 19 37 35 85 30 38 43 73 45 55 32 80 14 98 1 8 18 35 69 20 21 39 62 42 57 75 65 46 74 7 43 10 1 60 96 41 98 56 95 94 89 41 79 75 81 23 83 64 97 13 87 93 22 72 65 33 62 42 30 80 7 93 47 5 9 66 44 96 0 93 11 33 9 30 11 99 31 57 12 87 0 97 88 3 61 89 74 83 28 61 90 7 92 91 57 14 45 30 99 0 58 99 52 90 68 90 48 30 32 45 24 51 2 38 97 17 52 13 94 0 11 
38 39 68 10 11 19 79 62 74 87 98 19 65 34 93 55 89 79 43 34 50 82 30 81 80 100 92 31 29 22 62 83 24 54 79 42 6 65 36 17 74 9 75 94 50 74 41 9 7 18 60 33 5 13 69 97 84 14 74 23 6 23 92 81 77 76 69 20 27 35 42 98 57 92 97 12 11 86 7 90 57 10 59 73 12 23 76 86 18 78 49 76 32 5 98 99 51 1 17 16 31 83 100 27 60 25 1 55 2 49 91 94 30 51 13 84 37 65 78 21 63 8 89 44 41 73 32 58 77 21 28 21 15 37 44 12 40 27 7 65 
12 12 10 34 55 98 48 76 36 74 18 18 7 71 11 46 16 20 81 2 16 16 7 47 95 45 14 27 17 52 27 87 83 32 64 32 90 97 51 46 18 89 30 22 20 5 70 73 20 76 43 94 24 26 19 5 56 17 84 48 78 28 35 43 87 59 99 32 24 1 37 24 19 83 44 58 35 74 99 20 24 70 35 34 0 55 8 26 89 36 19 88 80 31 32 69 10 94 2 55 28 3 84 2 0 0 81 62 19 56 16 94 73 89 4 17 74 100 25 15 90 50 43 25 2 12 35 28 56 36 41 8 99 99 0 36 46 47 76 49 
74 94 81 50 75 91 99 100 97 5 93 58 8 56 69 79 57 25 94 1 43 42 39 22 46 86 14 44 3 86 93 64 99 50 52 81 67 22 20 2 49 74 16 8 5 2 19 72 69 17 67 6 59 0 8 57 100 79 47 78 70 48 30 42 70 28 59 13 43 16 25 55 100 80 23 72 52 25 71 81 56 63 69 65 56 48 93 7 76 48 46 43 67 72 90 20 98 95 38 64 16 60 95 96 14 85 24 46 97 2 45 53 93 24 69 39 18 20 53 19 0 63 90 50 99 39 87 90 1 29 42 86 34 45 36 47 77 20 8 98 
73 80 54 41 27 80 80 44 74 36 57 73 44 20 58 28 14 100 57 28 65 47 2 79 52 29 55 42 69 2 0 34 70 66 23 85 95 94 19 55 23 12 76 15 13 96 88 78 20 77 90 13 89 60 38 49 98 8 95 16 85 36 43 91 70 76 57 64 45 3 71 46 62 100 87 53 26 55 47 87 88 51 88 14 80 40 69 63 46 57 60 49 53 28 44 28 96 87 33 96 43 58 90 88 83 23 57 1 63 64 25 87 76 78 47 13 91 79 60 58 88 79 82 16 89 77 71 30 17 99 36 91 41 20 17 63 95 27 34 71 
10 12 100 32 89 15 42 70 44 86 49 88 82 70 47 0 71 1 86 7 58 63 87 71 48 36 74 67 54 51 9 56 51 52 55 58 68 2 100 7 0 78 39 38 9 75 95 65 24 74 56 55 0 17 27 8 19 98 87 28 36 39 21 69 38 19 65 97 84 2 5 26 77 8 35 1 52 76 86 57 77 65 2 31 77 0 100 63 21 8 82 20 34 90 48 76 7 92 7 90 45 97 7 21 22 16 14 53 85 36 74 12 16 65 20 16 85 91 96 23 74 60 60 66 5 17 55 90 14 18 23 95 73 51 52 82 100 98 34 8 
43 67 47 68 72 45 36 25 31 27 19 28 70 98 39 83 6 78 61 74 75 73 75 93 5 36 69 4 64 15 24 70 5 45 25 13 11 67 95 83 48 82 50 90 76 27 13 11 52 40 39 7 50 55 46 92 74 82 41 86 88 12 41 57 55 13 23 57 44 90 96 27 25 71 32 29 10 66 19 9 21 28 9 59 20 52 58 45 32 93 55 88 65 29 10 49 92 28 42 52 25 86 37 78 5 87 53 98 66 58 60 87 65 95 73 60 92 45 21 13 91 75 41 68 36 26 86 35 83 64 83 89 83 60 75 75 7 85 21 6 
34 30 85 91 50 70 26 53 43 57 29 95 32 67 69 95 54 68 31 53 78 65 92 76 40 36 68 81 14 77 77 42 69 99 64 15 14 13 79 12 93 91 36 23 40 90 74 83 27 89 97 80 69 28 90 48 96 37 21 86 87 90 24 87 81 3 54 42 30 5 34 60 43 68 44 51 27 31 5 99 22 76 83 37 38 37 40 6 66 70 71 75 98 25 99 72 8 72 37 42 89 86 37 96 67 34 94 15 65 79 30 39 82 57 30 43 35 15 69 9 52 83 79 93 81 3 39 0 43 88 96 77 77 8 83 44 92 74 7 30 
43 92 39 89 77 47 29 6 71 73 22 40 2 60 16 83 64 69 5 79 5 28 76 78 84 33 88 31 73 24 2 90 73 1 74 29 30 18 60 96 81 16 18 72 98 28 19 56 31 81 32 33 53 20 38 16 19 5 38 68 97 72 86 3 26 83 9 41 56 62 65 36 51 37 66 21 50 90 1 84 36 90 87 53 50 84 24 27 52 3 63 83 39 42 25 62 87 30 53 60 71 68 53 77 90 68 63 10 14 58 72 55 48 10 48 18 29 80 87 40 46 70 95 49 2 45 96 45 68 84 33 61 53 15 20 79 16 27 90 70 
15 7 69 10 73 46 83 12 85 53 88 54 65 94 84 63 86 55 94 11 10 79 12 34 68 42 55 78 41 94 14 75 34 10 60 24 54 76 92 99 17 75 58 22 54 31 95 37 96 8 53 17 38 11 70 57 54 44 74 47 9 65 59 7 42 67 86 42 47 15 65 65 20 12 11 3 47 98 0 5 83 17 100 92 4 14 78 26 81 95 46 27 86 52 23 63 84 46 6 19 64 86 4 10 83 87 39 32 56 28 29 73 99 44 71 88 3 8 31 65 93 56 93 85 86 83 42 90 76 64 52 31 63 91 91 36 66 43 43 67 
47 67 55 76 17 84 82 59 45 40 69 85 48 8 35 9 25 1 12 1 67 8 68 5 64 91 83 18 24 13 13 17 58 44 22 0 73 43 20 1 81 81 30 33 55 31 98 4 42 42 12 8 48 51 84 28 19 66 28 1 64 37 88 13 66 68 45 44 64 19 98 94 74 66 65 26 57 82 15 94 48 50 0 14 57 33 44 73 66 8 14 57 11 91 66 62 72 89 73 36 60 66 10 34 15 42 45 35 73 46 25 73 100 44 46 76 16 89 41 53 98 37 19 77 32 28 27 40 39 77 85 45 63 30 58 12 71 23 85 66 
63 11 42 74 77 95 95 24 65 96 23 19 60 81 6 31 25 21 55 13 56 98 89 45 73 77 72 83 62 35 6 28 96 68 53 87 20 49 87 56 39 39 86 60 12 54 21 20 18 71 36 7 90 99 98 91 60 42 98 90 50 99 24 61 36 32 70 64 67 62 30 20 33 87 94 52 64 19 37 95 1 69 79 31 36 62 48 52 43 58 55 78 73 59 11 12 25 86 80 92 91 70 12 88 6 30 8 42 31 74 86 42 68 14 38 82 18 40 13 29 87 32 52 81 46 63 38 36 27 41 12 9 44 18 46 80 82 88 70 42 
39 25 92 19 100 15 69 44 25 81 71 76 15 30 87 95 94 50 70 38 73 64 0 64 0 70 15 19 72 33 25 43 83 98 98 98 20 68 90 4 1 85 45 15 4 100 61 87 95 56 65 64 82 29 93 66 22 58 76 31 8 7 7 74 51 73 49 43 39 27 31 60 43 19 20 46 83 80 55 32 44 16 54 60 79 19 57 30 78 85 72 9 12 4 96 52 4 74 9 84 48 31 82 42 79 24 19 45 18 75 69 26 35 48 55 91 76 24 58 63 9 77 92 58 13 14 52 17 58 46 19 43 10 27 50 89 35 50 11 26 
11 85 99 10 18 17 29 36 48 49 94 72 65 5 58 28 56 67 1 30 38 72 24 37 17 27 48 81 44 8 58 33 69 86 40 71 50 62 45 77 22 18 24 78 88 76 17 65 63 7 74 57 94 36 99 74 33 14 3 35 63 30 40 0 61 12 75 54 35 70 55 86 73 16 12 86 31 3 50 100 27 32 7 31 16 16 56 4 95 88 91 15 15 15 29 39 65 93 7 54 10 69 86 21 36 64 33 72 73 74 47 77 34 42 3 47 15 7 67 18 77 69 6 74 81 87 39 20 8 86 92 23 90 89 11 35 24 18 65 41 
56 72 29 72 37 41 92 48 83 42 83 52 85 100 45 99 70 66 28 30 3 64 6 13 62 51 96 31 84 14 91 40 85 39 74 10 53 62 69 38 7 15 13 83 94 44 25 27 94 14 59 57 3 98 54 2 100 2 94 42 86 19 63 19 94 45 74 12 13 11 47 12 4 49 46 6 5 39 84 98 95 57 94 39 53 22 65 34 68 69 7 28 28 99 84 60 36 42 1 100 44 42 78 53 35 28 65 92 51 83 72 23 6 95 61 69 54 47 49 49 13 38 8 81 56 57 64 12 52 11 42 57 43 32 98 24 79 57 98 28 
88 57 15 92 48 64 57 83 78 42 78 73 77 26 4 18 32 76 78 47 16 11 33 24 70 48 47 28 55 81 73 22 38 52 39 20 39 23 53 59 83 48 54 79 14 51 22 97 78 27 95 45 80 56 95 15 19 2 87 37 79 46 71 43 29 32 48 31 36 42 45 9 17 56 52 41 5 15 59 35 80 73 74 74 24 72 66 8 84 70 71 18 80 98 94 46 3 13 42 45 68 14 11 36 99 84 5 12 20 11 16 7 19 19 72 14 18 48 72 15 32 45 47 15 47 41 7 76 41 28 33 35 16 63 100 29 92 83 47 86 
76 89 86 28 18 18 67 92 62 49 55 84 52 11 26 61 62 3 95 44 14 89 81 79 25 98 22 79 82 93 94 37 38 65 79 45 64 10 21 80 27 29 54 9 6 44 42 87 25 38 85 76 8 30 67 51 82 68 25 28 52 73 19 50 2 90 76 15 87 81 1 37 19 54 85 100 55 91 37 16 55 96 46 38 8 77 75 41 35 68 54 75 68 100 65 18 58 25 13 39 65 29 73 14 0 90 44 25 47 98 100 70 31 13 69 87 93 89 95 97 41 4 52 9 45 100 38 19 14 63 48 88 42 93 15 79 66 34 65 22 
38 11 51 83 90 60 63 25 6 42 27 98 20 6 14 98 42 5 29 31 95 81 17 47 58 89 81 79 46 76 57 47 15 10 3 97 9 44 42 84 25 64 25 75 29 70 83 22 71 59 70 51 45 98 15 65 27 59 19 74 70 21 98 22 71 74 69 31 28 56 100 74 45 87 77 47 64 62 59 55 14 87 17 92 53 10 27 9 6 61 84 85 59 27 55 36 47 60 25 84 19 33 18 0 33 80 70 9 23 79 98 9 14 40 47 9 40 16 14 40 77 55 88 95 8 61 51 23 40 50 83 95 56 89 49 84 6 53 26 60 
19 9 35 1 66 93 26 76 77 56 65 86 54 7 5 73 73 55 28 4 31 96 68 97 47 29 28 52 88 54 46 40 23 17 1 75 1 81 92 73 45 57 46 16 26 12 30 58 27 77 62 59 34 76 21 0 75 97 47 9 6 81 35 91 28 34 49 42 57 100 47 4 94 45 6 45 89 84 96 42 31 86 76 51 29 88 95 66 37 71 44 61 26 43 8 38 75 10 70 58 9 86 30 4 15 38 55 36 83 53 8 98 94 45 52 98 99 69 88 34 43 15 32 80 77 55 63 73 12 4 62 63 64 55 89 62 85 98 44 32 
8 52 90 34 18 29 71 65 51 39 33 70 4 76 17 9 89 81 0 54 78 3 82 68 1 63 99 64 41 84 71 3 14 59 54 30 61 4 39 95 40 29 15 18 91 37 74 55 23 49 44 95 47 46 3 27 37 31 92 28 92 18 31 12 14 49 3 6 8 55 99 11 36 29 54 51 36 89 39 76 12 2 87 84 38 69 32 93 60 93 4 84 71 0 63 85 67 39 10 32 100 80 55 62 67 5 21 14 86 96 71 54 17 71 100 13 65 45 79 77 51 77 30 78 27 10 34 7 20 10 11 55 18 27 75 40 44 30 42 70 
9 30 39 71 42 61 51 72 46 15 93 100 16 13 96 46 12 71 30 70 21 53 80 33 40 1 5 65 49 17 85 93 95 99 74 32 56 44 14 5 88 21 47 23 57 86 74 15 51 69 33 70 13 60 85 52 56 57 44 69 0 16 18 93 41 90 41 10 89 65 78 76 91 92 68 28 70 74 5 98 17 63 69 59 41 12 80 66 50 86 86 79 81 33 7 22 46 43 69 30 99 3 1 61 16 97 46 99 67 92 85 14 71 30 94 84 3 26 37 47 22 69 39 56 85 84 21 40 66 35 44 90 0 70 97 57 47 54 69 56 
49 48 11 53 41 61 79 93 93 72 73 5 54 25 15 65 86 78 81 16 12 89 20 68 69 73 16 61 49 66 80 10 43 94 78 59 62 94 51 77 44 92 46 57 86 89 11 88 52 69 77 36 69 19 98 66 45 65 17 70 27 93 34 70 48 72 53 81 27 29 76 8 23 60 92 66 47 94 39 92 89 77 18 33 48 63 32 77 34 73 11 14 6 68 52 55 98 7 59 45 47 76 92 92 76 19 50 68 81 75 79 39 2 0 44 71 100 31 92 36 29 98 23 66 55 62 37 31 99 65 7 18 28 6 71 27 52 51 74 75 
91 41 21 100 62 28 70 62 98 10 46 52 72 90 4 13 38 41 10 48 9 22 45 40 80 83 67 29 65 68 97 70 32 79 40 20 32 67 25 7 18 98 40 50 10 13 61 43 88 78 36 52 68 0 56 75 68 49 61 6 37 40 61 89 19 23 10 20 36 87 65 15 85 50 65 100 86 33 1 33 84 94 12 1 86 24 70 62 94 59 32 2 13 72 100 92 60 87 90 91 59 49 95 81 58 65 70 29 24 78 80 68 29 41 17 87 66 44 53 82 84 35 36 22 38 79 25 14 43 73 16 97 42 82 2 17 70 42 92 4 
2 6 34 61 2 93 82 12 96 60 23 96 45 58 74 77 73 38 87 76 7 3 92 5 65 28 36 98 77 96 30 90 83 36 68 29 47 57 67 87 45 17 80 79 15 41 39 96 28 87 12 17 84 17 7 14 25 78 8 86 28 47 100 83 1 74 37 28 61 71 18 11 12 6 74 13 94 1 80 18 84 40 72 80 61 34 9 96 60 34 31 30 11 100 69 31 87 86 50 47 8 11 60 84 54 22 16 84 7 70 8 31 53 36 100 0 9 3 66 89 61 40 1 9 52 66 21 95 25 31 89 7 64 70 20 7 36 67 86 53 
39 21 91 66 97 100 42 57 28 62 32 63 6 51 34 16 19 94 6 47 83 49 19 19 22 22 32 44 31 40 97 6 91 17 31 91 31 78 21 66 21 81 48 18 17 80 77 65 61 29 11 38 41 95 70 94 81 8 93 53 42 85 81 99 41 33 50 34 85 23 96 23 3 54 44 60 90 90 25 78 52 4 51 63 36 43 20 77 11 13 13 1 73 40 52 15 36 6 49 66 23 70 52 18 54 12 37 86 89 15 19 19 40 7 28 55 34 35 12 55 82 54 15 76 64 64 12 92 52 89 67 20 39 7 2 63 35 55 79 70 
31 10 90 88 3 8 26 2 30 0 91 61 15 33 94 9 34 65 43 63 29 23 15 16 51 26 5 39 66 8 47 1 0 81 45 83 62 71 13 62 32 29 32 9 79 43 7 70 23 78 91 12 55 91 71 75 1 72 21 74 73 41 29 9 81 82 31 11 39 17 43 28 15 23 38 51 82 15 2 0 6 42 1 81 40 91 81 94 95 78 18 26 58 69 65 100 20 99 75 50 37 11 64 37 92 40 9 30 59 77 1 26 58 66 90 61 94 63 86 58 40 94 22 57 54 16 90 33 44 53 3 40 26 64 44 4 5 85 45 61 
