20
20
13 5 28 91 20 54 81 73 21 59 23 70 55 26 58 19 93 67 16 2 
8 95 42 17 38 16 86 27 54 66 4 0 16 64 46 74 47 35 43 83 
20 38 91 91 2 25 63 45 85 4 15 76 17 2 36 42 80 42 84 77 
20 29 69 43 45 55 0 4 33 30 6 83 96 78 28 54 51 4 12 69 
12 9 43 56 90 64 1 79 80 1 98 61 71 77 31 90 6 83 23 87 
13 4 57 13 14 14 63 36 96 18 88 52 12 94 60 58 24 36 28 67 
5 74 81 39 53 16 30 97 50 28 17 65 3 98 8 70 42 71 39 19 
54 34 60 29 77 66 4 30 12 21 68 42 19 19 85 32 76 23 9 71 
7 71 23 7 78 86 47 9 100 79 37 97 97 11 34 55 25 93 94 75 
56 42 1 95 24 29 81 52 7 8 14 41 76 22 76 26 99 35 32 27 
20 47 82 33 43 69 80 100 65 44 27 86 24 31 68 38 96 63 80 72 
91 2 41 81 12 79 98 21 54 28 58 58 36 53 6 79 55 53 37 82 
98 68 28 53 61 39 50 51 71 13 3 89 44 76 97 17 9 41 37 92 
49 79 95 51 30 29 28 99 50 69 34 87 22 47 4 73 83 31 80 73 
85 70 15 47 56 76 79 32 98 75 88 36 14 100 35 58 51 62 26 96 
42 86 67 79 79 22 91 62 86 72 43 24 84 65 24 98 61 26 36 88 
14 7 96 72 28 19 84 76 61 11 62 46 26 87 37 61 12 41 74 17 
45 2 50 79 20 45 1 2 32 30 27 0 27 48 74 50 34 72 78 26 
87 100 92 78 63 20 26 17 88 28 1 10 82 67 79 26 63 14 91 38 
39 29 48 1 81 24 56 79 28 86 45 93 83 95 60 68 5 93 36 92 
