100
100
99 93 61 90 77 50 70 82 72 39 92 57 34 85 40 66 77 96 38 25 70 50 98 20 27 78 58 48 93 29 85 14 24 27 17 32 19 31 22 44 71 69 5 67 94 54 30 64 57 43 9 56 61 45 67 43 37 46 61 43 39 31 84 0 10 76 50 59 42 7 72 6 32 65 0 72 58 68 37 63 13 18 64 10 36 2 78 71 77 86 2 34 29 11 87 65 14 60 60 41 
33 4 82 69 12 13 47 25 91 92 26 61 21 17 78 26 87 21 31 63 28 17 71 98 89 71 4 87 24 25 84 79 2 18 53 19 50 78 85 12 9 60 11 14 41 55 10 88 26 18 11 41 51 44 0 98 25 90 50 1 91 19 64 87 27 63 5 45 55 6 75 6 49 20 93 77 48 16 93 47 3 14 37 56 53 6 18 51 26 89 35 67 64 86 78 29 90 88 95 35 
89 27 39 63 94 51 1 30 44 97 7 37 39 18 5 8 88 100 44 53 92 70 0 97 88 69 53 2 76 56 75 57 57 12 71 34 75 63 99 11 33 45 68 52 42 32 24 7 16 78 34 3 57 77 43 30 2 65 42 47 6 27 35 96 36 5 84 12 61 70 97 87 17 65 21 53 94 79 26 85 46 57 42 74 50 82 72 14 15 54 41 5 36 62 12 15 33 43 38 64 
51 37 2 92 87 21 49 13 74 66 31 6 65 96 39 52 98 11 33 38 3 2 11 83 80 41 26 28 12 57 82 94 40 87 21 99 37 94 20 10 20 84 10 0 54 87 47 70 79 43 14 25 20 20 93 60 29 43 66 11 45 42 38 95 29 7 78 17 2 92 42 98 96 40 2 48 11 25 64 57 78 37 62 5 31 91 67 65 67 4 38 81 5 77 48 81 32 88 38 42 
45 17 98 92 22 34 26 13 28 34 38 2 73 79 14 60 69 64 5 87 54 19 4 95 13 17 94 52 75 15 0 44 22 39 21 9 54 76 24 100 14 13 23 8 15 53 0 81 61 41 13 90 51 10 92 71 89 41 42 81 53 12 93 62 40 41 29 79 15 50 32 58 9 78 42 72 76 23 29 56 70 20 34 37 17 60 18 33 12 79 90 31 86 44 98 59 4 47 58 7 
27 69 74 55 34 37 55 18 9 47 33 86 11 53 62 24 15 66 21 72 85 78 58 34 0 73 7 9 34 30 44 13 41 42 93 57 47 89 99 54 99 86 75 59 57 55 72 73 89 9 44 91 73 11 33 45 87 66 4 3 80 81 35 69 61 27 97 5 91 87 63 6 56 23 25 35 90 63 95 58 50 47 90 50 60 46 87 15 16 13 79 54 74 20 62 5 46 11 4 72 
50 1 39 2 50 55 62 51 77 55 48 44 75 63 78 76 75 80 82 18 32 9 24 98 76 18 18 59 68 93 56 57 9 62 6 13 88 7 16 79 82 39 57 31 37 39 10 81 14 6 68 63 11 32 47 27 50 93 89 95 71 67 5 0 86 99 2 4 98 71 53 73 12 100 8 19 6 37 42 73 36 39 73 27 48 91 61 56 24 89 88 16 56 57 50 85 12 78 64 68 
88 76 94 39 89 25 12 69 88 22 73 40 47 6 25 59 66 6 7 6 40 60 56 79 46 89 70 62 34 61 18 54 37 66 35 8 70 41 83 27 71 94 73 26 12 46 65 34 77 13 43 53 98 83 71 86 76 89 45 24 16 10 78 16 15 39 31 67 97 46 79 40 16 77 61 87 86 20 2 27 66 20 74 50 80 2 34 5 68 100 26 85 84 4 4 18 40 82 31 65 
70 55 58 35 16 26 33 24 94 19 55 29 92 71 79 24 15 73 52 56 30 44 68 85 22 47 59 36 85 96 66 73 88 8 39 65 69 6 59 16 54 27 10 11 63 6 28 91 58 81 82 5 6 69 55 48 70 86 70 61 23 82 83 27 73 99 21 65 15 6 12 58 76 45 9 94 43 49 77 86 51 100 3 24 70 53 62 96 82 65 66 95 68 55 38 90 29 55 64 32 
1 12 43 55 59 3 2 40 81 26 34 80 15 1 54 15 58 50 81 45 87 29 82 34 81 22 14 100 3 74 52 99 6 23 69 23 25 29 0 65 9 78 46 54 89 64 58 21 29 89 7 98 58 34 30 26 85 26 20 82 84 71 18 30 36 85 5 47 17 21 52 72 91 32 52 73 53 25 30 22 30 16 58 71 45 81 57 18 4 46 94 35 72 92 58 4 30 19 62 14 
89 97 51 20 6 14 84 97 1 41 23 67 16 88 91 96 35 39 18 46 28 46 89 30 58 53 38 33 46 73 100 93 65 74 84 14 67 84 62 53 100 97 81 55 60 79 24 0 26 30 94 20 38 80 86 90 58 61 19 47 96 83 78 13 66 79 62 44 49 70 61 29 98 52 79 21 68 7 17 45 9 70 79 93 34 46 71 39 8 53 8 61 44 58 31 98 82 59 7 55 
70 16 10 45 22 8 64 76 77 34 90 48 50 92 72 35 76 6 51 71 45 45 23 54 41 11 85 58 71 76 72 92 8 40 87 22 95 53 52 46 63 93 37 79 59 83 22 42 91 42 67 71 94 95 25 99 86 100 5 95 35 11 60 39 8 84 1 37 11 7 83 41 73 10 15 21 36 8 66 81 82 1 71 47 10 42 20 43 29 70 12 33 26 70 96 9 90 3 27 83 
11 29 71 87 45 80 80 18 55 87 10 37 48 46 65 30 44 59 95 65 25 5 42 73 61 59 10 47 19 38 87 58 87 26 82 83 46 75 68 19 91 73 71 44 33 13 61 22 28 91 11 69 74 3 14 75 24 48 20 92 87 54 2 10 44 61 18 14 86 89 55 44 38 4 67 37 8 33 19 92 58 58 72 78 51 25 52 4 76 30 39 67 35 97 27 46 60 83 89 7 
15 93 20 33 56 73 53 16 87 10 63 70 10 64 22 96 66 30 42 35 87 50 60 92 3 8 83 72 50 16 70 43 42 26 6 90 89 42 85 1 32 14 90 56 77 33 28 47 44 6 12 28 100 2 62 43 64 71 4 14 98 24 100 45 84 75 30 66 81 85 58 34 48 78 70 78 9 74 78 72 43 63 23 83 59 45 55 69 27 52 58 20 56 40 76 38 64 68 67 58 
57 0 83 78 27 100 6 98 13 16 50 21 35 88 42 63 79 71 62 52 85 8 37 61 94 5 95 36 3 45 12 64 26 5 100 39 17 2 19 94 70 96 90 70 69 61 57 93 16 56 90 34 55 40 24 21 56 7 47 58 45 94 26 59 35 46 95 94 52 47 38 43 24 60 96 68 91 82 63 99 33 67 31 99 1 36 64 41 21 93 0 4 93 94 83 62 51 26 70 35 
26 17 100 56 2 62 64 18 98 99 17 25 84 97 32 61 27 93 14 13 67 17 74 86 46 14 52 60 96 54 6 1 54 54 20 84 72 15 49 93 38 64 85 1 3 95 36 89 26 10 9 99 17 93 18 39 62 27 44 55 28 27 95 13 3 60 77 14 84 0 90 94 39 4 51 31 72 46 65 88 12 76 13 62 41 49 60 57 64 90 64 25 80 65 1 81 96 27 37 15 
87 58 3 39 45 47 44 30 6 25 41 50 65 31 94 98 30 1 41 95 0 77 51 95 40 41 33 27 61 41 75 23 91 90 76 19 61 29 6 37 99 57 39 59 82 71 27 17 88 79 55 28 10 51 53 97 34 67 33 99 32 69 32 66 79 63 23 4 90 23 33 0 72 87 96 24 84 62 92 41 45 8 32 97 42 97 74 86 100 100 95 68 90 42 72 39 59 57 39 78 
33 78 90 74 3 59 1 37 28 80 85 10 83 66 68 74 8 29 51 32 59 73 67 23 2 60 85 1 3 23 16 89 79 9 10 85 15 59 26 85 89 76 60 48 82 81 80 12 29 21 57 97 19 39 30 65 98 80 33 50 12 18 80 27 19 28 84 64 53 5 64 61 31 95 48 9 89 85 28 3 6 21 51 78 89 35 50 89 74 15 73 14 4 91 34 62 84 42 90 53 
3 86 23 33 72 29 84 71 92 99 99 70 59 0 41 97 65 93 87 94 24 79 98 24 41 61 25 58 22 78 76 46 71 8 37 93 80 57 97 60 78 29 35 36 23 19 33 3 89 44 69 62 79 28 25 72 19 4 86 27 24 53 35 60 4 20 73 58 3 49 78 29 46 46 83 15 90 41 84 66 82 54 19 97 63 63 39 58 88 42 21 25 96 76 25 60 88 8 15 65 
42 88 1 58 96 69 85 61 80 70 29 36 78 66 18 3 14 14 69 6 57 80 3 46 12 29 41 80 53 55 55 87 94 73 74 51 30 24 40 12 9 61 22 65 50 95 63 76 45 86 51 12 23 88 73 46 58 16 51 50 72 78 66 52 3 25 87 74 22 6 78 29 89 0 61 43 68 56 51 31 51 96 21 98 97 35 31 6 26 52 22 10 8 4 99 55 85 97 59 67 
33 97 15 4 74 53 66 55 85 91 69 22 57 58 82 95 79 33 19 46 43 81 71 91 70 18 18 82 27 28 50 71 62 19 93 2 75 31 45 79 38 39 35 53 55 6 50 67 53 91 67 68 81 10 10 51 5 22 5 79 44 30 90 29 54 66 44 10 27 28 38 60 72 2 21 36 5 63 54 90 30 64 13 54 82 60 58 34 79 46 60 49 9 59 56 68 14 51 9 65 
90 98 83 44 40 68 75 82 82 40 21 52 15 42 64 8 63 10 58 90 71 12 18 98 44 16 2 73 63 87 9 78 93 76 55 23 15 18 12 28 11 3 39 15 63 54 39 84 49 68 13 68 73 50 45 87 6 58 40 16 73 34 8 87 81 100 86 85 3 11 21 7 96 38 64 33 84 52 60 85 61 45 93 83 65 80 80 76 63 84 2 17 56 51 55 72 9 19 12 35 
56 39 23 83 40 42 48 74 79 0 66 20 86 73 65 99 42 91 15 95 95 39 47 63 62 89 39 19 23 21 32 60 51 83 32 86 11 2 94 84 72 80 44 32 80 45 81 53 8 3 5 13 55 17 22 52 83 30 70 48 80 77 55 64 76 12 97 26 53 1 81 42 54 82 100 56 95 50 34 97 81 92 49 88 69 55 0 69 26 31 55 58 49 41 83 90 91 28 56 40 
19 35 0 1 15 100 31 96 18 78 94 2 69 98 35 82 6 93 36 93 76 70 46 13 92 96 63 90 13 62 64 9 67 28 76 91 63 5 62 67 89 50 16 65 27 86 18 93 80 51 6 41 47 91 44 15 100 69 51 6 3 82 41 95 67 94 35 83 17 16 16 62 58 27 96 41 59 92 99 29 42 83 77 85 95 10 15 23 37 7 48 61 86 90 75 55 64 82 32 97 
85 40 5 48 48 19 85 50 5 26 53 63 17 39 17 78 14 99 79 51 92 8 70 18 84 68 86 0 34 63 49 26 11 21 91 18 23 87 63 46 47 65 56 84 100 44 46 38 54 10 26 84 86 17 80 57 51 40 49 46 45 85 21 24 58 34 94 67 11 20 27 0 63 57 42 80 66 49 22 20 19 11 52 78 91 87 36 87 93 39 63 62 100 55 97 84 32 41 26 85 
81 95 13 52 48 63 28 92 28 18 59 61 46 76 38 37 65 63 98 80 12 49 65 72 16 77 19 49 81 25 19 3 32 5 50 63 71 95 29 33 42 21 17 88 65 1 39 82 77 93 77 83 59 34 5 66 56 99 11 36 22 64 49 7 40 8 95 69 50 18 45 64 42 79 60 79 13 36 30 82 35 59 56 62 43 32 31 7 41 72 45 53 61 3 7 14 65 53 38 86 
41 13 68 65 5 52 17 49 26 68 41 86 11 76 86 94 30 26 36 96 74 16 46 35 8 39 67 12 95 51 66 57 32 89 93 12 74 4 22 7 34 85 84 6 88 29 84 69 32 34 40 11 55 51 3 59 12 83 86 19 10 10 78 99 75 31 29 45 75 92 98 85 92 53 3 30 19 80 91 92 14 45 77 91 99 68 48 24 25 61 22 20 44 75 36 21 71 34 16 17 
52 73 20 93 94 68 81 87 68 50 58 87 38 95 1 53 3 1 79 63 84 99 92 60 92 78 59 36 40 90 0 46 88 10 27 23 2 86 34 56 93 88 80 18 35 2 0 27 10 57 58 4 35 65 4 13 68 87 22 83 40 29 32 64 100 62 68 39 32 42 21 50 66 38 19 81 55 93 20 93 69 94 60 56 20 96 39 83 3 29 96 6 4 52 51 67 89 61 92 36 
31 26 40 80 44 98 42 30 68 98 86 89 52 58 8 55 78 33 72 30 47 35 63 47 40 83 26 7 1 60 86 67 57 99 6 12 80 5 1 12 60 26 42 40 1 66 15 97 56 58 82 59 35 19 91 26 76 99 61 50 13 31 35 92 18 40 74 34 45 38 74 14 66 76 66 71 3 81 30 48 31 90 19 30 52 29 18 81 17 10 64 56 22 99 41 73 59 9 77 34 
78 0 61 22 37 38 95 97 6 69 34 18 18 83 30 94 68 86 22 64 58 97 56 41 87 20 37 8 75 94 82 32 57 60 98 74 15 58 97 100 60 84 27 96 31 68 41 73 58 33 38 4 42 58 10 50 98 29 99 96 85 20 95 2 64 51 4 11 71 65 41 2 33 94 3 55 9 59 77 4 36 26 14 26 31 10 83 47 56 17 63 86 1 39 20 47 9 73 71 64 
49 47 25 22 90 78 47 19 54 14 78 62 0 68 88 75 7 45 50 48 81 88 29 58 0 57 8 11 5 58 37 96 78 89 63 14 46 95 81 13 56 71 58 94 85 15 1 41 53 67 92 49 92 92 2 10 64 17 76 75 0 98 97 60 3 27 90 96 46 40 91 67 100 5 31 63 24 24 22 19 96 38 89 96 91 34 48 39 19 73 35 66 93 60 14 41 8 9 49 59 
71 91 99 39 77 13 55 25 39 18 91 21 81 60 30 17 90 5 78 81 59 78 38 41 98 93 61 3 1 68 95 89 27 3 14 4 85 41 0 87 28 33 86 0 89 82 54 76 19 65 41 84 7 49 90 91 44 4 52 86 7 23 43 29 71 100 10 37 95 55 73 1 97 91 77 76 98 72 32 95 85 69 41 31 80 96 50 37 67 70 72 36 100 3 77 78 51 72 10 83 
13 16 43 79 8 46 83 19 85 1 72 20 95 3 89 30 87 85 8 49 93 52 2 96 3 4 20 3 34 55 60 86 82 33 23 77 19 89 66 21 15 0 41 4 84 51 17 60 60 2 68 44 15 81 48 98 68 14 50 3 28 90 95 19 55 49 86 31 9 83 73 56 62 15 5 4 66 57 84 65 64 50 40 66 86 36 52 88 76 24 35 45 39 14 18 44 8 1 3 96 
14 99 12 58 12 66 12 46 87 81 36 5 97 0 29 75 81 42 72 93 55 13 88 2 54 4 81 41 88 23 37 63 76 19 11 22 60 80 100 38 29 70 7 60 46 62 36 55 11 91 7 22 84 96 32 4 86 36 55 98 51 60 50 18 90 59 2 91 73 81 39 72 99 31 47 40 63 38 11 46 92 98 83 60 85 28 77 35 95 44 30 6 97 35 12 62 52 77 55 38 
90 2 16 85 13 45 10 51 72 6 93 71 22 46 25 49 60 59 0 46 65 94 99 58 78 6 66 7 81 66 47 71 15 4 34 73 99 3 28 73 10 66 47 47 96 89 24 92 3 86 69 45 61 8 68 66 46 55 22 37 87 95 49 52 18 32 19 39 27 13 11 99 24 73 54 85 83 63 68 70 41 78 74 47 82 70 93 0 43 70 19 22 29 8 15 23 69 74 91 42 
62 14 34 55 84 30 97 99 80 59 33 38 18 17 4 98 23 84 1 10 99 36 0 14 36 14 30 56 52 23 67 3 9 92 10 72 43 87 46 25 79 72 36 74 12 28 22 99 92 100 76 15 54 66 41 66 39 23 7 100 76 90 31 53 13 69 14 34 60 15 30 4 12 4 68 30 88 46 90 69 64 18 20 56 36 69 95 39 67 22 3 98 48 27 26 17 86 54 91 39 
61 59 83 43 75 37 8 80 78 7 9 34 100 30 50 16 47 65 0 75 7 86 57 45 23 91 44 55 15 31 65 75 40 11 11 62 67 65 60 76 16 37 78 44 93 99 37 99 27 15 47 89 62 99 2 56 52 20 26 74 93 68 3 13 13 7 95 63 30 8 42 73 87 31 90 61 29 5 59 23 30 59 1 31 22 71 4 58 17 9 50 75 78 42 51 67 65 0 55 49 
38 47 29 59 76 16 57 32 30 86 20 5 82 10 30 59 63 2 31 99 77 27 27 56 89 23 14 89 75 15 47 45 34 62 29 80 18 80 41 35 97 54 35 85 66 9 6 9 45 65 82 21 85 28 32 56 46 5 70 83 66 63 97 44 23 89 39 44 7 95 99 56 94 92 75 43 67 1 2 43 5 68 16 90 74 79 57 84 52 60 98 90 93 65 45 52 8 6 1 91 
25 18 73 45 59 15 61 19 59 81 95 70 32 84 41 29 58 99 28 58 35 71 63 76 48 33 75 89 20 75 53 16 52 98 83 91 68 90 18 83 100 2 63 77 57 75 70 15 51 62 15 65 35 16 93 48 84 76 52 19 46 35 34 45 89 13 99 29 45 52 68 57 56 77 21 51 31 1 2 33 52 5 7 40 52 73 61 39 11 9 21 44 36 99 41 60 83 29 65 82 
93 37 24 81 99 61 20 73 7 73 2 29 25 50 86 100 58 19 87 98 29 41 41 86 17 52 75 59 16 64 83 12 90 36 54 18 0 30 80 40 58 64 62 40 80 91 10 46 96 52 37 46 38 55 82 35 30 28 3 45 63 45 56 23 85 78 3 81 8 99 2 76 9 97 36 80 25 11 69 17 21 35 95 92 91 99 33 34 40 8 0 89 92 78 61 94 30 70 20 65 
6 64 49 52 63 95 11 62 8 20 98 96 44 74 44 59 17 48 4 2 17 27 70 63 98 78 86 21 40 50 67 29 52 21 48 61 67 17 22 67 86 35 94 86 3 88 11 61 12 82 43 27 41 18 56 30 39 45 28 94 17 59 53 93 19 57 10 54 58 91 24 22 98 31 1 58 34 46 11 83 31 70 55 44 80 95 83 46 96 78 49 20 96 90 70 65 9 17 66 95 
5 92 76 12 17 32 40 90 0 86 71 37 21 88 94 23 76 67 59 65 89 83 90 97 21 78 46 58 39 0 27 98 93 52 70 67 3 17 31 94 0 32 62 100 86 64 94 27 10 21 74 80 68 76 17 21 58 55 22 58 3 4 49 2 10 74 53 10 8 32 67 48 18 92 30 19 49 56 82 94 100 86 42 49 88 64 39 82 48 23 45 62 88 61 51 10 25 66 42 100 
33 6 3 33 98 15 20 64 8 81 72 46 95 67 65 31 52 43 69 82 81 4 17 83 12 72 4 45 72 62 25 98 97 74 53 43 51 42 74 80 15 19 37 39 80 20 64 20 83 44 61 89 59 78 4 92 52 58 79 88 28 19 18 55 38 54 9 67 98 77 78 35 18 65 52 29 72 11 34 75 19 28 7 51 75 96 39 80 89 40 24 8 92 45 22 78 26 78 47 3 
80 39 56 75 5 78 12 92 15 46 73 23 20 51 93 68 45 64 94 17 32 77 64 89 27 9 69 25 17 66 23 61 27 67 17 43 15 16 47 17 5 35 73 30 88 75 16 63 21 3 100 71 77 75 14 18 83 56 73 92 99 5 60 40 79 52 47 45 5 42 61 75 92 62 94 31 51 5 90 65 7 28 71 69 37 70 47 50 71 59 3 65 76 86 94 47 18 94 62 90 
39 90 53 70 15 32 45 15 52 39 43 6 75 62 83 37 64 54 72 22 6 75 46 67 90 11 65 7 20 84 42 3 55 87 14 79 90 8 73 16 45 74 18 39 72 9 23 67 62 3 17 34 33 22 23 42 41 93 2 78 33 51 5 72 40 69 22 36 79 61 97 13 44 86 63 16 24 10 2 5 73 22 46 8 45 11 30 41 55 69 78 71 93 16 8 68 31 86 92 56 
96 46 58 69 69 57 11 87 91 32 71 35 80 39 99 59 62 76 38 8 45 81 36 60 49 50 32 22 90 14 69 63 76 61 95 50 32 21 66 77 5 23 62 20 2 32 6 67 55 32 14 60 76 99 65 88 29 42 94 69 22 98 7 25 30 18 39 69 79 19 21 62 78 55 68 88 62 84 84 74 54 66 13 49 19 77 64 21 57 5 29 44 20 39 59 78 31 40 1 8 
15 41 22 46 54 73 89 60 88 58 14 85 23 19 84 80 9 66 55 81 29 2 38 47 30 35 44 6 77 6 27 79 41 83 87 57 55 58 87 19 93 48 0 58 41 58 44 16 77 8 29 98 44 43 17 20 28 50 37 8 87 85 53 11 76 76 1 88 63 91 43 20 46 8 17 44 57 7 28 74 55 32 45 97 51 93 33 23 48 4 82 68 24 94 74 49 66 48 72 85 
98 5 79 44 0 85 68 5 12 84 75 2 28 86 24 66 35 52 25 94 4 98 63 7 31 54 73 13 75 77 58 69 85 78 26 77 56 92 47 63 73 44 15 95 34 18 51 12 78 91 26 19 68 70 10 89 94 40 14 89 79 99 52 49 96 51 48 51 40 29 16 58 12 19 66 66 58 19 52 17 55 90 61 83 41 80 94 7 93 4 95 92 48 77 97 45 95 72 98 43 
7 4 79 69 77 11 64 18 60 30 48 54 1 70 8 82 16 28 73 24 10 2 16 31 46 0 42 38 66 88 18 55 54 34 99 16 93 5 73 20 77 14 4 87 92 99 99 49 27 10 40 44 6 62 91 94 90 93 3 53 61 12 38 18 96 82 43 33 4 100 100 52 15 39 35 8 86 80 80 94 35 48 71 48 39 81 27 7 30 83 2 0 86 17 69 45 11 7 27 93 
32 13 64 18 88 18 33 55 44 99 31 7 30 34 37 29 38 38 42 41 32 26 47 33 76 34 99 81 87 52 19 28 85 70 12 30 74 70 15 47 68 65 13 54 13 68 14 63 15 84 7 48 64 99 50 65 66 98 81 84 49 80 54 24 61 18 44 14 43 62 80 40 26 42 52 19 50 13 54 64 12 0 29 37 49 12 89 36 84 71 90 83 0 50 36 1 4 1 0 15 
50 1 36 39 96 62 36 31 92 11 60 76 86 8 16 100 87 6 87 69 6 10 55 46 58 12 92 16 38 1 45 40 36 80 8 33 0 1 14 30 75 5 21 45 12 37 73 93 41 0 90 4 51 55 29 0 2 35 13 62 64 36 28 37 31 80 65 65 72 68 43 76 71 51 76 56 37 24 10 88 51 47 45 32 75 43 99 94 5 6 19 26 61 36 24 81 56 53 62 23 
48 59 63 35 15 62 83 45 12 61 57 77 51 35 39 80 48 97 27 99 52 80 78 54 20 95 31 41 7 36 29 83 13 42 80 86 92 4 97 87 60 67 60 18 64 66 1 97 53 47 70 49 5 48 57 27 51 91 69 28 35 53 39 37 58 71 17 63 81 72 53 34 93 1 67 74 79 30 57 76 0 3 97 100 50 8 91 83 31 92 38 68 17 7 13 54 100 3 51 5 
16 89 37 83 95 96 57 40 31 65 36 92 65 18 24 72 47 46 43 51 24 52 39 25 90 43 47 20 43 1 85 80 56 94 51 36 93 56 29 2 53 75 23 32 69 19 24 39 59 23 50 70 72 24 91 22 68 58 90 58 86 17 30 13 28 21 46 34 90 49 54 20 76 96 83 62 87 88 34 45 7 13 33 26 58 64 23 71 92 4 30 65 69 100 5 65 65 46 24 5 
36 66 97 18 16 36 47 60 90 41 69 50 97 33 11 24 97 51 39 12 80 21 76 0 15 52 13 24 83 21 63 98 42 95 83 7 69 18 73 39 16 76 81 87 44 80 98 87 49 41 76 57 65 1 14 99 47 20 78 18 52 88 47 53 48 34 63 7 33 72 25 0 19 95 50 100 43 67 42 16 42 38 13 23 32 38 70 52 89 29 4 81 17 5 47 71 42 100 70 17 
81 23 94 51 34 64 69 81 27 8 27 65 31 72 13 35 13 26 2 97 23 60 31 53 3 87 15 83 29 82 45 33 5 44 85 5 19 7 90 39 35 0 30 22 14 47 82 20 32 56 84 52 59 49 52 69 38 85 9 30 33 5 88 59 48 55 75 15 98 65 15 66 84 95 92 44 26 28 34 92 27 75 84 90 91 17 77 44 28 74 52 37 31 50 58 66 96 100 93 12 
89 41 82 68 95 39 28 26 1 81 39 64 59 98 69 11 13 56 88 55 85 90 37 7 79 97 43 38 86 58 92 24 49 13 3 85 90 98 89 91 18 12 71 67 18 67 57 33 89 51 1 69 66 81 22 53 72 61 37 24 9 58 39 1 41 69 0 5 39 57 64 18 54 46 38 16 12 90 8 92 30 25 23 73 73 8 50 24 76 43 21 12 4 72 35 80 9 50 84 32 
1 6 29 87 66 3 18 16 73 92 98 78 27 29 85 60 13 28 29 31 35 1 61 49 1 83 44 76 79 93 36 11 77 82 32 17 42 25 52 84 77 20 81 78 93 87 9 77 78 6 75 16 30 74 45 1 60 35 15 10 85 94 67 82 64 52 9 32 60 93 20 61 25 12 96 3 55 1 90 72 61 77 50 7 74 53 90 78 48 53 20 26 78 95 75 71 62 23 52 73 
28 8 84 79 2 54 66 46 24 11 86 51 66 55 20 63 73 49 67 68 33 26 56 65 17 14 51 25 50 37 77 44 85 28 62 0 14 61 12 68 99 89 79 69 11 67 8 52 48 2 59 46 60 80 82 74 89 65 28 97 94 39 87 81 56 21 27 37 62 22 85 60 53 32 21 9 66 7 64 99 0 62 93 41 60 70 2 32 55 9 13 33 50 77 51 86 61 15 37 63 
35 57 54 74 11 31 11 79 44 46 19 42 48 50 75 55 23 93 10 21 53 74 40 2 90 0 87 54 25 79 27 3 8 87 3 56 77 74 90 93 8 99 27 24 92 32 30 39 80 38 9 23 72 10 31 63 7 82 34 4 8 66 32 87 67 26 6 43 2 81 94 13 55 13 10 16 20 85 29 36 71 60 70 81 25 41 19 97 26 97 83 44 73 43 41 87 87 35 6 59 
55 2 31 88 99 87 71 17 85 56 14 82 74 89 24 52 79 64 24 83 68 68 11 14 88 66 16 26 95 1 82 13 6 31 60 74 20 26 27 96 10 66 80 42 83 14 10 78 22 56 34 1 91 25 53 53 2 84 96 40 21 82 6 72 98 6 83 74 31 29 22 10 21 30 26 67 60 6 78 14 93 67 64 38 40 13 33 78 44 100 100 65 61 74 31 20 35 31 8 62 
45 56 53 19 38 71 96 77 11 45 3 91 23 69 90 38 77 98 72 8 59 19 17 40 12 34 89 12 25 29 38 48 47 100 55 63 50 16 95 49 44 82 37 32 95 88 66 96 16 49 42 3 35 67 23 95 20 50 82 29 83 75 79 77 98 84 20 58 97 4 87 90 32 90 42 57 81 30 89 58 29 78 0 8 92 46 65 81 94 67 40 63 19 64 39 22 74 11 28 24 
99 18 28 98 97 75 64 55 19 25 76 69 14 60 43 11 6 47 85 12 19 8 56 97 21 75 44 78 15 23 61 84 100 40 16 84 41 99 13 0 82 87 41 88 33 23 79 94 6 43 100 92 67 23 11 64 6 50 57 52 4 32 100 54 14 7 60 42 23 8 29 13 30 44 8 68 13 99 14 63 23 60 34 57 18 50 93 9 56 6 71 75 47 5 10 92 12 61 7 75 
18 25 3 34 31 89 39 92 89 60 30 74 98 14 98 40 79 79 96 85 64 46 9 54 26 55 94 46 46 83 81 97 24 16 17 56 0 67 81 79 47 42 24 25 37 11 36 91 18 84 64 46 10 72 57 84 90 37 84 33 81 37 89 46 61 65 67 81 70 75 93 15 37 3 48 74 82 56 49 34 38 52 44 16 0 2 54 73 24 37 15 30 23 9 16 63 25 88 37 84 
96 14 51 47 79 72 30 1 90 69 80 3 99 57 16 8 8 42 93 9 4 67 35 79 80 22 44 59 3 77 80 11 97 79 38 18 86 52 17 38 43 79 88 42 40 10 41 6 75 17 31 9 53 6 20 18 24 16 75 74 91 51 3 48 30 94 52 51 64 29 17 95 91 39 59 30 90 92 70 19 8 34 58 85 11 79 94 63 100 9 81 36 4 90 80 96 99 57 11 7 
70 40 5 89 4 58 4 44 76 97 19 73 84 97 23 47 57 27 64 28 16 5 82 84 72 49 84 78 6 40 35 63 85 92 62 41 63 54 17 23 45 0 89 22 35 37 69 98 39 0 57 87 36 79 55 74 69 46 99 36 72 57 14 72 8 67 93 61 12 13 58 4 12 14 39 93 76 54 55 69 84 66 97 25 40 15 4 96 80 10 57 74 78 68 72 57 45 49 57 0 
49 25 12 2 28 53 61 19 55 80 88 97 52 64 69 45 59 74 77 86 71 18 39 46 53 100 4 41 12 47 29 73 85 43 23 5 37 43 1 70 48 83 21 100 24 82 5 40 25 48 16 68 76 22 20 66 72 21 28 66 87 21 8 0 33 10 6 16 61 17 70 55 43 48 3 95 32 64 11 86 17 5 78 67 92 46 39 69 75 1 46 26 33 92 41 96 19 1 20 34 
10 56 34 14 55 80 81 91 58 47 58 51 70 67 16 47 65 95 4 5 56 11 63 13 4 58 3 54 40 99 56 87 3 52 4 32 67 17 87 70 89 72 0 91 10 54 12 2 78 10 68 55 27 91 68 78 21 65 9 63 59 58 86 39 48 14 51 42 41 60 23 70 74 85 81 9 84 43 11 13 0 77 90 37 33 4 34 56 59 52 60 96 10 81 38 52 69 29 10 55 
25 17 17 7 34 46 90 28 85 36 84 10 10 84 64 93 36 89 92 54 79 35 52 87 50 91 16 66 54 33 18 23 23 92 73 9 71 68 60 30 98 89 31 30 4 81 70 40 44 91 33 21 5 20 46 45 70 27 18 99 88 54 75 63 79 21 37 41 11 74 8 93 41 41 57 14 75 0 40 86 27 9 95 32 19 96 94 25 7 100 38 12 83 51 30 96 77 66 80 36 
4 44 52 71 36 32 65 41 63 73 97 16 73 51 11 66 68 7 100 66 75 99 48 87 45 81 89 63 76 77 86 81 81 85 18 50 39 44 99 43 97 87 85 54 60 42 18 23 72 3 78 0 28 35 88 89 15 95 33 24 31 81 79 69 77 97 71 29 76 54 72 68 40 35 14 79 10 30 76 42 81 35 87 42 55 67 53 67 91 73 42 13 50 0 58 17 87 20 83 14 
32 72 92 14 88 59 12 24 81 82 24 18 33 91 35 56 31 63 20 57 78 72 3 20 93 96 65 29 9 20 44 68 19 44 75 10 39 5 48 77 82 55 43 43 90 93 80 13 94 4 88 42 96 6 33 45 87 11 30 32 87 1 5 17 2 76 92 18 17 64 8 26 45 92 53 58 98 22 66 47 94 16 16 24 97 49 98 94 53 65 64 23 89 11 4 2 21 55 3 49 
67 80 43 53 2 36 42 2 4 8 54 84 95 40 66 26 86 97 62 97 1 45 7 3 59 83 8 5 10 54 70 88 18 12 43 66 17 7 13 48 74 1 6 25 94 30 28 28 57 99 95 35 66 56 65 65 9 39 61 16 32 34 64 76 26 82 66 39 80 4 30 4 92 78 29 59 31 88 97 41 0 62 46 24 23 4 30 27 38 17 39 53 25 97 40 77 54 71 64 13 
49 65 57 29 74 45 48 14 63 31 30 69 14 71 42 20 24 96 45 99 26 95 93 35 43 28 60 7 57 69 54 64 36 89 29 68 52 66 61 68 59 78 95 57 14 35 33 2 91 93 94 45 48 42 74 41 82 14 37 87 39 19 84 49 55 60 40 49 99 86 50 16 78 86 61 81 24 55 98 22 58 69 2 90 68 27 78 51 89 18 97 57 53 30 100 62 59 92 26 32 
9 50 43 36 6 93 60 4 62 91 42 85 73 5 10 4 32 90 75 20 66 54 76 68 73 58 67 74 24 97 61 94 16 16 17 27 14 8 56 63 56 87 24 80 82 32 10 83 62 13 81 85 84 81 11 91 54 1 69 0 26 84 72 69 87 21 63 13 25 64 5 84 16 12 91 42 96 29 93 39 6 48 26 54 71 92 25 88 80 48 67 75 59 94 58 24 96 78 74 51 
54 47 92 31 29 89 28 71 65 52 76 44 49 36 100 78 15 16 45 57 78 81 3 88 66 86 57 51 83 75 19 33 88 1 44 65 60 74 79 83 65 94 52 97 25 29 3 14 14 97 66 2 60 13 55 52 42 93 92 75 31 43 92 94 27 64 52 84 38 18 56 85 88 77 84 60 83 42 57 78 64 65 98 51 54 15 67 78 3 81 70 90 76 70 28 13 48 45 93 58 
59 67 59 17 100 3 31 63 88 23 11 4 17 67 60 11 76 25 67 66 95 69 64 67 69 55 17 55 74 19 10 83 92 29 67 41 58 37 0 50 96 17 92 95 75 94 80 0 30 100 5 33 91 16 19 66 31 60 90 84 73 41 77 27 83 16 4 5 89 23 55 45 88 69 99 71 26 22 8 60 79 20 85 11 49 65 13 39 29 29 35 74 33 83 10 45 50 4 76 2 
10 24 82 89 62 1 70 87 23 43 35 49 29 79 50 43 24 45 30 61 62 41 95 2 96 11 63 53 39 66 94 86 51 0 91 59 98 34 48 1 29 58 15 78 26 62 66 55 60 49 29 72 44 65 67 84 30 6 0 45 39 63 32 96 9 47 85 7 35 32 32 9 87 49 52 16 65 72 74 19 72 71 56 25 99 63 79 42 42 43 69 71 57 27 99 75 74 47 88 30 
36 73 97 16 74 79 32 46 47 52 59 27 58 10 19 11 96 58 55 35 83 64 11 2 75 43 3 96 21 30 96 19 86 67 8 68 92 46 59 100 0 81 18 75 16 30 38 30 65 97 81 47 55 65 32 31 71 20 100 25 63 1 37 0 37 3 89 78 65 99 99 64 68 70 97 9 40 83 76 11 28 13 68 88 18 46 40 36 73 2 51 69 72 100 58 59 16 52 20 44 
89 17 18 97 2 23 89 97 93 21 84 91 18 41 32 90 19 18 86 46 5 12 13 88 28 70 54 19 30 81 92 82 33 87 64 69 9 23 21 98 98 83 56 84 90 100 40 15 22 77 32 71 73 88 98 34 27 28 70 31 86 55 62 28 32 25 30 11 16 56 38 11 31 75 53 91 54 73 65 16 31 79 84 77 41 41 7 89 87 32 41 81 74 41 82 78 72 73 61 61 
47 6 97 28 97 83 49 61 91 33 62 65 59 16 48 43 61 64 63 16 85 77 9 43 58 13 87 17 32 37 84 90 74 45 63 77 99 76 0 40 87 48 34 39 44 45 43 71 70 92 79 50 99 19 57 80 59 28 90 89 82 92 12 78 66 72 44 18 66 68 14 86 27 26 63 82 20 12 4 38 88 52 79 49 84 95 64 19 68 16 40 72 18 71 0 35 8 17 99 76 
6 73 75 33 50 6 23 48 84 99 47 68 16 38 58 84 48 94 9 57 7 58 7 11 99 24 56 17 0 46 46 51 74 79 13 30 14 59 92 68 41 24 74 51 80 59 48 25 4 66 51 64 89 37 52 61 100 97 84 82 29 55 83 78 56 93 20 82 1 32 38 24 58 75 1 16 81 34 25 39 18 86 34 51 28 81 16 41 12 81 46 66 61 73 0 100 44 81 62 78 
3 19 85 61 51 55 59 49 72 76 36 36 24 32 21 91 1 73 83 13 100 32 33 36 56 64 14 100 71 28 41 16 18 32 93 73 52 21 87 74 61 67 26 14 69 7 32 66 9 18 99 16 11 41 46 0 63 62 99 46 66 69 9 63 0 30 57 99 58 19 59 62 45 55 8 63 18 2 53 87 98 17 94 49 69 30 68 99 6 62 92 79 61 58 93 31 48 53 18 94 
7 7 75 15 23 100 2 85 88 76 67 39 61 61 33 44 55 8 37 19 79 72 86 28 92 46 36 28 69 25 16 14 25 72 83 82 31 22 16 54 92 68 33 51 40 29 40 46 42 39 81 97 4 40 51 90 28 42 8 24 81 3 72 2 67 47 100 63 25 56 40 1 62 47 86 72 89 79 30 9 4 83 30 68 3 28 86 64 90 7 65 98 38 60 42 27 96 32 48 79 
37 97 7 72 63 18 95 41 59 90 93 7 6 21 69 8 31 94 84 62 23 49 91 96 38 25 86 9 57 16 44 93 22 59 23 0 26 65 54 61 10 37 82 77 45 24 74 7 39 48 56 94 2 33 85 95 92 1 43 18 8 86 34 79 96 9 5 40 88 2 76 85 41 20 30 30 21 40 40 41 47 91 34 14 40 42 71 58 61 64 33 82 82 51 64 30 95 34 30 89 
83 16 62 0 79 45 52 36 62 51 69 70 1 75 89 88 11 80 94 36 44 16 36 20 5 44 6 77 41 14 88 84 80 89 27 8 88 97 71 21 9 41 14 64 78 68 0 1 29 60 61 33 7 23 28 0 7 81 88 17 58 98 17 26 52 87 7 42 47 85 34 92 88 27 0 0 54 27 76 6 51 14 33 45 21 26 92 66 60 37 44 22 18 52 30 47 15 47 24 31 
5 94 70 69 65 99 65 7 36 26 83 98 69 64 6 78 99 48 39 100 8 19 68 92 1 44 78 33 7 62 47 75 16 78 88 48 54 95 16 75 88 33 8 41 23 52 90 86 67 23 2 36 49 19 53 14 49 86 64 92 39 72 95 15 30 74 45 35 60 57 88 77 39 12 8 25 87 16 58 16 1 11 0 32 70 88 8 84 49 49 30 31 23 91 10 5 4 20 16 64 
39 37 57 80 61 60 0 13 10 66 85 63 32 12 57 73 0 17 83 30 27 11 92 28 29 59 85 4 19 83 59 82 41 79 0 5 68 48 90 12 87 20 71 60 46 74 60 99 40 43 2 19 82 69 74 37 19 2 43 9 73 13 56 76 35 83 15 92 87 65 73 8 50 43 86 84 36 50 26 86 92 81 10 69 63 21 81 72 66 41 18 71 38 8 98 25 10 18 75 15 
26 7 39 22 100 62 27 55 97 47 25 49 100 95 50 43 97 7 78 85 65 65 38 55 5 35 50 22 6 41 48 55 9 12 99 7 48 5 97 47 10 15 16 10 95 77 51 66 66 67 42 81 35 18 52 65 63 9 17 57 99 70 63 68 59 74 3 32 28 95 7 17 28 81 86 30 5 95 34 6 96 82 24 4 34 89 74 4 63 78 33 7 33 51 61 28 78 93 4 14 
60 55 8 53 22 0 73 76 4 11 90 91 70 90 25 18 12 83 12 55 53 0 24 60 92 49 5 50 90 35 76 78 81 33 41 19 77 3 68 90 98 16 14 5 30 22 42 95 34 39 55 9 51 44 41 53 42 47 57 11 67 95 77 100 18 78 48 70 35 58 25 86 96 92 7 68 1 45 44 77 66 76 84 1 3 58 48 84 34 4 72 98 24 77 83 75 60 99 27 13 
40 92 13 84 2 81 98 60 66 38 11 82 7 0 33 62 88 11 98 40 23 88 58 17 18 72 49 2 34 68 5 100 44 1 46 63 27 5 73 84 48 21 30 21 50 75 75 18 54 45 38 55 78 64 16 32 53 27 91 98 72 4 59 94 49 26 91 34 84 61 71 38 27 12 37 71 96 4 7 21 24 52 17 92 93 6 86 53 35 65 61 31 49 53 42 23 18 94 50 43 
85 68 20 36 36 83 72 28 69 16 61 38 71 22 43 20 94 26 35 13 55 18 52 42 1 14 47 21 51 47 19 24 92 33 19 32 98 19 71 11 69 18 58 29 20 55 45 96 56 60 0 9 14 97 46 68 16 96 57 88 48 92 55 66 0 27 30 57 0 31 10 66 43 55 35 7 39 18 4 17 12 50 56 20 100 36 72 84 98 79 15 63 36 66 6 3 50 22 82 57 
64 22 54 55 81 79 74 70 6 86 44 50 77 85 50 99 77 80 57 78 15 37 63 81 37 56 71 50 82 71 38 92 47 79 66 26 76 96 15 59 63 73 2 25 44 26 6 23 47 13 69 58 93 21 52 16 49 70 33 79 49 46 96 19 0 5 74 70 70 26 24 22 3 50 93 35 13 10 62 12 6 4 77 76 12 65 55 92 22 29 40 49 1 38 70 18 66 47 85 39 
73 77 72 65 8 50 72 4 98 54 6 77 58 88 45 74 43 33 53 66 64 76 57 20 25 85 52 30 63 27 4 94 70 31 86 36 17 50 9 29 34 7 32 75 1 86 99 91 83 21 37 50 26 52 7 71 85 14 55 12 97 39 26 27 76 59 66 47 68 73 90 41 90 27 65 17 18 91 12 2 43 7 79 13 2 1 2 18 51 66 99 26 58 5 50 98 99 38 10 5 
10 73 79 11 55 48 99 34 23 62 62 77 39 38 28 37 73 36 46 41 1 88 1 5 45 96 21 62 32 98 82 65 48 87 85 18 18 75 44 10 88 4 80 45 15 73 19 51 67 45 38 11 84 42 42 15 0 37 98 85 78 43 46 18 13 27 68 18 1 37 12 20 30 93 73 32 90 96 30 19 24 37 61 34 26 16 73 95 58 91 16 52 23 37 22 9 21 41 77 3 
45 58 68 48 7 90 34 38 23 41 17 13 62 93 21 40 43 58 96 98 2 92 44 52 8 19 78 81 54 54 27 7 63 53 72 27 33 20 75 89 47 92 11 58 29 93 67 41 95 35 93 41 86 44 100 83 23 65 28 54 73 91 11 86 21 89 33 5 72 71 10 3 96 38 11 60 10 41 70 47 26 76 8 21 23 96 61 66 66 54 38 66 68 67 25 87 61 84 37 59 
56 66 96 4 55 64 7 64 67 7 13 22 85 24 91 36 68 2 9 63 4 69 51 88 92 92 34 78 84 21 3 88 68 42 85 63 44 7 81 74 95 11 70 8 40 93 82 54 12 99 32 75 16 80 81 36 79 100 33 46 90 46 81 64 14 66 74 35 15 52 71 22 52 1 45 38 12 49 75 48 32 44 70 49 45 71 80 74 56 58 30 29 3 78 98 52 55 6 93 84 
74 80 45 67 3 43 92 64 57 95 62 18 13 55 14 64 33 1 72 80 1 45 55 76 85 96 36 11 57 12 93 80 47 88 95 24 95 50 51 49 67 3 37 60 36 52 6 9 23 26 66 93 64 96 52 19 87 21 40 19 86 35 50 26 84 17 10 26 80 65 17 43 1 99 69 92 65 74 57 79 81 22 11 92 52 96 77 41 2 60 14 53 52 42 5 16 42 2 92 87 
47 46 7 49 68 10 36 29 97 67 80 36 91 53 17 38 87 71 6 74 72 56 62 29 90 93 85 96 99 89 8 97 74 32 37 53 86 26 75 46 37 33 55 3 60 6 63 32 20 27 42 90 35 82 36 22 15 57 45 93 61 42 71 82 95 79 30 49 42 56 64 18 57 78 27 87 27 25 44 85 58 69 99 55 27 25 68 13 31 51 23 74 40 32 36 90 74 83 93 55 
87 41 39 76 93 21 21 84 91 17 38 70 2 11 6 97 70 5 39 52 96 8 2 2 60 90 32 62 59 13 97 81 81 100 13 76 96 33 67 83 22 35 89 42 31 1 78 20 82 65 90 5 26 28 52 8 7 69 88 12 87 37 96 19 60 87 62 81 86 49 8 39 72 69 99 14 74 61 38 28 66 3 35 40 51 33 45 96 27 26 29 21 0 35 98 78 6 27 49 71 
83 3 95 46 91 93 80 11 3 48 81 20 37 100 79 66 75 8 61 81 73 12 88 71 27 71 3 22 16 24 75 86 12 63 92 66 37 84 16 3 91 26 6 13 6 53 27 25 64 27 78 82 80 62 5 32 24 77 38 5 79 15 0 9 5 44 83 61 48 28 72 59 55 10 73 61 19 82 27 40 99 66 49 73 59 66 76 59 67 37 53 59 12 26 42 26 4 53 54 19 
0 8 2 28 93 1 66 98 27 66 77 41 26 34 54 60 0 97 49 75 12 64 19 33 50 17 43 58 11 59 42 82 98 66 28 50 77 98 47 75 61 0 13 83 30 43 75 3 80 52 90 94 74 58 53 89 64 64 88 81 10 65 97 46 76 21 84 98 35 64 61 66 38 20 49 27 83 54 34 48 69 84 39 30 28 44 98 50 48 14 96 4 36 26 2 64 4 60 84 68 
