40
40
57 96 96 19 100 81 91 13 99 98 3 57 59 70 95 29 48 49 60 57 99 85 24 84 76 88 85 53 88 83 7 81 54 17 34 85 29 2 93 66 
65 53 5 77 65 96 61 29 4 18 33 55 21 78 25 66 12 26 36 21 48 54 19 10 8 91 20 22 77 23 66 24 74 50 26 48 32 71 28 94 
27 39 43 77 34 55 94 35 3 43 56 53 25 51 80 23 54 98 52 82 74 14 39 4 70 40 52 24 7 26 43 22 90 88 30 33 20 14 38 84 
29 75 68 9 7 100 96 8 15 1 26 89 46 82 94 5 52 93 19 12 96 92 44 99 69 83 27 89 15 34 80 87 26 66 9 19 67 10 17 4 
21 21 37 64 52 43 90 26 21 14 97 82 91 72 49 87 60 26 8 57 9 60 24 47 50 6 11 26 45 93 49 75 48 18 72 89 21 51 55 3 
13 65 43 80 98 21 51 45 71 67 88 95 17 34 82 99 67 68 11 87 48 33 46 67 84 7 55 67 51 60 30 68 56 2 92 46 40 83 34 30 
71 24 79 63 80 83 11 85 0 36 55 23 100 86 6 56 71 57 82 35 41 10 32 10 89 80 68 6 41 57 38 18 80 3 61 25 42 41 60 42 
21 3 11 3 33 28 8 31 98 60 59 67 47 25 33 95 93 1 13 82 15 23 69 9 47 33 91 86 67 37 62 34 33 5 82 43 79 0 25 57 
69 26 18 1 62 68 35 46 4 20 4 60 91 54 67 0 72 100 27 58 92 28 51 44 7 9 68 21 98 4 97 17 83 58 79 53 94 27 98 88 
76 53 67 27 78 57 16 69 77 44 2 90 34 11 61 13 17 67 67 18 35 69 5 63 33 87 97 78 18 88 59 1 15 97 66 33 9 27 76 47 
10 87 93 42 80 50 28 2 33 96 67 85 26 21 21 54 78 19 71 90 90 53 82 1 14 36 91 73 11 2 87 82 25 84 88 7 49 65 37 43 
82 76 13 84 61 86 94 47 70 9 14 53 73 25 97 43 23 44 66 10 40 59 3 26 63 84 63 92 9 7 84 15 17 15 4 50 44 53 88 41 
37 94 38 74 25 61 15 83 62 61 70 9 23 100 34 77 94 53 46 29 99 1 92 23 63 94 89 27 56 100 81 60 17 44 38 73 42 7 33 92 
47 18 95 44 78 93 56 100 13 50 59 33 80 75 68 56 48 35 19 98 26 24 68 18 36 81 1 65 85 23 92 89 67 62 50 48 18 51 71 67 
67 81 17 55 78 6 79 4 62 65 73 50 47 59 49 70 98 24 53 30 50 91 56 25 4 58 35 8 6 55 56 30 24 92 9 79 72 9 23 53 
97 99 35 99 67 83 81 34 33 38 10 75 52 23 91 95 68 39 58 95 57 33 44 96 29 19 6 77 45 30 54 0 6 94 48 35 77 84 49 64 
45 86 72 26 82 31 87 87 74 66 35 31 89 82 4 24 14 26 90 72 59 0 50 40 2 32 74 89 26 64 16 25 9 28 82 33 11 94 0 34 
75 69 79 3 48 96 18 83 23 42 31 13 36 49 40 58 44 32 26 82 49 20 96 46 24 62 33 25 86 83 84 47 84 44 96 66 43 32 85 38 
2 88 81 72 15 23 13 1 31 100 77 46 47 29 83 67 97 7 60 49 24 13 14 48 17 81 8 49 81 91 68 88 28 75 22 2 55 28 56 3 
77 27 48 19 91 33 69 94 97 90 16 0 3 16 2 39 64 61 76 72 54 24 81 17 99 76 66 67 22 61 23 35 82 10 46 3 6 72 52 54 
37 90 21 31 100 84 24 23 29 43 18 1 40 14 8 45 2 71 36 30 88 32 81 25 55 25 41 71 25 84 96 95 58 76 0 15 81 49 7 88 
72 43 4 46 17 33 12 69 13 65 89 95 17 90 75 96 62 11 51 62 11 55 76 85 68 56 67 89 21 52 36 64 77 79 51 100 55 99 0 23 
97 12 78 96 94 93 17 54 75 82 99 83 3 94 43 6 4 48 82 5 60 18 69 98 60 6 69 54 80 86 94 90 30 72 6 70 16 60 76 98 
91 16 49 75 66 86 74 3 12 29 61 97 3 67 79 15 63 63 89 20 69 81 22 98 46 11 48 68 50 60 27 26 68 82 84 3 18 51 13 82 
60 81 90 76 98 36 40 56 54 66 2 17 85 59 75 39 75 84 48 11 89 79 90 78 100 98 85 87 78 5 17 64 28 81 55 59 16 92 61 59 
95 50 87 40 89 55 30 3 70 83 77 51 24 36 2 0 54 8 82 22 14 13 79 86 91 80 30 61 87 85 79 86 77 95 44 35 81 33 15 61 
83 72 29 83 81 49 79 32 25 86 7 13 6 45 69 96 61 58 30 0 62 46 96 38 16 30 55 64 3 96 53 20 78 93 48 13 35 52 26 43 
92 7 25 93 73 7 92 15 11 3 69 16 49 78 70 39 97 69 13 63 100 84 79 55 94 33 66 70 80 83 78 3 34 36 55 9 62 92 8 61 
15 58 14 17 71 9 50 20 5 32 25 42 94 91 89 1 4 82 68 66 76 15 16 10 92 82 57 29 84 2 61 100 85 81 30 46 75 39 74 100 
85 95 71 38 75 98 94 46 68 91 78 77 15 18 48 54 91 17 3 53 54 52 38 64 0 97 69 46 46 13 96 77 78 12 11 3 53 67 11 47 
10 4 7 71 72 17 9 82 61 23 22 95 35 94 88 18 44 59 31 82 64 89 29 23 23 60 33 96 10 84 70 55 55 84 77 42 14 83 51 45 
74 33 20 12 24 33 88 13 20 68 93 80 95 1 46 2 0 6 89 70 48 82 54 57 53 27 14 16 54 81 58 10 83 10 3 19 100 98 75 69 
1 14 100 55 98 50 17 31 76 44 19 61 96 0 5 74 18 95 88 45 1 11 53 47 46 34 77 5 22 0 14 81 88 61 2 31 88 71 31 81 
67 25 45 81 60 45 93 17 79 42 34 0 5 10 25 27 2 42 46 98 0 64 39 49 76 63 72 99 64 72 67 45 58 83 72 95 72 14 65 65 
16 25 99 81 40 58 0 78 24 9 99 14 53 72 55 71 56 25 18 69 51 52 60 53 67 87 81 21 58 16 37 70 48 6 89 18 26 0 25 23 
99 10 72 65 96 100 83 60 88 68 44 35 28 72 29 76 29 94 86 11 11 71 8 14 48 59 10 74 0 37 63 25 85 8 27 72 80 19 72 95 
45 22 78 30 81 96 95 84 80 29 51 82 2 6 53 47 2 69 94 3 43 13 20 20 19 15 17 13 98 70 16 76 8 65 19 90 9 19 92 3 
71 90 39 27 78 18 78 42 53 82 93 61 16 44 65 94 17 32 50 81 32 11 64 51 89 68 67 12 36 10 71 99 80 2 60 10 87 62 29 31 
45 14 10 53 89 7 70 22 35 28 15 64 94 76 18 16 1 21 35 76 26 59 86 18 79 10 78 17 31 64 50 86 78 56 15 79 37 25 53 2 
73 23 64 86 72 77 17 62 49 28 50 35 26 95 14 11 42 71 13 92 54 82 70 52 4 78 98 77 14 54 22 100 4 43 73 66 94 7 16 83 
