170
170
0 92 55 81 21 6 79 52 37 31 46 9 25 28 95 39 70 63 13 31 20 50 80 7 61 73 29 73 94 59 47 19 13 66 45 12 45 80 63 23 0 98 55 28 22 19 41 21 82 93 80 79 0 69 30 54 16 2 77 14 97 73 69 2 20 57 81 60 2 29 35 56 23 38 94 9 35 14 54 26 98 67 82 93 95 20 82 10 30 98 36 2 96 18 86 63 19 4 65 10 81 49 1 51 52 26 54 6 50 18 79 18 42 98 12 89 6 20 36 52 93 11 76 31 24 37 85 31 24 77 7 19 97 58 23 6 16 58 53 11 66 21 24 41 4 66 61 30 52 15 15 36 33 73 10 89 95 20 35 68 45 66 8 81 54 97 88 26 81 50 
56 28 29 82 35 47 19 69 32 83 17 83 97 36 21 83 66 93 35 64 85 99 97 71 70 6 21 38 47 79 73 62 25 11 81 3 82 15 22 79 12 50 20 46 28 89 100 72 63 45 7 52 75 95 25 40 98 47 63 27 18 60 56 33 76 95 40 52 25 100 73 79 50 91 88 56 5 40 93 22 69 77 33 46 6 84 80 73 40 34 50 70 85 57 77 26 59 57 96 78 26 85 66 64 66 14 26 91 23 43 77 71 62 82 14 20 38 82 24 23 71 25 59 65 10 56 50 3 63 12 76 61 79 35 18 10 40 100 94 77 94 62 22 87 37 12 61 23 86 63 46 67 65 27 38 44 40 76 39 66 79 39 54 92 46 35 93 15 18 13 
30 38 30 6 12 22 46 47 52 14 99 17 88 21 43 42 60 53 67 5 3 55 4 16 45 49 19 89 75 10 27 75 96 13 18 38 14 27 42 92 40 87 96 55 98 95 37 26 36 31 55 23 44 57 48 48 67 9 90 12 30 70 5 47 5 6 97 68 83 68 55 66 39 85 53 19 28 99 27 47 86 79 88 21 75 99 59 98 91 32 84 43 92 12 0 7 13 76 55 35 90 31 23 76 88 73 31 36 87 83 24 26 4 5 53 20 31 29 93 12 8 57 40 52 9 84 84 67 35 11 50 41 48 2 73 85 100 3 98 30 96 59 98 84 97 89 10 20 100 1 49 98 86 30 14 56 99 84 42 98 37 6 43 28 69 65 79 99 16 98 
64 76 41 70 12 67 80 83 30 30 75 29 59 32 53 31 93 55 68 15 93 46 33 78 6 22 89 74 88 35 24 91 30 87 49 74 49 57 91 6 2 14 75 46 40 54 47 83 80 94 11 48 93 35 66 11 10 38 22 23 97 91 30 63 36 1 81 61 85 93 16 30 68 50 73 86 25 32 28 39 17 86 62 20 97 17 45 49 61 51 83 3 45 18 12 12 76 67 32 42 46 65 91 34 3 21 36 12 81 39 67 79 57 75 50 11 93 1 52 30 51 49 20 66 90 51 5 53 99 50 57 68 51 51 64 47 88 4 9 42 86 68 91 62 51 36 62 41 52 84 37 6 58 99 96 50 35 57 1 35 1 51 49 54 57 45 31 24 13 23 
14 38 67 42 14 59 97 81 100 80 22 76 78 1 57 12 22 89 11 14 55 51 10 9 39 61 83 1 15 77 33 70 44 34 59 59 59 8 79 42 39 73 56 74 10 79 19 38 72 78 59 94 79 19 85 91 43 14 22 37 58 30 31 40 76 65 55 86 85 58 58 46 26 27 6 40 97 53 16 88 84 85 30 76 15 39 74 91 38 100 30 12 37 60 56 80 44 81 7 38 13 5 93 89 50 84 87 7 79 82 93 24 87 52 41 7 45 18 63 92 40 90 54 40 21 61 63 47 10 33 93 63 6 47 86 86 76 72 84 59 20 73 88 63 90 42 14 38 54 36 68 78 95 20 92 4 99 99 76 29 10 45 17 31 98 42 98 1 59 49 
31 11 61 24 76 77 88 31 61 30 96 59 42 26 85 32 92 65 7 15 51 10 28 68 46 20 47 51 93 2 70 73 89 27 56 79 59 53 34 25 49 43 19 17 87 100 11 55 89 87 52 83 11 26 9 31 35 7 75 13 28 90 22 76 97 70 55 82 93 66 51 34 76 23 81 45 6 71 51 11 62 16 59 17 8 93 23 8 80 11 46 51 5 76 1 68 25 49 30 69 3 86 85 69 1 58 91 88 24 73 99 4 94 9 61 43 69 1 56 81 26 74 17 21 53 100 95 84 27 1 79 70 99 8 39 82 90 67 28 75 61 85 49 40 31 81 91 47 77 86 26 47 78 12 35 4 26 4 50 39 76 70 87 91 1 44 67 32 12 68 
75 74 37 20 81 31 4 70 0 11 57 96 68 45 99 70 13 29 16 9 84 10 47 61 12 90 27 74 89 93 32 5 52 9 55 13 88 71 52 59 84 17 89 78 19 73 98 34 76 85 87 25 47 49 77 23 58 31 44 21 89 17 42 47 11 54 89 91 27 51 9 47 25 3 65 30 37 7 91 39 95 91 90 42 93 18 51 100 72 3 26 3 82 9 90 58 92 50 49 10 59 62 68 81 52 58 61 99 94 21 66 69 50 16 22 81 22 3 9 27 87 21 49 73 0 53 55 97 27 22 43 99 25 11 33 87 15 27 46 9 39 57 40 56 54 33 42 76 98 19 78 52 50 50 97 0 57 19 4 21 77 97 14 97 1 89 48 10 83 2 
52 80 46 16 72 66 45 38 16 76 61 55 3 93 78 30 51 87 55 16 61 19 28 34 85 66 83 37 29 9 80 0 5 54 32 36 78 90 3 68 22 49 47 68 36 91 59 44 21 5 45 71 52 51 96 54 67 34 74 6 67 45 26 93 69 26 25 89 86 93 58 23 50 13 76 64 41 15 53 97 40 11 53 17 96 46 69 63 0 68 43 36 84 63 50 89 43 98 89 47 26 24 1 69 32 37 31 97 58 13 38 92 91 24 47 2 96 94 28 22 39 62 3 14 3 4 99 42 6 0 10 34 36 80 93 15 95 36 74 56 58 90 84 46 60 80 94 57 21 6 88 83 54 11 60 54 13 87 96 36 76 71 51 35 12 61 65 28 26 0 
100 99 34 0 18 26 62 81 15 44 5 43 85 50 26 59 32 28 14 83 82 13 75 93 26 26 52 89 74 72 54 1 78 32 11 37 70 55 93 5 28 65 49 39 34 14 34 99 29 82 4 13 3 71 98 25 63 10 38 42 70 31 26 21 51 5 25 51 36 6 51 42 29 49 83 72 39 51 75 18 44 26 18 80 14 91 81 58 50 45 4 77 86 75 46 52 86 48 87 24 89 92 23 44 15 4 5 51 53 82 0 8 27 80 45 18 77 18 19 32 79 76 91 94 98 16 54 16 32 45 36 32 11 32 13 99 39 96 59 2 25 45 50 29 15 7 32 55 49 33 8 40 87 21 100 28 49 36 40 35 57 55 11 58 0 83 12 99 77 60 
87 22 63 86 97 95 22 23 55 81 76 83 45 37 20 84 57 39 65 9 77 75 60 60 20 95 12 100 65 51 60 55 55 7 27 20 60 93 20 76 79 14 98 58 18 53 40 91 53 17 10 76 65 83 78 32 56 49 70 84 42 90 95 23 15 93 67 10 70 57 44 51 16 0 16 46 85 33 31 58 6 11 16 76 39 50 41 78 98 68 97 86 24 98 31 22 68 0 14 75 35 9 82 40 46 42 66 45 42 38 80 31 35 28 53 10 31 52 5 96 28 13 17 63 58 51 42 45 82 92 51 2 38 28 70 53 3 50 2 98 35 100 76 15 16 63 62 11 77 43 37 89 5 33 76 18 42 46 14 23 12 58 20 67 29 95 34 41 94 11 
17 80 40 97 81 37 29 87 29 62 37 76 78 97 36 49 56 34 19 52 98 50 89 76 88 40 95 66 18 7 88 49 84 52 3 39 21 1 43 48 15 84 99 97 44 51 100 79 86 68 38 31 6 67 90 19 42 8 29 83 22 37 56 80 27 49 83 56 56 45 79 23 96 0 27 29 73 34 59 24 60 73 50 6 78 34 86 59 47 84 72 64 98 7 85 22 69 87 69 7 59 41 61 31 40 39 4 95 84 12 4 16 42 58 93 1 16 9 38 90 24 98 71 40 18 78 30 51 2 84 65 10 64 90 72 33 4 94 61 33 95 8 81 54 1 60 16 43 30 9 12 47 99 1 38 56 71 82 37 97 86 31 45 75 18 59 39 72 43 46 
32 93 37 74 10 17 50 75 24 90 6 35 31 44 11 100 45 55 29 14 17 87 23 48 80 65 94 10 24 2 67 88 55 81 0 20 21 34 85 14 39 71 37 34 95 99 4 93 68 12 66 55 53 3 30 17 57 15 26 93 68 5 15 89 5 40 61 71 44 22 85 12 83 0 44 66 75 12 98 75 77 14 41 99 30 40 91 82 14 60 46 99 32 37 29 53 82 1 55 16 67 82 43 94 71 65 21 41 44 18 28 79 75 73 41 88 59 85 64 82 36 36 44 25 85 16 28 65 77 77 90 94 84 7 72 16 100 82 47 20 100 54 52 46 89 17 74 42 38 34 11 87 9 78 55 41 17 95 10 89 23 62 69 73 30 5 73 76 64 21 
59 14 31 7 92 66 26 74 3 75 98 65 34 45 42 84 78 80 21 3 70 12 68 69 12 66 90 74 88 51 64 29 49 77 58 90 39 99 84 57 0 77 57 33 11 36 58 48 51 78 49 48 50 24 33 32 74 60 97 70 93 67 59 83 75 58 6 96 28 56 75 72 24 61 25 87 93 16 0 58 99 10 98 33 54 40 17 56 79 85 34 17 88 60 23 82 20 43 5 93 53 59 33 4 36 75 12 15 62 22 99 74 21 38 80 49 4 70 81 39 62 86 58 68 35 46 67 54 48 41 50 65 46 85 80 11 2 50 17 7 100 30 66 12 60 28 42 93 6 78 81 97 27 35 32 28 39 20 61 24 55 94 44 35 84 96 51 2 65 78 
7 58 6 64 72 7 67 77 67 45 8 80 3 14 4 11 3 61 27 94 61 54 68 35 63 100 6 31 42 54 92 38 77 7 74 94 75 27 75 94 39 16 38 30 64 91 63 4 76 91 57 25 36 44 49 39 51 30 26 68 67 47 34 21 30 24 70 95 60 8 19 34 17 42 79 57 20 60 20 38 28 22 58 25 22 0 8 91 81 67 34 56 11 90 58 70 51 79 85 23 79 36 35 58 60 18 18 36 93 24 83 32 86 64 11 7 52 12 25 37 30 92 68 59 19 39 5 55 79 2 41 62 100 91 42 45 4 10 19 10 98 36 99 56 21 36 0 80 33 23 5 12 53 92 88 34 41 42 78 23 97 96 72 26 52 58 28 25 78 24 
9 51 38 85 38 65 71 54 66 100 17 38 52 61 14 80 9 87 25 13 33 0 54 10 49 8 5 77 4 96 55 20 17 83 79 19 27 42 83 21 44 61 37 17 41 20 66 69 6 95 28 15 71 100 57 37 78 30 3 36 60 45 10 11 61 8 43 24 2 23 10 27 40 36 95 12 88 73 21 32 37 57 49 63 69 2 27 56 85 12 9 58 75 4 87 6 13 33 6 1 72 4 6 51 31 64 8 80 78 29 2 6 24 99 13 68 9 26 69 33 17 27 43 97 49 67 75 76 96 97 59 28 17 39 48 6 65 64 42 92 7 80 68 23 50 62 94 57 23 22 98 100 89 76 3 29 96 27 77 54 49 2 32 19 46 79 67 11 59 81 
55 90 20 13 64 99 94 33 54 17 91 64 39 56 35 65 34 27 88 85 32 40 23 58 30 65 78 99 90 47 25 1 52 42 58 46 14 3 42 12 42 32 3 77 95 30 11 87 43 0 25 0 63 74 92 43 28 3 100 81 21 24 86 45 45 70 82 62 37 37 80 27 39 39 45 84 99 45 66 47 100 32 47 41 63 81 2 74 92 89 9 72 70 20 58 68 3 27 43 84 72 48 15 44 2 33 33 21 59 66 22 77 98 16 49 21 31 25 52 26 86 61 5 71 26 0 89 43 74 76 14 27 34 19 90 96 89 92 93 61 11 6 25 89 50 26 72 62 93 69 96 4 61 47 48 100 7 54 4 51 55 40 55 62 66 53 8 57 64 20 
5 68 23 34 95 37 11 99 88 90 58 77 27 20 50 96 33 4 15 72 14 65 54 26 32 24 1 4 83 11 26 50 57 20 1 35 78 24 46 28 50 47 12 16 40 1 14 6 11 75 21 95 87 4 13 87 3 65 71 70 73 78 19 94 93 94 38 10 22 12 30 56 50 38 3 6 20 100 78 23 91 62 20 5 40 28 63 32 8 45 39 45 88 98 85 89 95 12 48 22 12 37 59 100 62 26 97 42 39 74 97 8 96 57 40 71 51 95 52 30 84 6 57 80 82 7 77 13 32 10 76 81 28 48 61 33 81 33 11 43 31 61 36 77 9 44 27 21 64 31 68 57 54 24 76 34 67 54 0 81 18 67 14 33 59 76 91 44 27 70 
31 5 35 38 14 32 50 99 57 22 32 57 92 80 6 7 44 60 6 12 81 42 82 42 23 90 25 53 48 60 75 27 67 70 45 28 85 95 43 82 14 46 93 21 19 19 33 50 78 35 64 97 8 21 73 68 49 53 12 100 87 79 84 2 89 78 68 80 91 71 36 58 25 30 4 84 3 1 82 33 44 75 47 65 64 59 21 91 23 88 95 0 60 100 8 15 51 88 35 3 34 57 54 86 96 80 93 78 45 59 32 70 49 64 71 66 22 51 60 72 15 64 1 66 60 4 52 38 53 59 0 34 18 26 14 59 0 53 100 53 12 6 81 80 44 24 33 85 53 52 82 62 58 25 96 73 19 57 76 60 32 82 100 2 97 15 49 95 68 43 
59 92 52 23 28 28 100 97 13 67 7 47 36 16 8 24 58 13 78 0 81 53 57 41 77 72 59 74 69 5 39 12 97 64 41 5 35 13 16 84 19 13 98 25 87 58 59 34 95 11 19 15 39 96 78 56 75 8 26 47 81 29 50 78 89 2 25 29 0 77 53 72 44 92 60 86 43 57 34 5 82 42 18 66 93 84 62 61 36 10 79 59 42 92 65 11 62 73 9 95 82 71 40 66 87 5 60 44 80 78 27 47 13 3 74 20 86 64 94 100 94 74 37 7 1 36 93 7 19 5 3 69 52 90 84 92 50 72 92 19 40 37 79 0 48 81 94 9 4 33 13 77 41 61 75 31 58 1 35 31 32 28 75 22 22 3 67 17 20 69 
64 46 21 0 15 16 54 28 47 67 64 15 35 85 52 78 87 23 69 11 76 71 83 31 41 66 3 17 93 90 54 10 5 37 4 85 25 45 8 47 49 39 33 71 24 45 43 48 69 13 59 19 77 68 50 49 33 22 71 42 21 17 15 71 12 87 74 8 22 1 69 64 4 23 63 28 95 25 8 28 44 22 97 73 29 15 63 58 60 82 28 33 88 92 38 47 83 26 44 69 15 4 71 50 92 54 31 49 79 90 78 81 48 80 39 80 79 37 44 20 13 59 67 80 98 59 95 7 2 58 55 42 57 82 99 41 73 12 18 22 75 79 100 9 63 1 36 9 41 83 64 44 85 82 85 9 93 16 26 15 56 31 68 81 99 27 99 8 59 38 
32 62 58 42 29 100 56 26 12 1 71 40 89 82 64 100 44 85 55 15 8 5 43 55 46 59 77 67 8 94 45 48 71 81 24 17 86 23 89 73 89 74 35 7 4 43 43 84 95 37 88 32 45 5 36 51 51 34 99 91 25 32 63 41 98 26 21 32 93 8 4 15 35 3 31 35 33 73 25 35 39 82 77 39 53 86 65 6 63 58 84 66 9 23 77 69 79 28 35 70 38 91 55 49 76 33 70 37 16 65 32 20 83 76 37 66 80 31 89 67 36 36 77 92 67 79 1 19 46 24 93 95 80 3 72 28 23 60 76 85 3 49 85 10 23 47 92 60 61 87 39 62 23 59 3 38 79 14 75 65 88 61 14 57 94 54 25 8 57 35 
38 73 77 71 21 81 67 16 51 93 32 77 85 8 72 77 69 54 63 94 90 34 46 79 54 1 39 22 75 23 48 35 39 4 28 79 26 93 74 81 97 55 19 4 53 96 1 7 77 18 23 27 63 84 92 77 37 93 61 99 98 65 68 78 9 6 86 27 5 2 11 47 8 94 75 48 91 42 80 75 94 70 0 4 89 47 69 16 27 28 81 76 82 34 88 96 75 8 78 40 72 20 8 80 21 49 16 58 98 79 29 55 86 18 40 16 18 63 85 73 5 61 53 50 31 17 36 8 90 15 100 32 2 72 53 19 23 50 94 87 62 84 96 10 27 57 0 78 40 33 93 3 30 1 49 47 92 32 9 6 60 45 81 19 37 37 85 4 14 71 
19 75 78 31 13 3 92 1 95 91 9 3 23 18 89 80 27 0 69 75 8 65 80 32 46 80 58 28 47 77 55 25 22 0 16 52 41 69 64 12 87 36 82 29 64 44 1 91 100 2 48 33 88 54 17 72 9 47 70 86 86 41 67 87 6 41 55 33 81 71 9 57 83 2 45 35 40 94 92 13 7 61 19 81 81 28 35 21 64 38 99 42 65 31 89 11 64 22 51 45 10 5 0 92 49 32 71 42 84 91 80 69 31 36 38 77 97 0 78 0 97 17 41 68 21 34 89 96 23 86 4 19 9 24 21 54 21 80 79 3 30 39 73 12 70 5 4 50 36 70 54 27 98 20 60 39 59 93 49 7 58 47 31 51 47 58 77 6 39 16 
69 89 65 60 45 78 49 74 89 42 76 74 90 45 98 11 6 92 42 17 57 58 94 42 98 64 87 75 32 64 53 14 40 100 80 10 34 62 84 11 18 5 10 27 39 25 30 57 70 9 98 49 98 59 82 22 18 77 68 76 65 36 80 37 97 11 1 32 10 17 45 20 93 69 34 0 19 23 97 85 27 57 76 55 78 66 26 55 56 3 66 89 73 70 5 51 32 17 52 27 91 93 8 34 30 79 73 7 98 91 22 70 64 57 82 84 90 82 94 94 92 78 34 15 73 86 43 36 48 62 55 47 75 21 11 62 90 38 94 60 59 55 53 4 35 5 44 92 83 31 94 87 40 2 36 73 27 96 21 12 40 97 55 53 85 88 68 33 21 76 
43 15 26 65 83 87 89 50 57 77 37 60 7 2 3 84 62 71 69 65 88 1 18 80 26 60 1 79 28 86 87 10 66 52 33 90 56 8 48 58 61 77 45 98 50 36 73 13 3 68 26 100 65 84 44 63 81 59 86 7 73 100 82 4 54 27 72 28 40 22 57 38 11 32 84 52 83 35 19 73 96 15 0 83 60 80 47 47 16 32 52 30 33 90 85 60 79 100 85 39 75 89 86 66 90 83 20 75 28 87 35 92 97 25 6 1 20 25 39 72 21 58 18 91 74 16 78 59 66 64 98 90 39 41 23 77 45 72 91 28 99 13 26 64 18 98 53 81 18 92 14 60 86 2 99 11 37 19 72 6 29 38 91 67 76 90 22 44 87 40 
51 9 28 70 23 26 34 53 63 82 40 1 69 86 31 81 7 48 12 99 4 61 46 21 14 9 90 41 42 69 30 9 43 41 26 81 95 79 49 82 53 42 93 6 18 52 21 52 95 84 5 19 19 91 13 30 88 12 66 31 22 85 7 68 93 32 100 72 88 71 51 51 70 4 29 15 58 70 77 76 27 59 3 37 93 3 5 23 73 11 23 73 18 45 27 47 4 11 46 62 18 2 29 67 14 28 41 92 62 23 52 11 19 70 98 99 77 7 63 27 80 57 32 56 61 3 26 27 53 4 48 33 19 84 60 41 46 19 51 8 80 4 62 51 27 86 30 51 8 30 24 60 44 86 81 89 23 75 2 90 19 91 99 45 5 17 16 99 1 25 
62 66 70 45 68 24 80 59 9 85 27 50 65 5 66 8 98 13 85 1 29 69 56 32 41 100 88 65 88 57 57 6 97 69 87 64 20 96 3 100 2 65 19 70 93 13 32 18 83 78 62 66 26 80 21 76 86 14 62 0 8 61 89 8 63 83 64 75 95 12 31 27 11 4 23 94 54 4 28 81 67 64 34 93 68 46 23 28 20 20 71 75 51 97 4 0 50 79 59 41 88 69 5 71 74 32 34 27 57 15 79 22 67 14 44 9 90 67 60 67 58 22 56 89 59 100 50 88 93 12 90 43 8 59 42 14 85 60 41 89 56 49 1 37 55 70 48 4 18 40 3 37 80 64 16 40 90 56 68 84 98 70 9 13 24 35 74 17 11 16 
2 97 47 56 19 48 15 4 60 2 28 58 97 47 12 89 82 41 74 59 62 49 14 3 92 54 74 62 8 53 20 43 46 55 96 37 18 31 4 94 100 85 97 4 60 11 33 10 60 35 67 38 15 55 92 16 43 78 83 89 52 31 72 97 96 62 50 94 51 50 56 18 65 4 79 53 27 22 68 29 53 96 89 76 74 1 95 6 14 34 1 26 89 67 91 5 90 100 33 46 9 80 9 85 90 67 35 11 88 60 55 29 54 38 56 25 8 4 61 28 21 64 76 91 98 88 64 36 3 67 82 67 59 23 43 81 33 25 5 5 0 4 23 67 34 15 94 12 56 90 47 65 41 3 69 76 43 64 40 20 43 4 18 20 97 45 83 97 22 34 
22 36 68 81 38 67 47 1 91 88 30 86 73 22 64 98 10 7 62 91 64 5 77 29 82 31 49 85 66 36 24 86 90 12 33 54 66 30 2 49 7 82 94 38 5 2 96 66 4 39 60 16 1 17 34 40 72 94 10 27 95 79 29 27 57 21 66 47 6 37 35 36 12 31 3 10 6 90 50 56 95 84 64 94 17 6 78 54 70 15 82 43 95 20 17 3 26 21 21 5 36 83 68 30 94 98 61 68 72 19 50 92 76 32 22 15 26 28 84 72 23 40 95 88 25 44 7 89 10 86 64 96 29 96 48 56 38 85 32 60 78 6 93 64 62 69 28 4 84 66 95 100 49 93 29 83 13 58 41 79 11 22 68 4 67 64 82 93 78 85 
95 22 14 28 82 32 90 63 32 77 69 15 100 33 12 36 36 96 20 89 34 9 12 72 62 18 4 33 96 11 34 99 41 16 72 48 37 7 81 34 34 88 89 100 15 9 18 9 23 20 62 25 69 22 29 11 91 13 95 27 14 92 78 63 9 37 92 23 60 97 18 11 50 86 65 47 91 86 98 100 23 76 28 72 65 63 53 100 36 77 24 65 48 5 65 5 40 47 62 92 23 33 30 89 55 64 26 49 15 8 58 50 71 16 49 62 81 14 3 44 82 10 25 69 59 70 62 34 70 7 6 5 7 5 88 42 99 91 11 50 2 95 96 60 19 96 69 23 3 4 74 82 30 66 38 66 39 26 80 7 70 21 74 21 27 50 3 85 31 81 
16 23 42 81 71 96 97 77 95 41 36 85 59 54 78 51 92 7 58 68 77 38 34 65 39 31 76 41 95 51 22 55 59 37 47 91 77 61 29 51 16 2 20 11 76 77 54 60 43 14 34 40 91 96 7 55 100 95 12 79 81 36 77 64 90 83 81 64 9 15 4 50 74 22 30 72 12 100 61 40 75 80 89 54 35 35 88 2 69 70 47 90 12 7 57 23 60 37 56 57 8 99 51 54 74 3 39 100 25 47 85 27 21 42 83 79 85 32 100 76 41 0 40 32 7 59 72 73 84 34 3 54 72 47 94 53 8 66 45 22 38 59 11 17 88 81 69 35 3 70 17 82 45 74 95 40 87 85 47 99 2 62 29 91 34 34 11 56 62 13 
90 88 42 45 84 14 39 97 95 21 11 68 23 29 14 43 53 16 29 90 37 100 35 45 5 51 100 32 58 91 60 46 32 2 87 48 7 36 45 36 44 39 57 100 7 78 96 25 94 31 72 76 74 56 53 67 28 15 91 16 88 55 48 19 27 15 85 94 96 6 34 67 83 96 17 34 38 32 26 99 85 83 66 100 75 92 90 98 65 62 70 63 31 12 12 73 16 91 75 78 18 0 75 16 31 38 21 19 82 73 65 18 53 71 16 34 36 100 18 97 82 12 60 76 82 21 37 42 66 57 65 44 55 17 97 59 98 70 74 63 79 38 45 27 79 8 81 32 98 10 48 86 38 48 92 15 90 67 69 73 69 12 99 25 83 90 13 10 70 46 
72 96 60 88 9 74 12 100 58 73 82 26 82 12 54 4 58 13 35 20 4 15 33 87 35 82 38 21 45 9 20 9 0 95 65 85 80 93 60 60 40 18 53 68 73 20 96 13 81 33 85 96 98 31 41 26 61 49 35 14 2 98 4 48 15 88 65 38 18 24 20 64 35 29 70 43 17 41 43 35 32 70 56 8 16 35 84 98 25 88 29 37 49 100 44 86 49 30 73 29 91 0 49 72 45 75 50 61 23 17 74 99 65 82 95 77 19 98 30 67 31 15 68 12 13 88 45 78 72 49 70 14 75 51 51 4 26 0 66 66 94 39 59 57 68 98 65 17 89 23 70 91 85 80 88 80 93 32 58 97 26 6 72 63 85 89 67 69 17 13 
14 1 97 73 56 34 28 16 28 100 47 74 98 86 60 92 49 25 71 75 73 72 33 19 36 66 55 50 16 19 65 26 37 52 2 64 68 79 59 91 3 49 20 93 70 85 16 89 70 61 64 49 2 36 71 74 93 7 60 57 5 68 99 25 97 8 18 90 33 0 61 10 11 84 47 6 19 78 0 78 37 98 17 38 64 15 70 85 47 30 81 86 13 35 56 42 6 88 73 54 48 83 58 8 31 16 9 45 14 100 20 83 77 82 46 78 48 33 7 68 40 64 44 31 63 76 35 64 75 34 40 33 13 15 97 95 37 30 86 57 19 65 82 27 77 32 55 30 65 59 24 4 53 35 70 28 31 62 21 70 70 41 78 50 27 99 62 84 64 40 
99 2 83 34 67 48 37 17 92 4 12 37 59 69 11 94 93 42 84 83 96 79 96 25 73 86 58 96 4 31 17 8 65 12 55 77 34 51 23 40 54 33 45 4 0 68 13 69 50 12 36 23 63 68 15 2 93 71 22 30 84 20 79 2 59 13 53 15 84 14 82 82 3 70 75 64 50 34 88 23 62 34 97 64 25 54 98 70 33 4 34 89 53 100 53 33 82 11 3 66 78 54 54 69 34 94 96 96 99 18 36 62 88 92 45 10 59 32 13 44 0 77 38 95 26 99 94 40 65 73 9 13 39 30 77 21 46 88 85 42 91 9 17 95 89 54 20 8 66 87 85 67 100 98 67 100 61 69 60 54 94 61 9 86 73 1 73 20 88 5 
90 54 95 39 69 44 32 56 66 20 43 28 68 89 26 66 62 69 96 98 73 75 60 89 86 99 0 66 58 44 83 65 64 49 94 45 41 6 82 56 68 24 3 11 27 80 96 72 0 60 20 41 22 19 35 89 4 12 8 14 29 98 26 63 43 69 22 36 34 17 16 18 31 90 8 72 6 10 31 56 84 14 32 35 89 24 60 12 9 22 98 45 29 12 4 34 72 47 44 74 77 11 41 64 17 91 69 74 35 42 89 63 3 7 29 35 53 50 26 4 46 97 5 58 91 43 88 59 7 17 75 37 4 9 88 57 18 50 39 41 38 89 21 77 24 56 30 46 71 0 55 59 56 63 93 87 4 55 38 21 50 12 17 72 36 31 0 80 91 42 
94 82 28 98 45 52 39 36 50 2 79 87 28 84 68 1 93 88 5 72 76 24 61 98 86 66 91 81 83 31 8 77 76 1 93 15 63 67 77 70 38 80 8 30 91 10 91 30 74 8 26 12 93 19 71 20 33 83 26 15 44 30 13 76 46 97 74 53 56 64 53 75 30 25 81 59 47 28 84 92 71 74 83 65 55 2 78 52 20 33 59 77 77 29 60 97 23 62 45 63 83 46 46 97 24 96 12 95 87 2 80 50 15 15 99 82 89 71 29 43 34 60 51 29 73 84 73 73 77 86 21 46 86 52 62 85 76 66 54 78 31 46 51 68 23 87 62 76 88 64 97 2 1 30 20 41 70 14 20 29 53 23 56 84 18 9 21 12 83 46 
57 26 5 76 1 82 12 76 85 76 77 57 22 16 17 12 71 44 99 56 100 7 3 10 8 65 79 8 76 72 56 17 43 29 56 76 9 56 100 37 44 85 91 39 11 7 83 10 51 67 39 90 42 32 66 84 42 94 35 51 30 67 78 62 72 86 4 47 6 29 42 55 34 17 17 53 1 1 86 8 97 22 49 95 47 11 43 35 35 22 74 23 93 86 69 100 4 12 91 70 15 11 33 8 29 51 29 51 35 35 98 33 68 38 53 29 98 25 3 37 90 75 84 54 41 14 56 39 76 94 82 52 28 9 26 82 24 96 77 22 96 22 80 79 60 49 14 74 69 64 24 45 3 2 75 84 18 63 65 50 16 65 9 36 1 10 76 17 8 32 
30 91 47 85 99 56 56 47 66 54 38 42 23 14 36 48 67 31 83 59 34 30 5 71 78 7 18 20 15 23 31 48 27 15 42 58 84 44 87 95 60 61 82 34 9 65 65 54 72 86 0 75 4 82 50 100 39 81 11 99 17 76 0 69 37 21 57 63 86 32 4 81 84 11 6 23 38 42 91 88 86 5 29 4 32 76 8 28 51 0 86 30 89 88 22 26 53 21 85 15 59 8 4 26 97 39 15 70 73 11 13 31 14 22 93 63 76 44 15 51 90 5 93 55 97 5 80 52 68 88 79 60 41 15 100 44 96 95 8 69 40 68 95 61 60 88 36 69 62 36 94 91 53 13 85 57 13 52 44 89 52 68 89 41 10 93 20 55 16 81 
92 40 71 88 15 43 72 31 77 11 33 41 8 3 13 86 22 84 71 7 2 50 59 52 63 80 3 62 24 2 35 90 24 56 17 34 16 98 24 79 25 16 22 0 87 79 46 80 72 65 99 89 53 45 16 29 82 68 22 50 80 100 86 15 36 49 32 4 17 97 54 80 61 94 61 68 63 77 43 48 40 64 85 88 78 37 31 33 91 97 89 62 55 91 26 58 15 12 98 43 98 41 64 96 56 98 62 90 20 17 47 18 28 83 34 27 36 47 41 2 35 64 86 2 53 73 0 59 53 50 64 9 27 69 46 79 73 14 67 13 1 82 34 16 18 88 52 15 83 82 59 23 56 8 5 31 27 44 60 34 100 60 14 19 58 15 38 21 16 1 
17 84 54 71 20 95 70 0 69 43 92 43 50 33 54 99 52 24 81 43 0 55 84 71 83 19 53 20 41 7 28 11 79 87 27 38 30 54 40 75 11 78 75 12 0 42 13 65 67 50 82 1 57 33 50 13 81 98 79 55 45 45 71 99 81 11 83 38 40 85 26 86 88 27 97 41 37 62 63 37 67 84 11 95 72 22 1 89 36 19 96 87 65 53 6 87 10 98 21 55 1 17 12 41 91 39 39 52 66 96 63 76 12 5 90 47 2 56 82 30 66 62 13 38 56 2 29 25 2 82 14 39 21 11 50 81 44 99 95 71 91 99 63 7 72 25 49 63 87 9 36 91 29 65 0 18 3 74 58 59 92 74 13 92 54 12 49 58 79 69 
22 85 62 4 34 17 52 80 40 12 33 65 34 9 98 51 77 47 18 58 39 82 29 18 6 68 81 91 8 51 58 52 64 83 10 2 0 40 20 100 32 13 81 50 0 67 68 4 5 24 11 48 45 63 88 73 35 32 70 61 5 59 87 45 12 19 28 67 22 9 64 91 40 79 23 83 7 84 30 29 44 55 78 78 93 35 43 90 67 12 34 92 63 17 51 35 51 79 53 74 79 57 1 17 10 75 2 28 6 53 77 41 68 27 15 24 54 60 39 94 26 70 71 96 56 43 65 72 52 12 41 52 82 7 56 23 89 20 96 47 97 61 58 85 28 69 1 65 100 41 23 90 40 61 18 22 40 79 35 77 79 94 70 84 47 53 65 20 36 100 
39 66 83 57 41 65 61 89 68 47 24 93 0 8 10 47 23 64 68 55 45 43 96 50 49 82 65 49 45 8 29 72 42 37 11 80 18 74 70 63 34 95 20 20 73 57 1 72 38 52 38 15 52 64 94 38 29 28 32 54 85 16 92 99 95 88 80 68 73 0 31 86 78 62 96 86 57 73 2 85 88 81 81 57 43 29 39 84 63 60 58 27 26 66 64 28 72 19 94 70 92 18 18 71 31 95 66 48 97 12 29 91 22 25 92 36 0 61 63 27 32 14 60 81 80 60 97 39 12 62 32 22 45 32 11 16 24 89 73 64 97 23 39 65 3 8 24 79 42 48 29 30 48 61 48 13 15 99 11 92 76 27 98 21 28 66 58 14 60 5 
93 96 33 51 5 60 12 14 93 36 22 77 31 0 28 44 15 74 80 20 33 1 38 10 61 3 8 45 6 27 26 64 80 30 18 65 29 69 14 8 26 17 62 79 84 60 41 77 35 89 74 82 78 83 8 62 100 8 84 50 56 40 30 27 17 35 80 2 53 70 43 48 75 33 29 61 94 35 30 15 50 55 30 72 53 47 62 56 65 47 87 40 81 66 64 81 38 29 28 41 44 16 31 24 48 45 72 52 24 19 83 51 10 83 34 41 75 44 1 3 44 30 79 43 53 45 95 74 72 75 32 58 38 68 94 11 79 66 80 73 84 61 14 44 36 92 35 88 32 81 0 68 69 11 21 90 37 67 30 73 96 64 98 48 15 12 22 47 55 92 
4 79 45 51 3 89 37 67 23 38 45 99 96 71 57 85 29 20 40 100 88 47 25 1 41 66 9 28 50 77 1 49 56 23 77 10 28 99 7 71 38 29 2 70 67 35 66 17 85 47 44 49 54 22 8 31 55 23 61 16 50 50 67 19 12 76 28 100 89 91 60 32 54 57 23 4 75 16 91 50 14 47 50 99 70 27 9 83 34 60 27 0 60 22 8 78 90 95 15 34 75 98 45 97 94 30 24 38 44 92 100 37 23 88 79 44 96 5 91 19 50 17 48 66 43 18 74 82 81 63 21 16 93 54 76 93 42 33 85 57 15 58 6 18 45 76 60 78 11 8 76 87 79 4 33 87 51 83 29 4 33 79 57 74 51 32 1 83 61 91 
97 85 83 2 72 76 5 94 63 59 19 86 36 95 29 27 90 88 6 39 62 60 26 38 53 11 27 4 19 84 41 97 70 53 94 78 95 50 54 16 57 82 31 4 29 11 53 94 58 69 59 90 66 63 39 42 93 95 60 38 36 62 35 30 18 33 80 100 83 77 9 79 63 21 38 66 32 14 47 76 68 1 23 52 74 61 63 58 97 50 18 26 53 97 63 67 91 17 77 42 61 50 47 49 31 8 82 72 28 56 3 69 68 75 30 42 90 55 47 93 69 94 65 76 78 26 27 65 43 85 24 43 41 34 73 29 86 34 19 71 63 68 61 28 92 34 8 58 47 46 29 65 8 86 69 61 15 54 76 16 96 73 90 4 91 27 82 100 3 25 
88 100 70 51 11 43 35 0 9 52 26 56 77 70 30 30 53 29 23 3 40 43 60 87 10 32 86 37 98 98 87 0 35 31 80 61 6 9 95 39 10 83 65 98 75 41 93 7 9 100 35 48 26 62 80 70 37 71 36 4 54 15 39 94 35 10 13 61 58 19 37 92 18 19 4 68 96 9 53 41 74 73 73 36 60 77 48 73 35 44 96 51 54 70 6 14 56 84 90 90 85 74 11 91 98 20 7 49 54 85 61 100 76 4 71 57 97 64 38 41 23 28 96 28 78 41 46 78 55 86 56 7 1 78 48 24 68 100 22 34 67 8 23 77 53 8 11 32 73 61 7 100 70 77 86 63 25 36 18 24 49 84 90 92 15 47 82 79 49 49 
90 37 32 44 69 7 67 6 97 24 21 58 80 42 82 24 90 54 25 29 11 95 69 49 59 77 48 82 96 5 75 75 73 39 23 62 0 10 24 86 68 20 26 62 70 13 88 81 84 35 2 57 56 82 4 54 17 2 75 41 60 67 44 27 45 100 55 77 6 4 96 89 31 27 66 14 44 12 35 12 43 4 56 81 38 25 56 38 53 35 15 5 59 1 57 21 15 51 0 0 0 22 86 9 16 29 78 27 34 22 78 51 80 77 40 36 0 56 59 57 72 78 62 98 75 5 26 0 98 17 90 91 57 91 48 16 40 49 41 65 57 43 32 39 35 75 75 33 50 51 18 0 22 24 19 68 4 87 30 29 33 87 23 15 42 43 79 44 93 37 
14 17 50 78 5 64 49 86 88 87 75 82 14 10 26 87 32 73 7 65 4 9 73 44 82 23 73 28 67 91 5 44 56 16 23 46 12 51 50 85 11 48 43 21 37 89 21 69 53 18 19 14 1 83 28 69 90 47 72 54 49 1 2 72 45 28 97 83 82 69 78 46 86 57 97 25 81 98 87 12 46 48 74 98 69 56 9 14 76 31 18 61 60 2 0 42 6 53 59 68 62 13 31 8 22 36 59 47 89 98 3 92 65 98 63 77 20 89 53 87 18 36 49 75 60 77 88 79 22 25 92 54 9 9 76 6 64 42 28 30 99 88 48 26 76 100 3 19 85 4 71 87 7 8 82 0 78 94 56 13 81 64 15 93 50 98 26 7 89 86 
70 40 33 97 72 76 63 36 36 73 58 43 5 90 0 67 81 26 27 63 38 96 94 17 40 9 45 63 41 49 57 71 52 48 47 29 7 23 62 74 38 32 8 71 67 36 71 95 39 77 46 56 12 99 59 46 94 42 48 22 18 76 54 45 74 84 75 94 28 54 13 22 40 76 65 51 41 29 79 29 44 58 85 89 57 21 53 61 2 50 47 29 32 11 90 17 91 21 88 68 63 84 82 48 36 89 69 9 11 50 3 94 87 12 51 60 29 57 74 49 73 16 87 7 96 16 92 100 15 13 48 26 6 81 68 64 8 0 45 26 67 17 56 17 41 7 79 46 23 97 48 91 61 58 77 56 2 91 27 23 0 10 82 27 52 72 88 85 39 29 
21 89 30 26 78 35 93 29 62 46 72 83 65 93 57 63 55 3 75 6 3 6 2 10 51 63 73 5 52 51 4 62 79 100 43 94 71 94 96 83 21 82 92 33 100 25 3 100 83 2 46 45 23 65 97 82 63 19 79 47 51 13 71 53 63 55 14 71 74 24 3 88 86 52 51 58 81 67 57 34 50 42 42 42 94 94 49 75 59 70 76 24 43 16 46 39 64 35 62 58 65 12 40 16 56 23 56 21 95 36 20 80 88 100 19 88 85 31 78 13 78 4 20 83 47 66 91 87 60 8 77 25 85 76 82 58 99 54 55 45 55 10 3 8 49 58 26 81 4 86 10 99 31 25 99 84 14 56 37 18 54 59 76 79 64 93 34 83 76 71 
15 25 68 43 79 84 60 93 66 67 88 15 10 89 61 90 10 93 34 19 49 52 51 76 81 68 8 1 2 46 4 14 97 47 85 50 100 96 52 31 71 46 5 22 21 11 80 46 98 36 1 26 8 94 3 17 86 20 58 88 65 62 19 70 38 32 97 66 13 29 48 22 4 11 87 59 91 84 90 39 35 15 46 33 94 25 44 67 14 68 65 69 45 26 0 20 90 43 93 58 21 16 10 93 4 58 9 44 59 2 34 26 41 21 66 92 43 26 80 17 84 74 82 74 48 17 96 41 74 48 52 95 87 59 17 38 24 76 53 57 90 40 16 7 58 82 40 1 55 79 75 24 70 84 56 84 46 62 63 18 24 79 63 53 27 74 96 24 99 8 
62 27 43 86 36 15 35 15 19 51 60 19 48 10 92 53 25 19 69 37 88 94 39 69 51 78 92 32 70 100 65 94 96 0 43 0 84 78 45 89 15 54 79 74 73 4 28 50 16 39 86 19 57 0 32 26 68 65 69 51 18 56 91 68 90 14 10 13 98 41 96 51 66 12 14 55 63 46 51 28 75 92 97 100 10 39 53 74 90 75 59 90 3 93 21 94 92 96 68 58 49 33 87 80 94 63 50 76 50 60 64 94 13 70 3 59 61 27 79 30 46 47 22 55 75 99 47 9 54 63 68 25 42 81 55 24 92 54 53 61 63 91 91 72 98 42 72 99 48 100 6 6 13 64 74 33 10 27 69 21 45 33 27 99 25 68 54 45 94 82 
22 71 10 49 4 77 71 93 46 19 15 16 72 6 61 95 32 45 61 59 45 88 99 75 98 68 53 1 56 96 3 40 31 91 28 43 62 83 73 62 35 22 83 60 92 35 47 22 26 94 7 61 8 64 98 0 74 67 5 25 5 90 33 15 24 75 14 24 2 21 37 24 8 28 85 95 11 3 56 81 99 4 25 36 65 45 14 36 91 82 80 23 83 63 7 17 59 81 55 61 54 7 90 91 26 85 14 8 14 47 35 6 58 20 80 66 66 24 97 58 70 77 45 72 88 43 26 38 98 11 20 57 25 70 2 33 36 48 22 41 26 56 53 35 45 65 83 82 4 0 95 81 85 18 8 79 27 94 54 2 62 31 12 5 60 77 82 98 33 39 
86 66 49 85 4 90 28 19 1 97 97 66 81 45 23 47 73 76 95 49 92 69 74 64 25 45 83 99 3 69 1 37 59 58 18 56 19 45 77 28 35 92 35 72 70 57 56 93 53 72 2 40 51 31 51 76 66 88 5 68 7 92 19 92 36 32 78 62 68 16 36 79 54 86 78 59 100 17 37 0 26 35 17 95 91 53 27 18 37 26 50 96 75 30 56 29 23 17 90 15 12 57 12 48 6 31 21 2 12 57 84 8 73 9 98 76 7 6 75 86 40 22 26 0 94 8 62 2 19 71 90 2 23 87 24 53 51 39 34 33 83 9 93 92 28 63 78 92 81 22 64 74 40 18 4 92 70 48 87 84 32 72 31 63 60 58 71 21 70 60 
72 76 32 0 88 29 73 5 86 35 78 17 88 38 69 100 73 72 83 17 16 73 19 96 83 71 95 79 35 61 91 17 42 64 82 60 28 98 90 38 37 98 81 7 72 52 8 37 28 93 69 39 38 33 27 45 2 15 64 55 95 16 20 32 76 20 80 26 6 8 94 69 96 72 87 63 47 49 10 9 67 4 34 5 80 72 70 55 49 17 49 60 60 97 32 98 58 27 89 87 12 28 32 41 4 94 59 51 86 7 58 48 77 46 30 79 93 45 21 49 100 70 22 94 59 44 19 63 11 75 8 61 82 29 74 54 95 42 99 35 40 13 1 92 59 65 66 1 1 80 11 38 79 99 54 100 24 96 71 77 100 40 77 78 67 51 80 22 47 97 
83 30 56 87 78 9 18 48 83 60 41 61 38 58 98 0 82 54 81 55 36 62 17 62 25 4 92 92 91 15 17 37 52 2 33 8 94 47 73 64 22 66 30 18 74 81 53 86 41 30 24 41 5 38 24 19 57 32 22 18 86 86 81 2 86 90 53 2 56 29 92 29 63 30 7 85 36 82 97 60 6 88 40 10 6 19 84 58 32 69 88 56 96 63 57 66 7 57 93 1 31 57 23 16 34 17 63 21 28 51 80 35 57 68 27 86 81 95 26 36 47 73 47 54 60 75 0 28 90 31 64 66 5 99 46 2 69 31 69 13 27 8 56 26 54 44 61 80 64 80 58 80 78 46 11 48 100 46 23 79 56 43 10 17 28 80 9 70 4 46 
83 59 80 26 39 70 28 35 69 31 14 88 26 3 46 1 64 42 80 45 97 82 56 82 47 38 19 5 38 12 55 74 17 58 76 16 62 2 21 99 22 88 78 42 32 74 14 77 69 9 75 15 48 41 33 4 88 18 42 40 25 28 82 52 24 14 81 8 89 59 32 82 74 51 89 54 81 36 63 21 27 3 64 18 9 23 47 43 68 72 70 24 38 26 46 71 44 51 61 14 80 99 96 7 52 59 23 63 48 20 32 32 55 40 15 61 7 79 18 88 90 45 78 100 95 100 91 67 91 8 50 48 6 76 0 67 72 61 37 98 24 96 92 61 78 48 64 7 61 74 13 24 86 6 64 1 10 89 1 5 35 70 1 31 92 68 93 91 16 97 
77 10 10 76 6 16 17 56 68 35 28 77 76 10 51 2 0 62 69 86 33 35 52 97 100 51 63 36 52 4 64 38 28 86 76 51 35 73 15 54 86 11 95 97 58 83 3 39 71 84 93 55 65 27 84 43 35 86 98 2 40 91 32 10 58 22 19 51 73 68 84 9 46 96 49 53 61 14 83 93 72 14 25 91 69 56 84 96 1 0 8 22 7 28 99 8 50 93 43 15 53 50 79 50 87 27 23 69 52 93 76 90 86 53 34 59 22 39 18 58 42 93 5 41 28 30 66 3 30 7 91 91 41 99 96 35 61 92 41 54 67 75 99 79 8 64 89 75 25 32 1 44 65 60 9 67 96 94 67 16 7 12 12 44 57 45 55 57 21 61 
81 80 80 89 11 93 68 9 21 57 45 48 2 14 35 45 81 6 0 75 10 9 30 85 27 97 94 77 25 99 1 26 70 4 31 82 16 57 99 19 56 54 18 76 36 33 92 78 49 47 55 36 99 98 83 3 23 4 74 98 87 89 55 99 47 89 41 92 12 32 23 30 50 39 4 55 14 76 42 80 18 94 15 79 86 90 47 33 78 43 55 53 24 90 76 88 21 79 34 22 49 88 97 5 37 8 58 41 19 99 88 39 34 95 62 5 33 87 29 94 4 38 46 26 68 14 96 7 75 27 45 90 46 41 72 63 84 35 35 23 38 28 81 95 60 4 5 2 70 79 58 42 6 48 52 41 75 9 66 78 8 69 15 30 78 19 32 52 69 44 
83 13 3 21 1 60 58 91 83 40 61 32 32 83 92 63 97 12 17 34 26 31 31 6 33 43 96 10 12 65 49 58 39 69 63 44 37 65 65 81 28 44 86 62 43 0 90 62 18 96 73 63 10 91 2 43 61 67 29 85 40 20 15 82 11 5 12 19 29 59 84 41 29 66 46 46 95 42 40 82 21 42 9 93 86 87 89 22 78 19 1 68 76 87 72 67 50 65 50 100 26 26 41 82 38 51 7 35 58 87 11 93 92 57 34 3 40 25 66 36 34 16 13 21 2 58 54 18 26 51 69 50 86 57 95 63 67 8 37 0 67 43 45 69 3 81 38 67 7 48 42 63 8 93 41 75 78 50 31 68 0 3 52 60 73 61 92 97 25 1 
47 7 82 74 0 14 20 25 81 77 52 85 17 46 63 91 50 21 22 24 96 17 49 40 41 89 88 24 35 73 66 4 65 49 51 71 58 65 67 68 72 28 33 80 39 7 100 99 68 40 61 99 20 96 10 41 71 30 99 72 15 31 62 91 77 16 91 12 33 88 80 15 21 30 41 100 30 3 9 0 94 29 64 72 0 88 49 5 3 88 80 46 61 90 31 73 12 6 5 73 77 37 94 47 15 9 4 72 78 33 22 47 34 69 39 91 0 54 71 37 49 84 93 92 76 7 32 12 56 90 79 51 57 23 1 56 23 20 72 23 35 44 66 57 11 49 14 91 7 15 0 39 17 64 26 7 96 29 72 55 96 84 6 66 2 16 89 22 83 14 
29 18 1 60 46 44 56 1 56 34 94 62 3 59 89 79 21 19 58 85 62 95 70 13 31 57 57 51 100 94 61 24 20 16 8 32 36 51 3 94 85 80 6 75 7 75 65 52 90 65 97 20 78 71 100 90 38 81 25 6 60 57 95 10 4 43 87 15 7 59 14 83 72 35 52 6 80 62 76 17 42 67 27 60 20 86 15 32 55 66 43 22 79 80 28 51 53 41 49 15 93 23 95 23 27 59 74 58 28 83 43 98 14 78 80 30 39 11 19 26 8 13 43 78 38 58 76 36 9 48 16 60 61 78 57 83 14 95 37 4 26 5 59 55 4 20 23 52 6 73 80 8 69 46 31 79 41 98 59 58 69 80 64 12 32 65 72 1 22 56 
93 39 70 14 84 84 77 47 85 85 22 1 36 11 71 92 20 64 1 88 78 13 53 52 51 61 41 58 71 55 66 29 42 66 15 66 18 73 0 72 97 29 42 28 87 13 80 72 81 53 26 13 67 12 87 38 40 72 44 91 74 22 86 59 36 24 1 97 77 39 43 92 28 22 7 82 32 84 82 81 98 62 43 95 76 49 42 83 13 48 27 65 71 78 85 99 32 19 50 92 71 53 93 35 48 77 22 79 42 83 80 62 69 57 49 94 20 73 89 69 11 44 15 44 29 11 91 31 33 46 23 91 70 9 21 58 61 31 0 85 75 25 89 57 41 31 92 32 14 57 66 59 72 15 31 18 71 82 2 6 20 19 97 27 84 28 62 15 0 45 
75 60 96 43 27 78 94 72 52 2 83 25 62 91 88 57 57 33 64 41 21 38 73 2 38 19 22 38 41 43 28 37 5 16 9 61 34 39 17 74 42 35 65 10 29 85 1 11 78 62 9 44 38 39 94 17 54 26 24 15 88 52 83 59 74 34 71 59 36 64 80 75 40 54 80 34 69 69 10 38 89 4 87 74 40 19 57 99 14 27 15 80 25 12 78 79 64 18 8 8 99 30 98 34 39 44 54 16 7 92 22 94 30 86 12 22 23 20 55 49 96 97 23 66 46 2 77 22 35 5 74 33 12 48 29 95 2 50 1 20 4 0 24 94 69 71 25 64 9 68 42 20 62 97 52 72 52 37 46 3 86 30 23 56 56 99 1 97 45 11 
20 23 53 88 54 2 92 51 33 22 67 47 95 52 93 96 60 7 81 96 100 100 44 65 76 29 69 54 26 31 37 80 6 56 3 6 98 0 41 4 47 91 7 57 35 63 43 87 62 67 33 45 25 54 6 38 50 30 17 1 29 4 36 36 66 85 99 74 77 37 33 46 58 53 72 59 49 40 77 67 4 87 10 82 52 5 79 17 95 86 100 39 7 62 91 47 2 16 65 59 88 62 94 51 99 48 65 50 33 98 7 60 8 98 2 5 53 97 51 18 55 82 13 47 93 80 0 48 20 70 83 48 80 31 56 17 41 76 63 10 65 1 36 37 87 90 46 33 30 18 53 28 11 48 69 65 62 44 5 74 26 54 87 57 4 60 44 5 31 9 
87 60 75 37 10 38 17 21 11 60 1 47 84 60 43 13 71 31 10 80 13 55 89 39 3 43 31 96 99 80 48 44 37 8 43 73 14 47 16 14 21 85 16 96 100 23 100 83 6 48 76 99 66 27 16 35 79 20 2 3 47 86 93 64 63 74 88 13 77 100 98 41 15 40 82 25 77 80 63 23 89 82 17 16 85 69 91 7 3 82 44 76 93 22 24 97 79 70 87 30 13 43 85 12 13 49 62 50 100 79 11 46 17 74 6 8 78 29 31 42 92 60 24 44 91 49 81 77 27 12 80 49 13 16 70 13 23 14 27 40 79 94 11 13 18 83 24 30 71 1 26 46 65 45 92 93 87 78 59 23 84 37 10 26 64 94 73 41 13 54 
40 68 60 14 94 62 32 4 34 94 65 91 17 0 50 67 0 16 70 49 58 46 30 62 1 81 56 59 25 55 9 9 33 57 14 55 3 15 52 95 65 95 18 80 6 57 32 24 68 84 91 1 83 87 25 9 43 80 35 45 55 90 91 85 81 86 26 48 85 46 93 75 55 98 94 95 12 58 85 63 100 0 90 59 70 56 16 82 70 42 57 59 60 85 51 60 53 45 36 58 23 10 48 41 72 93 51 37 30 22 62 96 65 19 65 74 55 99 94 80 66 74 53 54 96 71 85 67 95 12 100 2 87 93 12 2 62 84 6 18 85 38 58 16 8 87 52 31 63 50 24 45 79 22 27 23 11 27 62 83 49 4 8 25 45 45 23 98 16 91 
98 33 49 26 6 67 84 5 6 93 47 40 55 80 11 75 44 40 88 24 48 28 62 17 13 95 54 43 34 93 52 42 5 29 98 48 71 99 97 71 68 22 72 23 9 73 7 82 49 27 62 98 16 75 23 13 16 47 31 100 58 88 96 86 3 9 76 90 2 84 71 69 16 92 5 49 97 24 93 64 61 69 85 44 35 55 98 10 36 31 72 4 29 38 85 44 7 97 28 76 29 87 99 32 58 53 28 52 31 5 85 35 86 67 66 69 36 13 23 42 11 64 99 93 68 80 73 84 79 12 29 77 67 54 95 46 37 53 58 39 55 49 78 11 49 35 99 42 68 76 7 4 89 9 100 62 10 94 49 68 12 49 90 53 30 66 55 58 96 58 
17 63 84 68 97 71 81 47 44 95 13 56 5 64 74 8 12 69 53 98 14 84 36 31 45 64 1 11 96 79 65 85 50 92 72 65 90 48 72 63 64 40 60 29 62 52 87 2 1 72 32 36 25 35 0 20 89 91 89 2 77 100 80 85 86 72 88 91 96 26 78 62 61 100 57 69 50 35 87 19 73 99 10 98 49 14 80 82 49 0 87 62 95 53 6 33 67 14 51 51 73 8 85 48 35 20 23 66 71 28 44 1 68 82 10 40 5 35 87 95 18 21 92 71 18 74 48 90 96 42 54 58 69 2 43 47 90 71 74 20 38 51 15 0 83 42 88 91 36 59 7 18 42 47 51 93 12 24 54 44 5 31 90 22 58 34 61 90 41 85 
84 94 88 9 79 58 94 41 61 67 23 97 55 60 21 47 25 96 1 60 77 57 25 48 25 18 36 20 80 25 14 16 14 53 51 74 73 66 70 8 19 19 23 40 94 12 51 40 14 20 43 74 94 77 82 99 17 56 25 90 83 11 74 21 4 24 98 69 48 14 98 6 47 12 99 51 28 89 57 29 92 21 68 72 31 32 11 81 67 11 25 8 12 75 2 82 15 31 71 7 27 58 43 90 31 74 71 66 42 74 81 0 37 66 60 15 71 70 39 90 37 91 34 74 22 3 16 33 40 65 46 59 22 91 54 51 55 74 28 10 29 57 62 36 0 49 34 71 42 100 1 78 44 90 47 2 90 67 71 10 96 5 32 41 67 84 99 0 37 61 
20 66 87 82 2 48 43 76 55 36 10 58 24 0 47 18 74 67 50 32 48 74 27 14 94 22 94 29 54 22 21 79 4 99 4 94 27 98 89 62 76 36 36 26 41 43 12 59 13 68 62 53 45 74 39 10 40 83 57 94 90 83 36 62 19 48 67 22 28 9 46 18 64 34 81 50 30 44 77 91 1 9 29 14 78 50 40 84 56 47 7 35 98 52 38 62 45 96 40 63 94 68 49 98 76 47 24 18 14 32 36 100 38 78 32 51 34 85 13 96 68 1 23 88 35 32 33 3 19 45 87 55 1 6 88 63 30 70 61 98 82 31 2 83 84 67 4 63 36 4 21 45 63 49 70 95 70 51 47 27 67 49 43 21 98 96 37 14 13 99 
78 34 86 26 82 91 45 92 12 83 60 21 62 27 86 98 62 62 6 27 20 20 66 39 55 50 6 93 5 11 92 94 27 39 79 63 72 54 45 22 43 65 72 87 97 90 9 54 69 94 39 7 34 35 36 33 92 16 48 52 42 1 7 100 34 13 62 59 75 33 99 53 60 14 52 22 3 86 4 85 73 57 4 29 97 50 14 89 10 19 42 53 55 12 43 66 96 45 6 65 43 77 31 54 37 37 88 72 9 56 8 40 61 9 95 88 70 99 63 100 10 53 49 27 13 91 69 53 100 24 48 39 61 30 89 46 9 64 100 31 71 25 96 63 31 67 79 22 88 24 17 27 14 90 55 19 93 52 73 84 17 2 73 5 93 58 26 90 32 4 
69 19 18 89 11 85 1 67 96 48 75 71 24 92 92 87 51 94 79 51 42 30 21 92 9 90 46 51 81 28 7 98 49 0 97 10 65 64 24 29 19 85 85 25 88 65 8 97 5 78 43 51 13 37 58 93 42 79 30 93 3 32 23 71 83 0 19 66 69 83 79 5 37 25 1 22 10 54 49 16 90 15 100 36 44 86 92 66 21 14 43 23 42 9 84 8 33 15 80 8 60 70 92 45 4 58 27 56 56 19 45 18 64 19 23 24 37 7 17 57 55 30 91 46 38 63 45 83 69 91 53 90 19 3 25 55 70 65 66 19 21 70 98 97 23 14 17 18 51 61 83 83 55 20 35 55 69 87 48 89 28 15 11 89 82 91 69 91 65 21 
57 72 33 11 79 71 64 41 88 5 54 90 55 74 36 64 58 61 96 19 71 39 55 21 49 58 63 27 39 28 9 63 86 65 30 71 52 6 76 97 20 26 64 10 86 21 98 71 17 18 25 34 91 80 13 84 11 54 25 68 95 30 48 4 13 89 52 90 92 56 36 40 50 46 36 21 9 32 43 31 78 23 29 15 86 23 28 74 97 33 77 75 50 44 30 54 75 52 47 73 12 43 75 76 91 16 93 63 71 40 20 28 44 29 62 25 6 54 42 59 77 1 73 29 21 10 71 26 63 77 4 72 38 12 27 96 16 0 47 65 16 72 23 74 82 64 27 82 94 64 62 63 70 54 69 56 74 73 81 98 98 14 7 15 29 71 62 92 80 23 
16 78 63 77 80 22 6 31 82 90 45 81 55 89 42 83 2 86 30 76 92 15 25 38 82 31 96 95 88 45 92 1 99 3 40 32 11 33 26 7 86 79 66 75 62 81 66 94 60 28 75 86 94 91 56 6 77 27 82 42 100 69 23 31 14 78 63 0 41 5 96 14 89 62 54 29 48 93 17 98 86 31 94 91 61 46 91 61 1 73 32 50 69 74 78 65 46 72 16 53 21 5 67 86 23 85 32 30 93 55 27 77 20 21 85 70 95 44 100 91 50 77 46 44 39 65 29 37 9 19 24 5 39 44 3 14 3 0 48 18 72 16 38 43 24 100 79 0 70 73 55 38 93 96 46 78 69 70 68 62 25 73 83 46 66 83 46 77 69 82 
46 81 97 6 17 11 28 48 59 3 10 4 80 20 14 77 33 36 72 0 74 20 29 42 38 70 99 41 87 68 57 64 91 78 75 8 55 41 22 57 92 16 8 87 72 57 4 1 14 73 65 100 97 40 100 74 84 15 26 13 61 92 70 76 76 86 30 73 6 25 45 61 77 48 25 36 95 16 15 71 56 26 31 37 85 86 9 64 22 10 38 92 56 95 46 50 4 93 65 36 11 43 45 1 47 1 65 2 19 94 41 59 66 32 61 88 74 8 48 52 58 29 57 78 70 9 25 41 42 52 10 99 65 54 54 88 59 92 0 37 0 76 22 46 28 8 27 55 7 29 43 11 26 27 97 67 23 66 79 45 8 31 34 100 33 18 90 84 74 56 
47 17 5 48 48 42 63 90 67 43 73 43 50 9 93 87 76 53 15 47 35 88 42 82 34 35 14 83 40 6 50 12 71 32 26 63 33 48 87 12 54 65 73 67 24 54 44 18 81 56 79 36 95 24 90 18 71 61 88 13 74 24 21 95 16 11 16 51 85 46 33 42 36 75 26 84 53 79 51 90 94 95 34 93 58 76 85 6 30 100 31 32 38 16 25 54 16 59 85 89 35 48 60 100 20 56 62 75 42 17 68 23 64 75 27 69 51 17 80 73 40 51 5 3 90 38 54 81 87 50 67 95 2 6 41 66 95 65 4 92 48 3 88 79 91 87 51 84 33 76 100 45 71 33 46 71 60 80 99 64 45 7 61 48 20 84 10 45 7 69 
90 28 64 25 71 20 83 39 69 1 84 85 8 88 69 69 23 58 81 80 47 99 41 95 98 69 45 91 74 51 56 35 80 33 82 3 97 47 36 4 42 61 19 84 41 54 26 16 61 81 41 1 100 33 51 13 25 29 53 70 43 84 96 88 43 69 90 72 16 61 14 18 73 87 53 84 49 31 39 41 50 52 7 69 15 64 53 70 48 30 20 65 76 54 37 23 72 2 88 34 94 39 31 45 44 18 100 86 26 59 31 65 78 96 96 6 31 15 14 84 9 75 74 98 54 0 56 90 3 93 67 12 67 90 81 52 44 5 0 24 68 49 71 93 33 67 55 37 72 6 93 55 93 27 76 95 57 8 9 70 9 21 5 79 91 42 71 13 53 11 
61 90 44 13 90 78 5 56 62 63 94 61 69 60 27 44 40 78 60 70 32 96 54 67 79 4 78 48 83 26 74 17 98 58 64 24 6 46 90 12 76 86 38 44 50 78 53 68 25 38 55 53 61 78 100 32 49 33 56 4 15 29 95 35 58 81 67 23 58 7 56 45 38 80 60 53 5 11 91 71 25 60 32 61 13 38 65 36 62 73 0 50 59 20 57 64 53 36 97 92 39 45 21 73 38 39 27 41 71 58 92 60 38 14 52 14 4 68 1 71 1 84 11 64 67 19 5 61 4 30 86 93 29 30 70 45 5 99 8 40 22 69 82 5 3 16 8 27 87 22 1 72 33 21 100 52 20 47 54 8 81 8 49 94 47 8 13 35 4 81 
78 76 20 50 70 34 84 94 81 3 93 92 50 26 22 63 0 33 57 94 2 73 2 29 10 24 89 69 49 48 87 60 32 25 76 1 68 74 82 38 86 40 53 37 26 29 36 65 94 89 24 22 50 19 26 99 39 75 41 76 12 59 97 37 1 97 35 29 40 96 96 28 46 42 44 11 97 30 36 76 44 63 74 33 67 74 99 88 28 48 79 27 66 76 24 80 47 21 76 12 5 76 32 99 87 35 46 74 98 76 30 4 64 91 29 21 4 38 30 24 22 72 55 97 68 84 93 93 93 5 44 71 8 61 69 70 68 78 65 75 31 23 52 93 22 38 72 24 13 90 96 92 32 61 51 51 33 80 64 66 64 20 60 29 88 16 93 28 55 34 
95 5 67 42 82 40 74 48 17 33 58 50 48 69 2 98 40 92 35 7 62 80 0 41 91 66 94 95 44 93 44 59 69 19 73 88 91 39 22 51 12 31 6 2 92 39 85 54 97 6 52 85 91 39 78 78 73 79 33 38 79 94 28 31 19 58 70 6 80 10 53 38 11 47 85 45 68 69 79 89 2 75 83 34 45 61 72 49 15 21 99 88 0 49 46 91 97 10 35 72 55 88 96 97 6 57 25 83 51 88 93 0 75 93 70 54 76 61 59 12 99 71 59 99 56 85 79 48 12 11 12 41 50 93 31 57 35 98 24 53 30 3 52 91 14 18 11 20 35 62 51 19 28 46 68 56 6 7 81 53 30 46 54 33 72 89 44 34 95 73 
86 30 51 21 54 71 53 88 10 100 56 89 79 63 87 56 49 63 27 100 77 92 27 60 83 82 46 71 62 88 76 39 92 92 57 96 47 76 86 61 45 65 86 37 13 1 87 84 13 33 97 11 71 22 72 5 57 69 50 87 14 75 16 66 48 38 51 20 73 77 95 63 79 51 46 65 75 9 9 48 62 5 31 28 13 78 20 47 48 89 7 34 54 58 50 81 56 84 24 21 41 82 14 34 8 7 67 52 11 54 17 24 76 14 42 18 34 81 72 38 73 31 26 95 22 10 28 77 36 90 36 36 42 57 66 89 55 78 6 36 16 18 43 68 0 77 50 44 51 0 46 32 30 88 34 53 53 33 2 3 50 5 33 24 96 7 59 72 3 60 
73 78 51 14 70 91 64 83 15 80 65 49 77 83 84 18 66 80 25 29 0 57 63 54 64 60 83 39 78 47 99 24 25 4 100 39 57 52 18 10 15 82 36 38 67 43 82 96 69 42 5 13 93 100 47 14 99 43 28 93 86 97 92 69 13 29 18 88 13 72 87 50 51 74 93 17 97 33 25 6 56 26 10 35 1 54 62 98 2 11 14 45 17 74 72 48 74 19 88 2 44 15 69 49 65 58 70 87 30 41 23 40 27 61 24 24 62 19 30 50 36 67 65 73 75 8 61 35 10 82 54 51 82 81 31 4 60 58 93 55 25 100 31 90 38 31 88 95 89 39 50 28 61 44 80 30 74 55 49 65 8 25 49 90 14 36 55 34 51 16 
36 13 92 2 16 48 59 99 77 79 100 48 85 76 65 60 48 52 9 63 40 80 8 46 5 41 60 41 53 82 23 87 78 86 37 8 25 97 38 4 76 51 44 69 2 47 11 22 60 48 71 95 61 55 20 80 17 47 26 3 76 8 47 1 7 57 77 29 0 89 24 67 13 98 89 20 91 69 25 68 50 89 61 9 42 71 35 43 96 23 93 2 22 7 87 93 13 84 21 93 64 22 29 38 73 21 47 37 5 27 81 89 51 58 79 26 68 86 52 67 22 26 11 4 56 84 82 89 33 93 52 72 79 15 21 30 9 28 55 10 20 45 82 40 94 52 78 66 11 58 99 20 60 53 70 77 69 12 10 29 64 17 91 87 50 77 16 39 11 82 
79 92 20 42 31 38 72 66 44 41 27 42 38 8 13 45 74 100 26 100 66 20 20 69 15 13 22 60 4 11 45 41 69 29 91 44 69 12 46 84 31 93 14 27 28 27 26 61 67 89 89 100 65 82 3 77 55 18 54 57 92 14 12 28 77 89 13 100 51 95 57 43 79 22 36 33 65 97 86 87 1 78 56 6 84 31 100 61 33 1 67 18 42 48 10 64 21 4 63 28 99 21 93 14 71 95 32 94 24 82 68 10 64 50 94 40 68 33 54 63 55 8 12 85 97 54 54 11 68 39 66 28 38 64 74 12 34 28 82 24 3 67 2 30 30 46 58 10 60 11 0 56 55 1 31 25 59 10 68 22 46 1 31 22 33 63 8 90 90 72 
57 43 23 49 7 60 86 50 92 8 75 25 10 71 85 57 39 95 16 98 84 96 47 72 85 53 33 83 54 40 50 98 68 21 36 29 27 88 25 34 44 62 2 21 76 12 14 53 75 33 3 62 49 45 88 21 100 19 98 0 6 37 19 34 95 97 57 40 86 65 16 13 12 76 91 24 97 75 93 51 51 41 91 3 10 40 74 40 81 50 10 1 0 3 67 74 20 25 4 75 17 96 72 60 71 93 47 94 95 31 29 100 73 8 54 1 100 99 32 2 61 80 96 40 52 49 15 24 10 50 68 13 82 15 30 23 40 44 27 18 47 53 33 26 62 17 25 65 71 51 72 68 97 88 30 84 93 74 18 78 15 94 21 44 26 32 7 24 47 62 
44 73 88 64 55 41 93 93 40 63 34 94 23 35 76 28 9 73 25 34 89 67 73 15 68 56 23 2 48 31 41 27 17 85 15 8 39 24 53 89 92 17 13 76 4 44 86 14 23 81 13 93 0 64 9 97 77 84 25 75 20 92 45 95 12 81 94 76 7 83 24 87 79 62 29 35 92 32 30 51 41 25 34 66 31 25 50 16 31 13 49 3 19 46 86 26 5 1 62 31 28 86 31 34 86 33 10 40 36 45 26 74 43 48 97 17 78 91 62 45 93 47 99 22 44 18 56 7 50 7 58 30 57 5 26 53 29 78 10 43 0 13 99 12 64 7 60 6 82 82 86 99 86 61 71 91 50 68 11 4 35 63 97 54 86 29 79 69 76 43 
76 12 24 91 94 84 70 61 73 80 82 55 63 36 58 90 51 46 45 48 27 0 43 69 41 97 54 84 27 81 22 90 5 90 12 79 50 48 68 53 7 35 61 39 74 27 86 7 34 88 0 11 79 66 27 42 30 45 27 58 97 24 19 10 31 42 97 83 28 15 81 85 31 59 99 15 86 85 39 67 7 61 86 78 24 20 41 93 70 61 48 68 15 96 72 9 27 46 39 42 17 92 28 90 78 36 45 2 61 23 62 38 21 25 36 93 78 15 71 40 17 46 63 67 51 57 35 5 49 98 37 99 73 7 48 26 47 65 60 8 86 17 77 72 55 93 24 64 100 96 79 49 48 31 54 70 11 61 22 37 44 85 14 100 89 20 60 61 77 81 
15 57 85 12 46 48 89 100 16 81 87 64 58 60 89 41 26 87 13 94 0 97 18 28 35 87 75 37 77 22 6 97 8 95 21 42 47 3 12 4 75 91 70 12 91 81 98 93 18 3 30 9 14 50 15 40 52 11 94 9 65 75 72 83 51 88 29 85 74 19 61 35 22 24 9 59 32 35 56 77 45 97 98 91 91 45 79 42 17 18 2 74 12 86 8 12 27 42 40 0 22 13 10 63 7 77 23 41 76 50 5 29 48 34 7 22 28 0 46 43 71 63 18 51 87 76 44 22 6 74 55 94 9 17 1 88 91 0 20 59 34 67 1 55 56 20 17 40 12 48 21 54 20 19 92 53 42 20 49 18 21 93 51 58 21 38 58 90 17 40 
70 19 28 49 16 33 16 92 61 50 46 70 82 4 20 55 22 62 87 20 14 60 29 11 43 30 78 74 30 31 81 71 33 70 42 2 37 32 6 15 58 45 94 64 42 98 76 54 29 86 64 64 15 44 85 11 75 78 96 0 31 50 90 95 22 52 2 62 81 21 48 15 82 42 31 1 81 84 91 9 77 51 17 67 58 79 60 43 33 84 47 47 95 38 24 85 24 4 64 56 100 84 63 21 66 17 22 6 5 65 6 58 9 70 74 26 8 48 58 49 65 1 95 84 96 24 77 87 72 15 10 70 10 24 44 3 46 66 34 87 7 44 34 13 15 27 16 14 3 47 92 26 98 28 57 9 65 96 44 5 59 77 84 71 65 23 83 90 70 52 
56 16 15 23 71 77 27 52 30 21 8 47 75 65 5 17 33 58 65 65 4 47 70 80 2 42 98 32 5 59 93 10 80 62 7 43 59 87 15 62 45 67 44 91 63 82 20 7 86 94 22 25 0 88 71 60 7 22 97 10 38 41 6 66 35 41 90 78 75 43 18 48 0 88 55 91 98 4 94 54 99 55 54 43 44 51 99 59 28 57 11 12 29 4 48 51 11 13 52 10 60 47 13 75 94 41 26 27 25 100 4 14 44 36 14 14 50 16 76 9 16 84 61 91 22 49 87 48 96 26 36 29 88 81 65 91 72 16 61 64 16 66 27 44 29 13 5 8 53 5 23 69 36 17 20 25 27 27 76 27 21 47 77 4 47 10 93 4 37 16 
49 77 52 37 15 16 29 17 61 77 90 74 1 34 90 82 97 89 69 94 98 13 25 92 64 4 87 28 27 22 66 0 56 58 45 75 5 8 48 2 9 87 3 39 95 59 68 47 12 87 22 44 94 3 40 97 7 32 72 24 72 13 27 10 52 68 4 52 27 86 19 8 28 74 14 23 21 94 17 32 95 91 41 65 92 56 53 96 41 28 15 15 62 70 37 5 57 4 39 60 45 72 61 7 82 92 11 78 55 71 47 62 1 10 48 30 24 98 14 39 90 14 72 3 62 90 49 59 41 73 52 27 65 29 34 70 1 95 43 56 11 32 64 37 37 12 76 62 37 40 25 3 40 93 15 41 9 39 65 31 23 70 18 29 10 34 48 83 82 22 
82 23 65 38 17 66 75 88 26 17 2 50 88 34 45 41 57 42 43 54 35 3 93 97 92 77 7 22 32 8 21 19 47 94 83 5 37 57 88 37 97 34 58 86 50 2 86 42 19 42 63 43 32 24 10 92 15 23 34 17 88 49 21 81 82 75 57 40 79 99 32 70 35 100 6 93 96 42 98 49 23 78 23 59 79 97 73 87 47 49 68 62 70 63 41 59 2 24 4 50 88 18 88 53 12 20 26 50 55 64 17 1 89 0 56 38 29 51 90 75 50 92 4 2 13 65 10 35 20 77 77 95 22 67 98 86 91 0 71 35 96 52 31 69 96 90 83 97 1 94 72 69 79 2 2 5 100 57 56 5 10 70 40 69 18 38 39 73 52 74 
64 62 46 50 48 66 29 93 100 91 74 99 33 20 82 85 35 6 27 10 13 28 90 12 6 11 54 78 50 36 61 11 85 39 0 86 53 36 40 29 38 34 21 19 88 80 21 30 45 25 32 57 71 71 72 19 65 11 86 6 8 19 34 54 75 79 18 68 43 73 63 8 73 76 88 70 49 75 47 26 0 25 16 78 52 2 98 58 95 72 79 52 50 7 89 65 11 13 89 3 35 41 21 92 48 99 27 32 58 72 75 33 50 17 1 8 94 47 32 39 62 74 13 5 21 98 57 20 57 93 37 20 57 10 95 32 39 61 10 41 9 11 63 44 91 80 17 92 88 47 72 24 15 55 49 12 21 69 88 50 26 10 50 25 77 8 19 66 60 74 
17 50 1 45 6 49 76 6 94 97 66 0 23 57 43 14 41 42 13 25 24 9 39 23 22 6 72 10 61 2 5 60 29 45 10 5 86 15 3 73 72 72 51 65 69 44 35 91 45 21 40 46 67 13 41 22 64 52 80 69 50 16 44 90 35 59 10 6 95 80 91 23 7 94 20 1 85 73 5 76 84 14 5 6 8 53 51 100 1 15 97 92 56 64 64 78 62 53 66 9 30 9 97 23 35 90 91 52 81 97 7 86 73 61 50 76 70 56 3 93 77 0 100 86 4 24 85 7 32 34 20 75 91 83 61 26 24 84 51 50 33 97 94 38 22 56 67 53 94 77 99 74 78 86 54 87 3 9 77 13 97 39 47 33 53 89 78 88 41 52 
24 26 26 60 73 86 35 52 44 49 71 20 77 44 31 33 88 6 70 12 46 82 91 64 80 35 29 5 45 95 20 80 51 25 100 49 45 44 41 52 16 93 7 73 54 66 7 8 85 16 1 50 40 89 62 26 67 36 43 58 16 64 6 25 85 41 23 60 80 2 11 6 57 94 31 23 49 46 81 86 59 36 68 47 63 23 10 82 92 100 97 25 41 31 87 27 31 37 47 1 93 16 11 46 73 70 86 70 5 74 62 43 23 95 18 46 33 15 8 23 18 9 97 66 33 33 74 27 98 99 39 76 24 2 4 4 87 49 52 9 23 88 40 41 93 3 68 98 61 67 77 77 1 48 49 88 8 66 41 74 64 71 51 75 9 48 83 64 55 10 
95 91 65 89 75 87 98 86 41 56 9 77 54 70 29 66 22 79 38 74 90 33 54 76 93 50 70 58 74 17 23 45 84 6 46 63 100 21 60 47 100 72 72 27 61 28 19 17 4 3 55 17 34 50 13 91 57 38 42 54 12 40 39 1 96 77 31 20 42 92 74 13 56 16 87 72 77 2 72 0 38 1 29 85 86 35 69 72 41 92 33 58 100 48 2 81 26 3 32 31 16 13 0 52 32 85 79 49 53 9 40 50 65 49 85 16 1 67 62 1 90 68 7 81 71 97 0 41 69 87 42 44 49 67 76 78 46 93 72 78 35 45 46 84 35 77 68 2 72 29 95 35 90 72 25 8 33 31 56 67 13 79 63 59 66 85 61 62 55 14 
67 70 43 99 93 9 81 97 45 61 27 62 94 14 32 49 50 55 79 75 94 80 36 31 27 2 98 11 33 46 52 72 14 17 71 27 15 56 45 58 97 40 30 56 31 10 57 72 57 66 89 77 78 4 11 51 43 20 29 28 59 32 54 85 75 52 50 26 64 58 8 7 6 18 18 92 93 100 63 8 72 28 55 90 65 44 73 91 51 60 58 86 51 24 25 17 86 96 55 37 58 58 3 68 35 27 12 55 14 14 25 53 41 57 30 84 5 54 78 1 70 80 2 40 88 36 50 80 53 62 23 42 12 26 37 69 100 50 59 92 87 59 60 74 39 55 99 82 85 20 26 71 12 68 94 48 23 3 90 93 48 8 72 51 4 0 10 41 15 31 
74 25 14 32 55 17 87 45 98 100 39 96 43 43 70 69 81 26 49 75 94 67 45 78 30 64 84 26 23 85 3 63 18 52 68 0 67 30 44 80 100 17 46 38 22 53 34 37 1 1 41 47 13 18 74 58 73 0 4 48 70 14 100 28 87 74 89 60 48 96 59 14 2 44 71 29 29 4 84 2 2 94 45 26 58 94 70 84 32 99 15 97 74 62 66 100 38 94 97 3 57 20 17 89 89 66 58 79 11 15 84 86 1 74 100 26 2 12 27 46 81 22 17 31 70 96 10 37 36 80 46 60 82 17 55 81 81 31 3 9 72 6 20 22 79 76 77 91 92 30 16 91 40 32 26 62 54 98 83 61 98 10 18 28 59 81 30 93 53 56 
37 75 80 17 73 31 42 50 49 17 89 50 36 27 83 18 50 28 65 36 64 31 46 80 95 78 10 80 80 95 76 100 18 7 29 73 98 89 60 49 48 11 55 55 95 81 87 4 99 30 19 8 89 46 63 20 59 3 42 65 92 52 91 40 17 52 89 89 64 13 75 34 78 56 34 11 45 69 89 84 10 8 55 44 37 30 1 93 26 27 41 12 36 81 9 65 96 34 82 68 38 90 3 57 38 76 12 59 95 77 35 56 57 46 25 94 9 99 35 59 34 84 32 27 87 40 41 32 65 53 12 7 8 79 13 46 20 72 62 46 27 49 2 97 99 76 70 69 79 34 40 38 35 6 72 93 82 50 51 95 46 32 15 51 3 7 39 2 86 44 
7 7 44 62 77 17 16 98 48 8 58 26 51 95 53 62 44 54 75 90 46 5 89 7 94 45 63 69 56 24 62 57 32 77 14 97 78 84 43 78 85 64 46 81 81 26 100 53 28 13 83 91 61 78 59 44 21 43 52 67 66 73 69 12 33 47 54 95 91 70 70 7 78 34 35 22 10 12 53 13 86 11 44 75 30 35 22 45 80 64 38 51 26 62 84 21 34 31 84 77 63 38 65 57 3 96 9 35 62 61 94 80 4 1 76 3 40 96 44 74 56 93 18 91 94 27 69 49 8 35 57 73 40 8 18 37 79 93 54 80 77 27 63 96 65 95 26 51 89 18 46 13 44 81 59 67 3 23 0 18 57 50 51 96 83 51 40 89 9 68 
65 74 81 4 22 10 10 1 23 75 44 78 36 73 53 1 28 97 84 33 79 53 35 80 70 46 32 33 30 6 75 85 14 42 64 78 84 40 79 97 61 53 90 31 94 99 99 60 100 6 34 94 49 83 69 14 20 64 31 8 7 23 50 87 78 43 91 97 5 93 88 92 73 87 63 59 84 51 48 71 54 90 25 76 38 17 35 33 49 97 61 17 98 12 50 88 20 96 65 48 93 89 51 28 56 31 83 73 1 21 72 29 48 40 31 89 74 21 63 5 2 41 4 21 31 8 99 56 38 54 46 67 41 18 26 8 25 88 13 77 96 59 14 62 20 16 62 99 66 73 36 11 94 56 45 88 56 74 93 35 0 16 48 45 46 12 19 78 91 81 
30 11 6 92 55 28 40 10 7 20 53 87 50 62 75 80 88 45 90 76 14 2 59 86 42 78 89 80 59 33 34 77 88 53 19 63 84 95 46 58 83 82 95 92 30 37 78 58 45 63 38 82 93 44 35 61 70 29 9 73 78 61 63 17 87 37 74 49 97 27 59 96 68 2 15 66 12 49 80 33 8 7 16 49 6 54 8 57 17 34 54 49 48 92 95 29 89 86 7 13 3 84 3 95 27 44 20 62 98 41 73 12 35 55 35 30 12 9 34 66 89 43 7 56 57 100 8 33 18 51 48 52 63 74 38 9 13 86 41 55 97 24 33 0 96 19 72 46 20 61 51 39 47 86 58 77 84 22 42 51 59 17 51 16 98 93 93 36 87 90 
73 96 77 86 67 93 87 36 25 18 7 4 79 67 59 46 87 79 51 66 46 25 27 77 38 57 69 15 9 15 93 38 59 86 37 71 71 10 80 41 69 59 84 40 98 77 24 49 29 29 75 86 47 87 54 65 48 86 52 85 16 54 92 43 59 52 68 39 55 10 57 79 17 40 29 73 29 79 2 18 22 40 21 2 41 47 3 96 69 52 78 34 75 87 35 74 56 69 51 80 74 28 58 17 87 47 38 90 82 37 71 7 58 90 30 8 75 27 77 58 51 67 8 1 7 17 32 86 27 27 77 47 79 77 37 40 88 64 42 71 64 88 46 18 52 13 96 26 81 23 89 97 5 82 4 17 53 99 39 67 81 37 47 16 0 81 19 67 5 60 
100 30 99 88 71 10 11 89 35 48 87 56 24 11 82 98 2 60 34 2 7 51 59 58 47 2 42 54 64 27 26 67 91 75 87 16 46 2 44 82 1 15 18 27 86 14 83 60 4 95 80 82 11 14 25 86 42 48 97 92 50 83 10 87 1 31 0 17 43 72 76 73 63 93 86 91 84 45 82 16 28 82 18 60 100 59 90 2 64 74 47 13 29 53 58 58 33 42 0 12 65 66 34 60 12 65 10 62 70 63 7 61 24 44 15 1 33 12 91 61 51 53 7 44 53 90 52 91 85 64 45 38 100 61 94 57 85 97 52 81 16 37 46 67 90 48 35 34 79 71 60 66 83 37 81 69 63 68 59 11 78 17 2 41 46 77 77 14 4 44 
23 4 19 4 2 73 35 61 100 40 80 12 16 68 91 7 2 64 52 33 54 58 7 93 24 99 56 77 57 43 44 39 27 43 74 58 100 16 42 61 87 50 91 75 48 90 44 38 45 36 100 76 70 80 8 91 77 2 93 27 61 90 95 73 94 100 19 59 9 64 66 45 74 96 50 36 80 97 20 98 33 54 9 70 100 85 59 0 35 45 96 34 61 51 96 29 21 73 50 0 50 58 53 36 22 19 15 39 24 91 19 81 36 97 51 59 20 95 35 14 57 40 51 72 4 30 22 46 59 57 14 54 58 33 94 32 23 8 81 54 97 54 56 68 51 16 46 83 24 38 25 93 53 89 51 8 7 69 99 63 67 48 29 59 42 98 59 31 45 79 
22 88 28 12 11 93 96 19 24 2 85 63 24 72 11 100 35 78 47 53 22 94 54 87 28 57 34 81 55 1 75 68 62 12 49 95 59 79 24 80 88 15 94 31 25 52 3 76 73 85 12 5 44 67 80 67 13 38 62 2 88 94 39 89 57 13 30 20 61 5 41 14 33 63 4 89 45 26 38 2 12 78 82 27 42 70 60 89 39 7 71 99 56 42 43 85 98 75 50 40 70 11 50 83 23 21 58 15 68 32 79 83 19 41 95 75 37 48 5 93 53 33 35 87 78 94 79 97 62 99 6 64 20 83 96 3 47 29 80 4 56 64 77 14 80 59 66 41 86 18 37 80 94 65 53 15 32 14 61 16 44 74 67 34 99 26 62 54 9 56 
93 25 25 27 67 86 69 89 51 25 44 1 14 76 94 44 41 62 4 35 91 95 50 64 81 97 43 25 28 98 59 36 78 28 61 34 68 13 81 24 62 2 76 28 58 91 53 70 85 44 2 18 10 49 39 25 100 90 5 5 2 49 54 12 42 51 9 70 94 55 67 8 6 74 58 17 55 52 50 83 52 34 98 53 61 40 48 43 15 8 73 2 1 78 8 91 53 36 68 6 47 45 10 61 83 78 75 92 45 78 99 24 88 13 96 66 17 60 10 40 53 41 66 87 77 23 34 1 18 63 88 94 68 11 75 7 72 93 39 83 72 82 87 40 35 79 1 76 38 56 56 4 6 41 91 45 24 32 49 38 37 98 5 64 20 17 40 6 31 68 
95 53 79 96 74 68 92 13 50 66 10 14 34 42 29 38 4 9 42 23 79 29 66 75 3 82 89 25 51 22 3 4 71 39 52 20 87 59 96 37 38 5 91 81 52 87 52 27 88 76 51 70 47 59 0 47 50 63 21 46 22 60 16 21 43 31 52 67 51 20 29 76 83 25 31 16 86 49 19 54 78 63 56 42 11 62 6 4 51 42 82 56 85 65 19 37 85 99 37 28 11 68 19 52 22 54 56 37 12 53 78 21 91 6 5 1 63 54 31 13 74 83 14 41 67 93 90 75 32 94 55 36 60 42 17 16 3 58 76 62 74 6 16 86 98 85 76 77 26 45 76 40 74 100 57 80 98 8 91 4 50 27 76 61 20 69 76 71 65 81 
46 82 3 33 93 16 76 55 40 85 39 95 10 29 68 80 69 30 58 4 87 47 90 85 0 8 40 3 45 52 6 35 66 9 22 82 82 56 39 81 30 7 21 37 48 33 53 66 21 16 10 44 77 10 93 55 77 94 94 22 25 24 28 83 50 21 16 82 29 8 52 71 7 23 40 58 36 33 14 93 0 7 75 91 48 23 48 6 72 28 51 56 70 21 7 61 8 83 67 16 93 5 76 73 12 48 35 34 39 42 2 78 28 58 2 26 47 18 98 64 95 65 92 96 4 48 48 57 59 99 69 52 37 45 26 12 61 4 94 16 7 20 91 59 25 11 70 99 57 13 73 18 18 78 13 70 53 6 43 22 1 80 23 63 37 90 18 64 80 32 
83 100 18 21 16 77 79 54 39 25 53 80 10 25 23 53 88 77 87 87 38 69 10 47 3 33 11 59 13 25 32 72 100 76 96 0 2 34 90 94 65 73 18 2 40 6 51 73 72 80 93 40 61 20 28 12 10 14 93 97 23 77 33 64 50 57 75 64 43 45 7 62 54 72 99 83 68 49 84 52 81 73 21 45 16 81 17 30 6 2 15 36 4 65 3 75 45 97 37 17 97 72 11 49 100 79 73 19 51 8 61 56 92 56 98 49 27 65 76 21 86 78 2 6 40 75 29 53 72 11 15 11 67 50 42 40 66 6 24 88 88 67 39 31 57 68 82 6 14 1 82 82 2 82 12 16 92 90 43 4 37 17 96 32 63 64 8 55 19 2 
10 3 6 64 46 85 28 6 25 55 9 36 38 69 99 67 0 84 31 47 8 54 39 27 69 88 28 10 47 24 70 7 61 65 13 86 38 66 86 49 8 19 57 59 100 60 94 7 87 23 10 0 44 63 36 10 84 98 97 76 30 73 56 28 86 34 36 73 43 14 3 38 38 57 79 70 94 48 25 49 80 60 43 23 49 27 7 34 78 83 49 13 37 22 98 75 99 38 37 55 48 100 61 65 32 41 0 64 60 65 16 78 9 26 52 38 24 86 21 73 84 73 50 22 20 50 84 83 4 65 73 58 7 31 9 77 35 69 96 56 7 3 48 6 93 5 55 47 47 35 23 72 35 40 61 78 19 43 92 25 3 57 36 47 32 4 52 51 2 73 
97 15 43 38 24 45 40 21 85 78 73 37 53 1 69 31 33 45 63 0 48 83 42 66 88 53 45 34 65 5 96 23 55 78 51 58 45 45 36 13 40 17 84 80 59 80 65 87 25 70 26 95 11 86 63 45 80 96 49 5 65 51 97 14 98 41 71 51 6 34 99 23 68 75 76 45 98 49 60 45 94 14 90 83 9 70 54 10 19 27 94 28 70 65 40 30 76 68 36 49 48 37 28 49 8 39 88 87 1 9 16 32 56 28 99 61 94 76 91 22 92 62 61 41 80 90 57 68 27 36 17 69 53 44 97 2 65 26 60 33 6 53 26 56 62 38 62 11 85 84 93 49 28 81 13 3 26 71 55 13 61 100 78 80 23 8 45 60 68 88 
51 94 32 71 31 93 43 85 74 57 86 83 25 62 92 83 19 53 4 36 90 0 66 6 92 39 41 38 100 2 87 62 21 15 67 33 73 15 9 27 67 100 96 77 69 86 98 47 78 73 23 36 34 26 10 41 85 85 31 78 79 54 70 44 98 72 85 100 31 53 59 88 71 38 48 49 64 23 15 81 59 52 58 69 17 53 63 1 67 97 64 89 10 74 74 59 33 39 44 59 20 88 24 91 11 86 32 60 42 27 26 51 26 27 18 10 93 48 98 10 32 40 47 85 85 63 49 99 87 100 89 90 28 84 65 9 11 42 35 25 46 64 68 60 54 12 71 7 88 16 19 66 35 33 35 42 16 71 25 57 49 67 76 35 20 100 4 31 90 69 
100 40 50 82 13 2 0 15 69 62 85 84 2 99 5 55 28 37 79 58 59 94 36 17 20 2 57 92 29 22 50 5 54 77 79 82 70 50 93 96 48 51 14 50 73 73 86 62 49 28 43 13 35 9 4 36 65 57 4 68 14 87 73 41 65 31 9 23 98 54 35 17 87 37 54 9 91 6 42 85 78 25 68 20 29 10 85 29 18 3 34 76 79 79 68 75 1 57 0 58 97 23 58 1 45 2 80 81 65 66 30 38 13 16 4 63 32 49 30 8 83 28 72 96 10 71 23 98 45 56 21 57 72 96 85 2 12 11 69 26 80 78 89 52 27 18 78 30 38 54 62 13 84 65 46 54 38 5 43 43 31 34 43 65 0 7 96 33 73 81 
36 14 28 53 99 52 14 99 27 87 10 4 7 65 55 78 93 45 85 69 10 22 53 54 30 8 59 84 78 3 57 9 7 37 0 86 63 30 92 82 74 34 92 41 58 54 89 99 31 35 91 61 36 25 14 50 21 35 63 0 88 73 60 52 47 24 91 52 40 82 36 77 29 94 10 90 70 47 14 71 51 9 81 22 15 68 7 21 96 54 66 100 40 7 94 63 67 17 4 20 64 7 16 97 96 97 12 54 51 27 80 14 47 44 30 89 56 63 23 56 76 0 3 6 16 35 59 85 16 93 10 33 41 29 75 45 47 73 100 40 29 26 67 52 62 0 44 63 9 8 2 77 94 47 15 61 10 23 83 80 73 86 6 6 95 69 88 14 76 66 
71 83 41 78 52 7 88 44 63 50 74 84 27 85 19 98 48 93 79 86 10 63 4 92 58 32 26 20 9 53 17 10 7 1 98 43 15 59 40 32 88 33 34 80 3 69 53 69 60 78 33 54 47 94 60 86 18 62 22 32 36 36 32 69 59 90 83 87 92 33 49 78 84 76 39 48 86 1 86 76 51 13 89 20 13 96 52 92 3 45 77 99 56 68 29 62 65 0 79 37 73 12 0 60 20 6 44 3 46 77 68 93 76 63 78 84 35 33 16 15 37 42 7 46 17 64 67 25 88 64 60 65 67 30 63 18 0 48 72 39 96 39 53 58 42 32 24 8 24 30 30 12 66 75 15 46 58 79 90 98 51 13 86 35 64 90 77 22 48 73 
35 21 81 50 42 72 81 4 14 56 78 78 54 26 58 70 33 9 17 91 32 10 97 89 90 62 4 78 21 12 82 68 23 78 20 10 61 90 32 71 83 20 9 87 84 94 30 40 29 60 47 75 14 25 91 8 55 65 21 64 34 96 27 69 57 70 4 29 38 41 66 18 55 30 66 3 61 23 89 34 94 52 52 46 38 33 99 65 84 11 69 80 36 12 93 22 97 29 28 15 37 61 51 98 78 67 44 98 38 16 86 31 1 27 80 82 33 78 18 76 12 60 62 4 48 89 23 24 52 8 33 19 5 74 10 12 63 53 45 25 8 6 63 90 84 29 26 51 8 15 96 96 15 99 67 57 8 44 6 62 30 87 59 82 29 79 87 77 0 54 
60 38 71 69 22 94 39 51 27 60 74 66 6 77 68 77 99 29 37 73 79 32 74 72 49 91 54 56 21 52 3 2 1 77 14 74 95 25 4 95 16 77 34 73 12 48 90 28 60 74 58 65 94 10 5 51 17 7 4 8 92 81 78 17 64 24 88 74 56 57 2 71 93 24 14 71 8 95 55 52 59 92 9 75 7 58 31 4 10 68 20 26 1 53 57 87 63 20 75 40 72 78 22 38 78 34 67 88 42 81 61 84 61 99 30 67 35 73 2 49 30 95 93 88 79 74 3 5 100 11 44 4 51 49 86 5 29 31 77 17 7 18 14 69 89 24 1 61 83 12 51 75 26 83 67 7 21 84 83 35 7 56 51 2 92 30 32 95 84 90 
53 54 11 18 42 33 1 74 54 24 60 24 33 13 18 60 40 20 13 54 91 61 4 45 53 92 58 82 7 98 62 73 49 11 53 14 21 56 12 2 57 99 80 72 75 4 53 29 39 39 11 66 27 53 56 6 1 70 3 78 46 65 9 30 23 83 7 5 88 57 52 93 92 5 17 69 49 0 4 91 57 73 32 51 99 51 6 62 29 37 59 18 69 73 78 53 27 5 46 24 93 82 52 41 2 53 23 36 56 72 20 71 64 70 9 22 12 87 14 43 10 100 25 14 58 10 31 47 70 45 64 77 21 19 34 37 44 59 52 84 53 66 65 40 76 2 42 76 64 79 89 44 27 69 29 12 17 92 49 18 44 97 42 18 38 81 34 67 27 66 
4 77 41 25 18 63 95 56 88 70 41 21 45 34 61 35 96 89 6 81 71 11 18 2 20 94 44 55 0 33 57 55 78 76 32 62 12 59 7 34 49 1 87 78 42 36 18 83 70 92 51 74 73 55 19 83 77 60 41 47 85 29 17 36 81 8 25 43 51 10 70 34 90 17 89 5 95 95 67 7 67 95 63 92 39 70 23 5 34 77 67 91 0 13 11 63 66 76 95 40 23 7 36 54 79 29 95 4 57 88 56 54 100 55 10 86 41 68 47 5 10 95 80 23 14 59 23 72 77 90 91 34 40 53 55 49 94 72 3 0 100 35 79 47 71 4 59 84 7 21 91 45 89 79 57 20 33 76 53 34 9 63 48 27 64 62 56 91 69 90 
52 65 91 3 33 21 45 20 11 100 74 40 71 96 16 14 69 59 64 3 96 1 65 55 56 4 80 72 29 42 56 7 74 46 79 32 42 86 88 98 83 60 40 35 37 86 87 83 31 23 85 12 55 52 60 2 63 82 80 64 52 6 20 4 67 71 17 36 10 53 57 40 43 28 39 84 76 87 21 26 19 78 56 25 38 60 5 50 2 55 36 27 59 80 8 78 88 61 62 84 14 66 68 58 44 67 49 66 0 41 5 14 78 61 9 21 37 31 34 2 55 52 92 59 94 97 49 42 10 43 71 52 87 41 96 6 12 96 28 81 77 96 53 89 96 43 14 5 67 64 24 11 73 17 34 85 31 17 83 80 57 40 38 16 81 25 21 29 43 14 
42 71 70 24 25 32 93 30 82 29 7 26 6 95 3 48 15 29 19 75 72 1 64 21 13 12 89 33 69 16 56 25 39 28 17 96 54 14 75 88 87 34 98 67 17 32 57 29 3 61 97 26 2 39 99 66 56 78 94 30 10 43 16 96 4 75 56 18 98 65 98 73 87 69 68 76 29 58 53 25 65 29 32 64 88 44 99 33 82 65 65 99 10 55 92 3 8 37 87 56 71 56 43 62 13 81 89 76 2 56 61 86 79 67 34 26 19 55 39 94 19 63 55 75 56 21 24 55 95 99 58 26 91 46 90 81 79 74 33 78 93 26 43 89 84 30 6 4 73 37 38 72 23 92 23 62 92 86 9 14 42 43 68 14 75 10 82 24 34 47 
38 85 51 0 31 95 57 18 53 83 88 37 81 41 88 93 21 48 58 72 9 5 40 63 44 84 10 36 86 82 7 25 69 22 58 75 20 9 51 63 7 69 89 39 67 38 3 63 10 85 32 45 100 93 13 44 83 42 33 82 70 82 16 86 27 10 93 48 13 10 34 54 19 3 48 35 76 33 20 22 14 92 64 45 88 28 34 52 28 3 1 63 27 93 65 30 99 18 5 8 33 16 59 96 73 19 71 5 92 1 9 79 98 3 83 38 61 91 34 35 63 72 33 0 94 33 2 37 79 19 44 44 11 79 25 9 45 76 37 57 4 90 96 8 36 90 39 17 31 75 39 82 5 35 34 99 92 66 54 48 4 19 99 45 48 66 52 55 79 34 
54 75 46 31 78 35 41 1 30 11 39 45 52 38 38 88 85 82 85 84 48 78 68 56 84 10 60 89 61 82 99 63 76 60 10 89 99 35 14 33 31 67 15 12 72 37 20 87 78 62 42 69 44 77 42 58 19 88 98 63 77 30 86 23 5 83 93 95 8 74 0 69 12 35 20 39 67 66 49 30 23 40 9 79 13 52 88 59 95 19 18 10 68 74 36 73 5 97 43 76 29 33 99 42 50 70 74 6 37 10 26 50 12 53 96 4 6 85 95 26 71 62 31 77 2 91 56 60 33 12 9 39 57 83 34 85 85 2 26 35 9 91 20 87 2 87 17 95 6 54 54 88 88 6 85 12 30 37 54 78 66 63 31 62 68 13 40 91 0 40 
90 65 62 56 81 26 27 54 19 92 17 72 75 58 60 20 37 19 20 58 40 42 32 35 22 54 66 99 67 88 3 70 75 21 24 20 99 86 1 96 14 61 17 21 38 57 40 61 74 93 27 77 92 100 7 66 75 40 19 93 4 98 6 52 40 16 68 1 20 72 63 43 85 28 28 27 6 36 80 20 31 41 80 63 29 95 69 68 48 15 39 73 39 50 14 59 67 13 74 96 42 59 83 23 30 41 95 66 31 73 73 64 36 40 75 63 100 39 70 6 7 48 50 44 24 64 21 14 79 14 3 88 5 1 98 47 55 87 38 100 37 82 11 90 25 71 25 79 0 44 36 26 74 61 58 77 62 36 82 44 74 77 83 49 56 10 29 44 57 41 
67 59 12 96 80 99 40 35 51 14 10 97 32 89 85 35 98 66 42 32 4 7 15 99 92 82 96 13 52 19 72 17 98 35 6 0 85 6 90 95 51 89 0 12 33 52 49 90 35 27 18 89 19 10 43 70 38 96 24 42 56 91 56 4 28 48 36 47 1 16 20 9 39 58 57 26 1 18 38 55 91 87 52 84 88 99 93 40 88 64 45 67 100 76 24 4 69 31 71 34 44 23 2 21 99 72 4 38 0 4 7 80 16 9 11 85 38 37 17 34 34 7 10 13 46 25 35 28 46 93 83 69 20 44 80 53 75 63 92 93 30 3 6 92 15 98 46 75 74 51 48 43 90 41 58 58 22 71 47 17 24 100 38 74 37 79 64 18 45 68 
72 87 80 8 77 66 34 99 66 28 39 58 21 67 27 96 100 81 34 41 61 55 89 35 76 49 32 31 18 39 5 62 27 38 14 12 92 52 2 62 45 47 7 43 89 65 85 38 45 13 85 79 19 73 51 42 33 69 84 19 55 54 90 68 72 94 94 98 13 0 98 80 18 66 22 22 100 65 72 18 29 27 57 89 5 21 32 48 53 82 81 92 3 26 82 90 45 59 56 59 34 36 82 92 37 53 68 94 96 46 56 3 22 82 1 35 78 31 59 54 10 60 49 92 24 22 19 48 31 25 64 82 6 65 97 51 18 64 8 21 44 87 24 68 50 56 26 99 17 81 26 89 2 42 22 54 14 51 0 79 80 51 72 43 32 63 76 31 56 43 
96 36 56 0 18 63 16 92 12 51 22 28 74 10 25 8 29 8 87 64 63 75 8 36 79 45 16 84 94 13 96 4 28 55 69 11 26 5 90 87 81 75 41 69 31 28 70 93 82 84 25 58 56 49 15 37 68 21 39 51 98 96 75 26 83 47 53 65 21 48 84 47 9 78 87 40 24 0 62 12 51 48 53 69 97 2 30 44 81 92 53 77 79 91 63 82 1 58 98 70 57 77 25 100 86 23 10 47 62 13 96 3 56 73 52 36 46 25 35 37 21 29 58 25 54 12 21 5 38 32 8 68 97 8 69 93 13 19 37 83 70 37 16 24 80 7 25 82 23 3 71 18 51 17 78 82 20 14 68 7 100 77 46 1 54 14 86 11 72 74 
19 12 89 46 13 80 7 42 65 6 85 57 6 83 65 26 39 65 50 44 68 44 80 54 58 79 100 81 80 97 39 80 35 96 10 42 49 24 49 87 65 33 37 46 18 41 93 88 68 43 1 5 95 26 20 93 22 88 16 54 31 54 12 77 31 61 78 94 2 9 74 54 100 70 68 45 54 19 95 75 2 73 80 6 80 73 17 41 52 88 63 56 37 61 93 5 63 71 12 59 8 47 3 73 28 70 40 9 44 43 15 53 52 13 67 52 61 54 63 34 39 66 98 10 80 50 38 41 62 6 55 24 4 3 71 100 93 84 72 74 58 66 6 37 54 92 6 99 11 18 51 8 3 13 15 70 78 73 85 66 22 34 20 70 86 17 19 31 1 80 
35 65 28 98 14 38 98 81 60 10 97 87 88 19 5 68 38 97 12 86 1 40 23 95 0 29 61 92 63 66 30 10 35 68 86 51 6 30 70 20 37 61 85 52 59 14 18 5 6 32 10 73 99 83 40 17 43 82 44 73 41 35 20 57 48 93 38 32 85 78 64 75 27 48 84 51 26 82 54 65 46 13 31 21 54 1 41 22 64 94 68 90 65 68 16 4 41 8 98 74 46 47 14 14 52 69 4 13 62 75 79 88 27 48 78 56 80 68 82 53 10 49 100 85 66 96 10 31 43 26 27 17 38 46 99 84 28 85 69 30 83 10 79 49 32 40 25 21 73 12 23 10 100 44 31 26 12 23 27 86 3 84 67 78 88 65 41 21 70 4 
21 91 21 51 31 92 25 39 82 57 57 95 19 79 64 68 92 58 19 25 22 82 82 44 20 72 5 60 84 50 66 21 38 5 73 13 74 7 18 94 3 65 22 19 99 6 57 85 50 26 32 35 85 97 59 93 0 87 37 11 25 26 32 3 60 7 61 81 11 23 79 73 36 32 11 63 11 32 79 79 88 6 30 61 92 97 56 84 69 93 84 14 24 7 13 39 99 10 12 0 11 7 35 12 83 24 46 9 30 51 95 4 95 34 22 78 35 74 59 52 53 91 26 68 72 73 6 53 17 41 7 33 53 52 15 58 41 95 91 81 28 42 16 42 13 77 31 93 16 48 42 7 93 27 88 12 7 43 27 50 13 22 55 68 55 7 57 17 94 1 
2 39 27 8 90 83 65 81 36 98 83 5 92 23 30 69 76 56 5 94 7 86 91 53 29 49 19 99 92 91 32 46 55 42 9 83 51 87 32 57 23 65 28 8 17 16 81 38 36 30 48 63 88 65 95 36 78 87 11 17 2 67 16 64 9 34 45 19 81 1 12 79 82 2 84 75 58 67 96 19 41 49 62 15 70 62 60 54 85 50 73 55 56 20 96 29 11 76 96 71 13 53 45 92 32 19 82 39 87 36 89 50 19 40 65 77 24 40 66 46 60 16 7 44 78 10 1 24 98 46 95 23 49 74 67 57 22 60 10 96 63 34 4 94 92 64 53 97 53 56 6 54 23 17 98 62 70 28 20 16 24 91 93 89 13 73 46 81 0 37 
25 0 82 6 84 23 57 73 89 64 97 8 99 32 80 55 84 60 16 12 35 72 28 92 68 84 38 21 49 23 79 98 24 10 37 71 30 55 48 92 19 39 19 79 72 25 98 80 78 73 66 7 25 16 52 30 14 81 36 48 38 84 87 55 55 23 48 68 19 73 10 7 55 5 21 74 91 62 19 45 84 70 71 82 85 71 18 42 67 26 67 74 21 50 62 50 36 30 66 19 68 14 4 80 17 59 97 5 91 10 70 29 80 95 22 52 74 75 21 0 48 90 60 91 31 23 65 15 57 25 100 72 89 55 13 16 77 63 74 46 18 37 15 5 63 83 34 44 100 29 77 6 2 18 61 41 42 93 4 55 37 16 77 72 60 9 88 22 45 96 
31 31 62 57 79 30 93 87 65 66 72 16 24 79 20 71 5 23 80 80 53 72 15 30 75 18 15 25 38 100 19 84 71 77 10 66 20 67 57 30 33 82 83 19 16 43 83 68 75 76 24 30 87 6 98 66 94 71 56 20 23 62 88 44 48 22 90 5 61 73 30 37 89 77 23 69 94 6 15 75 51 30 45 49 60 54 1 39 96 17 41 81 16 79 66 74 92 40 20 59 90 97 68 83 50 30 96 50 74 24 95 40 54 30 10 71 49 40 28 32 21 40 29 8 90 41 67 15 72 97 66 69 71 72 82 91 6 56 79 1 45 87 41 16 42 52 66 60 57 3 1 6 15 2 75 85 64 15 96 39 23 0 63 3 47 46 86 0 59 31 
18 94 8 36 55 67 81 58 18 75 96 62 64 26 7 31 75 19 51 52 92 25 72 85 94 63 71 90 54 34 3 100 79 69 44 84 99 5 20 22 25 88 84 51 20 21 59 21 54 12 41 98 21 54 69 79 4 73 26 9 23 87 56 55 24 22 60 64 26 89 8 76 55 92 74 45 89 18 9 66 69 26 96 79 63 52 40 50 38 95 3 16 40 92 18 53 35 59 33 48 10 9 14 61 88 97 49 76 60 25 90 28 95 89 88 80 75 24 83 43 96 71 27 52 16 87 50 24 74 8 42 86 31 90 45 52 55 79 66 59 11 18 34 31 2 3 78 10 22 8 52 46 31 23 46 79 88 8 93 80 58 16 64 50 62 72 76 22 31 99 
28 56 69 66 3 25 27 17 91 85 7 54 11 80 69 74 57 71 63 70 54 74 75 73 20 1 66 25 68 64 0 100 15 36 18 13 99 45 0 52 45 71 73 11 90 63 70 93 79 15 66 4 72 78 85 60 56 30 7 47 86 15 21 11 0 86 22 12 67 75 71 49 86 53 100 52 32 91 24 56 75 10 88 90 2 60 22 35 99 44 8 86 2 61 96 50 45 45 23 66 14 9 52 74 25 91 14 15 9 87 27 88 14 70 31 30 26 7 80 5 94 70 81 69 88 9 65 58 53 34 85 17 100 62 33 94 18 71 84 21 66 27 66 26 30 46 17 51 59 97 57 78 28 51 41 6 55 62 69 17 2 21 82 51 11 11 49 12 46 46 
82 60 33 75 67 42 0 40 16 84 18 77 17 86 53 57 13 60 85 97 20 9 31 43 51 10 13 3 16 28 55 6 76 83 76 16 71 92 96 98 23 45 85 12 27 26 18 36 18 26 71 22 39 99 6 77 31 4 60 70 58 10 45 55 60 15 76 6 45 92 34 24 54 63 83 38 77 10 62 56 11 38 62 79 52 96 42 41 3 21 83 81 33 12 59 8 97 36 23 67 97 40 41 53 72 31 75 56 56 19 88 7 79 37 6 55 3 98 38 0 83 92 85 100 16 26 11 67 98 23 1 29 3 20 54 9 79 64 37 3 21 77 10 95 1 32 26 67 17 96 71 8 23 94 11 36 94 6 68 7 29 68 33 30 84 83 35 27 64 32 
99 43 65 93 45 10 4 64 70 69 17 56 60 6 88 20 54 0 86 3 78 39 5 53 94 15 91 71 93 34 50 52 51 47 19 91 51 3 89 96 65 49 6 47 64 31 87 24 86 88 9 94 96 31 95 57 18 1 92 49 72 26 98 61 27 63 66 72 19 24 43 74 98 84 11 38 53 76 45 98 85 94 88 16 70 100 66 51 62 92 87 24 90 58 28 75 94 55 35 97 74 35 94 7 29 54 39 23 91 55 99 18 42 91 87 100 69 18 11 78 90 34 73 95 6 91 27 45 12 44 68 80 8 86 18 89 58 52 18 4 40 99 68 86 65 20 93 98 55 92 65 100 14 54 63 43 9 27 88 9 85 91 67 49 69 46 47 20 96 77 
56 5 82 19 52 54 1 53 17 36 16 71 83 21 11 80 22 70 18 64 30 12 1 15 16 22 96 32 19 69 83 87 9 27 14 56 81 39 24 34 94 4 100 30 24 28 1 67 15 71 64 69 99 11 58 35 52 67 65 37 91 57 76 43 93 43 77 1 72 48 87 22 87 66 74 82 58 39 11 14 57 76 37 99 74 92 64 44 22 11 79 17 75 82 19 77 76 56 33 71 32 96 49 74 6 33 43 9 71 40 14 30 93 72 11 20 15 89 98 71 55 37 60 72 72 98 53 3 95 48 7 87 61 22 39 8 51 5 14 96 50 27 48 28 61 70 74 12 49 2 61 36 2 66 72 10 36 13 13 22 24 54 62 34 16 4 0 71 43 37 
9 65 83 14 31 93 1 98 52 38 89 44 28 85 83 39 57 90 30 53 92 16 60 28 94 29 30 96 28 64 11 58 33 47 100 41 48 81 98 26 20 51 93 83 29 98 6 54 63 39 52 0 51 76 99 79 79 52 65 36 32 45 3 42 19 77 87 58 83 13 7 56 86 2 42 90 14 74 42 47 37 30 72 35 7 27 77 35 94 37 69 30 64 15 48 97 42 95 36 47 41 4 46 81 89 39 69 30 83 62 15 98 71 53 85 77 71 50 14 28 15 50 90 57 3 12 3 7 27 38 53 16 48 74 34 72 80 48 5 67 34 76 5 88 0 82 0 84 55 49 97 26 93 85 24 48 85 47 32 16 65 74 81 39 29 89 79 26 5 96 
92 96 0 86 54 1 51 24 41 87 25 19 59 80 56 38 70 44 49 74 15 38 97 56 42 26 63 39 32 44 43 63 45 99 47 11 43 17 43 46 89 55 59 96 50 99 7 94 53 78 26 57 63 35 0 97 60 88 27 47 28 81 96 89 90 7 22 11 25 32 74 92 54 80 7 24 57 39 13 3 85 40 62 87 88 22 52 16 27 75 6 7 11 17 15 76 14 7 13 90 62 9 19 93 1 69 54 85 61 77 82 30 93 56 12 43 62 43 28 40 95 52 94 8 3 78 6 69 47 87 95 97 29 31 96 41 58 20 5 29 57 53 98 55 83 53 1 50 89 80 71 13 12 79 96 19 94 92 80 74 88 43 31 31 33 33 59 70 61 80 
95 44 66 55 61 10 43 46 96 28 95 56 87 20 72 23 82 14 60 65 2 72 4 34 10 14 57 91 29 8 47 8 36 65 69 70 86 19 84 28 43 49 40 28 65 6 50 29 96 4 68 62 20 47 24 82 95 30 77 66 92 41 21 18 68 11 69 66 51 9 53 54 65 21 90 14 58 0 2 0 72 33 33 11 69 23 37 18 67 65 2 45 59 99 25 82 8 32 71 51 26 36 45 54 16 69 27 52 13 30 13 67 98 14 29 20 7 62 41 90 33 100 99 51 67 75 24 1 17 47 52 82 68 61 85 82 70 36 26 31 46 38 88 41 34 100 55 32 12 79 57 69 90 82 69 36 4 48 81 84 60 45 43 38 48 34 7 34 23 74 
53 97 76 64 83 33 78 13 7 30 45 60 1 26 58 31 23 26 13 84 43 82 24 72 78 21 57 48 96 36 52 58 96 25 1 16 60 17 95 25 0 19 85 93 52 29 16 40 81 50 48 34 28 81 50 58 58 72 4 34 38 25 91 44 1 93 2 95 1 91 28 54 14 85 31 19 96 69 79 83 73 16 16 96 14 35 17 75 43 95 79 6 20 99 75 7 26 72 39 0 12 44 37 15 33 68 17 95 51 7 69 14 3 88 78 33 58 35 54 60 21 31 28 71 1 63 35 69 14 62 86 78 77 37 53 17 9 27 68 46 80 40 95 72 54 15 17 51 2 46 79 70 97 57 9 24 5 97 39 90 30 79 60 71 94 84 10 93 76 42 
90 65 10 24 20 54 56 74 76 45 68 22 50 48 75 80 100 17 36 80 80 12 3 20 34 43 41 1 7 56 15 17 99 92 80 4 75 50 82 38 50 90 89 41 95 81 100 34 88 27 54 43 24 88 6 17 38 95 70 1 19 5 15 26 69 20 73 67 70 80 78 72 32 66 18 67 82 67 7 75 65 89 1 15 10 86 33 69 51 24 24 97 94 58 98 26 72 8 18 25 54 26 63 86 64 35 71 36 32 94 24 99 79 74 57 54 54 18 85 91 81 65 45 28 65 47 64 86 39 18 9 64 65 14 37 43 42 73 6 67 81 77 40 27 57 83 26 87 77 34 36 49 45 63 49 36 33 23 62 47 66 12 81 37 12 1 36 81 25 4 
3 83 39 58 38 76 85 74 58 85 35 68 64 81 44 56 78 91 46 61 59 22 21 34 41 6 97 92 33 74 47 51 97 43 84 12 61 72 76 61 74 79 84 92 99 81 59 75 66 61 81 58 65 52 78 62 30 65 56 93 80 92 55 79 3 76 40 16 68 57 16 85 79 61 1 54 17 56 60 82 8 3 34 7 15 96 10 35 83 41 67 16 32 99 26 12 48 24 75 11 32 21 51 43 15 8 88 26 63 50 16 36 49 18 92 16 31 83 36 28 32 49 93 67 75 8 94 40 58 78 79 45 29 29 100 83 15 67 43 87 90 19 73 86 70 89 2 28 52 81 50 41 74 61 65 28 43 23 13 57 40 16 77 52 63 2 82 99 60 81 
38 35 11 68 89 8 93 10 30 28 39 12 71 70 55 1 14 66 56 17 50 86 9 89 100 54 37 44 49 54 47 62 51 95 18 7 52 58 91 43 53 44 15 76 65 29 63 90 33 36 83 35 34 84 17 53 27 33 62 5 14 50 57 86 25 73 21 30 87 32 88 39 79 13 24 65 40 52 66 80 29 50 38 80 43 60 97 55 76 38 89 42 54 19 12 25 66 68 51 23 22 47 60 99 59 1 29 95 17 57 62 34 61 19 62 30 89 89 7 36 32 24 84 34 23 15 35 33 57 54 61 79 40 19 67 52 28 75 18 47 17 79 19 75 64 61 42 87 50 93 26 55 94 8 5 14 56 21 95 61 61 3 92 76 63 33 84 70 84 12 
25 2 89 48 17 63 11 5 89 47 12 31 44 17 19 18 25 40 52 11 77 61 3 95 90 88 34 58 82 64 45 16 74 66 22 45 28 52 54 70 90 52 94 90 28 63 52 47 85 45 27 49 9 92 49 56 31 7 68 9 93 95 69 90 96 0 88 94 86 11 64 75 74 74 94 87 13 38 64 59 43 75 7 91 84 38 37 66 32 37 69 43 18 12 51 55 72 10 78 100 32 25 58 9 35 84 96 73 43 78 81 39 2 51 1 13 24 93 67 8 66 6 13 32 78 32 2 19 30 67 46 28 81 96 22 60 1 5 89 57 74 84 40 41 38 58 49 86 11 75 9 76 48 30 98 66 16 63 41 98 31 29 9 74 25 81 66 88 77 96 
44 74 5 12 4 81 9 71 7 8 59 53 57 24 75 65 99 53 69 89 31 63 45 78 40 0 1 56 28 3 53 50 100 61 68 6 85 19 30 8 12 23 61 52 59 71 53 51 97 34 25 12 41 69 89 77 13 1 59 70 87 59 56 12 55 34 16 71 12 84 49 25 18 2 66 44 9 82 39 33 36 93 53 24 75 24 99 23 62 6 3 79 79 7 88 72 29 20 98 67 18 83 50 95 83 49 97 13 26 40 24 0 86 87 4 75 18 36 59 63 37 89 37 23 48 38 47 78 78 88 51 19 19 11 82 12 3 51 54 94 22 71 89 98 6 72 45 18 71 71 18 7 49 69 68 82 64 99 27 86 23 84 35 2 89 48 8 83 17 37 
17 5 74 12 58 88 65 38 68 98 95 87 49 30 82 68 83 83 23 56 31 54 53 70 85 27 93 22 32 30 43 17 9 3 49 94 12 92 91 12 27 21 51 36 26 66 25 63 76 97 57 89 78 80 44 51 9 24 17 46 9 22 48 23 18 56 74 2 9 20 47 73 78 62 94 97 67 28 48 17 92 91 71 23 33 5 48 40 13 72 74 67 16 79 10 67 5 68 29 89 26 79 89 37 39 66 69 42 9 9 63 68 64 75 56 70 97 17 39 55 51 97 55 53 31 41 43 52 76 51 14 14 60 19 82 93 77 45 92 89 99 32 72 58 64 38 16 36 58 13 41 41 0 89 96 56 76 20 37 36 56 26 71 79 26 62 66 17 26 51 
60 85 11 55 45 65 38 49 23 42 36 8 38 5 10 88 65 92 42 97 13 90 87 41 36 34 6 78 50 49 88 79 50 40 84 49 67 17 87 22 100 4 34 78 70 99 63 65 55 62 11 0 100 84 60 21 54 39 8 68 46 59 88 78 84 58 33 100 58 21 89 0 87 30 11 100 87 33 21 93 54 99 53 7 21 47 96 93 27 5 67 40 46 7 41 23 0 29 30 49 9 50 53 92 44 54 64 42 75 20 15 91 36 26 99 79 73 83 86 98 75 9 74 13 23 41 60 70 76 50 73 91 93 27 47 73 45 74 17 80 61 63 73 9 27 57 39 43 54 27 8 79 47 67 53 91 65 97 9 29 65 76 72 42 38 47 66 60 97 92 
18 35 35 66 46 62 36 12 65 10 90 23 34 12 22 62 76 25 74 92 88 95 93 50 18 92 76 4 96 30 82 86 51 88 90 96 31 83 48 31 70 69 68 62 20 96 25 90 55 39 25 87 36 61 0 71 8 40 20 97 29 83 15 93 18 13 47 59 10 46 2 8 7 8 1 40 76 51 33 4 49 53 47 31 27 22 46 56 29 92 73 25 20 23 37 39 79 96 20 24 7 64 99 37 68 32 62 87 47 86 77 83 73 11 74 57 37 95 93 50 30 7 76 85 24 48 22 30 83 41 42 79 59 78 32 64 82 2 60 57 83 80 31 89 61 99 33 59 16 41 66 31 82 22 81 5 72 23 3 42 65 28 100 3 80 65 89 3 62 9 
9 97 29 49 82 99 75 3 13 54 51 16 55 21 66 99 92 15 44 44 58 12 21 65 32 52 81 71 26 86 61 49 100 31 9 6 40 30 55 17 79 79 56 62 9 96 89 40 62 92 100 92 44 35 97 33 82 76 81 85 57 88 81 87 6 29 38 36 14 51 70 69 19 37 11 62 75 69 20 37 100 68 12 39 53 78 20 100 52 62 72 54 2 38 5 9 93 54 23 36 42 97 89 62 90 53 91 56 19 68 20 72 20 91 54 1 48 81 36 50 71 0 22 28 23 42 14 77 39 86 2 62 55 97 67 27 64 91 23 57 65 55 88 15 43 2 22 16 35 50 46 3 55 63 92 100 49 62 80 35 87 94 24 99 41 20 0 24 18 71 
71 3 10 28 36 76 27 43 96 0 93 54 43 100 13 38 34 14 84 92 4 84 67 100 14 70 83 2 46 15 67 25 47 62 79 49 48 41 18 25 9 60 62 3 85 59 23 44 61 10 95 30 87 8 29 41 59 35 29 24 42 16 13 32 62 24 5 0 37 19 100 62 81 73 69 51 43 99 88 71 78 29 76 41 73 23 64 48 59 14 48 93 25 72 99 64 81 100 87 35 88 44 63 28 6 76 35 39 58 48 3 81 70 70 3 18 44 94 15 60 76 62 8 97 67 59 94 0 8 63 66 67 37 69 85 29 37 39 5 2 45 94 37 31 79 85 28 36 13 45 74 61 8 52 28 5 7 39 75 67 9 18 3 93 77 6 51 5 100 97 
30 96 81 42 66 82 46 89 30 74 31 87 4 35 49 83 9 51 62 44 58 68 53 29 7 66 52 59 28 69 39 54 20 3 47 63 94 92 43 69 71 32 61 87 77 93 20 98 98 64 68 81 15 65 35 78 26 53 46 51 96 30 26 49 21 63 36 33 79 92 100 92 50 87 17 71 17 5 71 14 89 0 38 86 1 88 53 63 24 1 65 63 0 95 42 69 4 60 44 81 4 32 84 69 50 98 31 94 74 62 35 91 1 89 83 18 94 71 35 24 99 21 70 10 94 85 27 84 2 58 57 62 10 3 37 63 22 59 88 15 28 40 78 45 85 89 96 52 100 48 89 26 19 85 50 26 13 52 49 87 14 63 49 71 17 7 5 81 6 24 
0 78 53 70 92 77 47 85 37 66 22 31 35 59 64 17 24 85 53 12 69 88 27 31 73 85 64 2 82 36 15 70 9 33 25 0 51 46 52 56 69 31 58 53 8 70 39 39 57 86 93 59 98 47 60 65 99 46 19 7 76 7 32 29 54 28 5 6 5 73 44 94 36 97 92 20 32 96 29 20 50 72 92 96 67 38 8 82 81 99 96 64 24 36 99 74 23 30 31 15 77 1 91 62 2 56 33 76 57 85 42 76 13 55 80 16 50 91 28 50 48 21 61 22 27 85 27 37 43 72 88 43 49 1 21 25 47 54 67 38 88 1 91 87 73 33 81 65 83 64 16 65 71 61 60 38 32 66 23 95 50 20 59 45 82 96 38 69 34 60 
75 52 27 53 34 2 5 19 94 62 86 96 51 2 53 92 47 68 97 97 90 29 17 11 88 64 24 67 51 32 66 60 75 82 70 6 17 79 11 28 34 98 93 64 23 75 91 51 40 17 22 40 49 8 18 8 71 84 49 74 41 28 83 63 0 33 97 80 4 86 70 57 10 6 5 98 17 12 35 24 42 100 51 86 61 45 28 39 93 64 8 20 6 53 80 57 19 93 55 92 64 77 15 53 9 18 81 21 18 86 28 35 13 89 8 22 56 2 90 51 37 91 100 78 39 34 67 100 100 45 36 58 69 51 57 85 31 47 97 26 36 39 75 58 31 26 75 44 88 90 73 52 59 100 59 40 76 20 34 92 51 62 49 19 92 1 78 61 21 61 
48 70 9 7 88 72 22 52 11 99 44 3 35 35 30 33 20 15 27 8 82 54 75 45 27 56 16 89 17 17 36 94 70 86 52 52 59 47 87 99 39 60 36 83 88 18 71 14 1 92 52 74 66 82 2 82 67 63 97 63 25 34 70 99 84 70 29 46 64 9 90 3 78 1 33 5 28 14 80 25 69 69 26 10 34 95 41 32 5 96 25 19 77 88 4 42 3 34 93 7 11 58 90 66 21 64 47 96 83 20 80 5 25 1 43 61 26 47 35 13 99 14 51 80 31 66 87 73 52 29 41 69 68 49 15 17 48 93 2 58 26 23 86 10 26 45 98 15 87 92 83 33 41 80 8 0 83 74 80 45 99 1 21 38 37 70 16 92 19 81 
75 46 45 62 38 41 39 93 83 45 87 75 20 95 6 63 96 90 48 84 62 9 93 94 51 94 21 86 41 52 33 5 24 0 20 52 75 13 40 30 98 86 22 88 98 98 69 86 87 2 94 98 43 8 91 56 89 45 69 66 92 13 2 39 30 30 78 76 84 95 93 1 74 35 16 51 51 61 7 33 62 50 9 19 23 36 86 0 63 82 1 79 97 14 62 84 68 82 68 14 60 84 43 40 88 80 85 99 62 67 26 35 1 63 20 28 83 39 42 69 20 42 93 63 0 54 54 30 65 48 58 14 1 61 69 15 18 66 66 16 39 43 24 32 26 96 64 67 13 76 97 51 74 20 74 7 77 75 32 17 77 49 44 17 52 12 96 38 17 27 
97 62 7 83 32 3 14 89 36 38 9 41 14 68 37 90 8 11 8 26 51 36 46 38 91 38 86 74 82 9 72 12 35 1 8 89 40 49 76 32 49 41 96 50 17 45 92 20 87 69 51 54 43 87 38 23 93 7 38 16 98 77 40 8 76 11 69 75 5 54 35 75 49 22 30 66 70 74 47 73 52 28 97 6 88 16 26 47 98 78 51 37 86 12 97 17 54 43 74 2 71 18 14 23 17 94 23 3 36 85 28 73 61 49 64 17 62 74 71 57 69 90 89 18 93 66 46 30 73 30 94 7 24 26 0 89 92 55 24 43 28 51 10 32 96 46 59 80 3 59 58 10 56 63 3 12 77 10 97 78 60 29 37 73 39 58 26 29 50 36 
65 55 89 67 43 32 65 64 4 23 53 49 75 65 56 28 77 50 67 93 81 85 93 67 66 67 34 19 36 30 6 72 39 23 82 72 48 14 43 100 47 67 46 82 30 16 32 39 95 78 37 15 38 93 4 54 37 14 52 19 30 71 80 57 55 86 70 85 78 75 78 67 21 62 7 2 9 6 31 45 14 63 3 42 81 38 63 99 66 47 2 81 13 93 79 65 45 30 15 78 58 36 32 7 14 8 68 2 91 61 74 93 34 39 42 34 17 4 55 83 59 64 86 53 46 82 45 27 10 39 75 16 3 66 12 52 81 76 74 35 31 62 37 29 83 41 43 44 5 40 53 23 26 0 36 33 15 68 0 38 46 66 55 16 50 68 26 33 36 84 
35 53 9 1 73 25 57 64 6 61 54 54 21 51 92 73 74 11 73 20 81 99 87 28 80 30 28 36 35 97 93 14 70 10 33 40 10 100 62 63 65 35 42 58 41 7 13 37 7 58 44 88 81 64 0 4 84 96 72 24 83 15 10 32 98 35 6 69 68 80 15 2 72 38 99 5 66 42 100 57 2 24 88 8 87 85 4 26 86 24 15 57 74 76 47 58 77 79 39 64 50 57 94 52 93 94 40 70 100 46 35 51 64 8 81 75 63 5 10 43 48 87 39 80 49 1 26 57 95 28 76 28 6 87 32 75 29 67 33 73 98 71 82 61 40 53 71 43 75 70 8 64 87 15 24 87 84 45 13 47 27 36 51 24 39 42 20 95 46 17 
35 97 20 40 11 38 19 63 13 12 10 13 96 87 62 36 43 4 42 62 1 43 4 6 56 62 65 39 84 22 19 43 51 20 75 25 66 71 71 52 36 13 12 16 47 2 36 97 91 73 48 70 55 74 76 79 67 77 91 53 93 64 31 60 14 7 53 8 70 80 51 91 18 59 23 58 35 19 27 92 82 54 74 68 97 73 65 7 33 85 55 71 11 5 56 60 95 4 80 51 5 52 9 21 78 8 78 70 58 11 55 68 34 25 19 1 77 37 21 30 40 100 54 33 1 35 26 43 86 19 96 3 70 50 9 82 79 46 80 30 85 76 81 18 56 81 38 8 100 82 48 0 90 52 86 46 97 83 11 78 32 54 79 89 51 5 74 73 40 85 
9 6 44 21 92 60 56 63 72 71 83 12 54 87 76 24 16 81 62 66 17 93 36 84 100 15 59 15 8 53 42 28 12 77 19 63 75 50 36 45 67 40 71 84 31 22 71 84 24 87 33 10 61 8 0 26 11 24 84 100 98 81 88 24 95 58 60 42 81 92 97 89 36 74 67 0 27 70 27 57 74 24 26 88 42 99 94 30 65 45 61 8 21 27 62 35 90 16 86 20 75 46 87 29 58 41 60 34 75 95 67 75 54 32 86 33 94 46 79 3 66 53 2 60 5 34 52 26 44 54 23 100 44 55 39 64 25 64 93 41 63 41 9 22 15 73 65 13 31 27 28 95 97 53 34 64 5 44 16 66 13 94 83 6 17 37 2 70 38 70 
31 7 6 18 71 30 4 79 29 82 50 23 55 69 41 99 7 86 29 40 43 32 83 16 67 98 1 100 11 38 97 37 83 32 69 43 21 93 31 55 20 67 54 29 63 53 33 23 1 88 10 83 74 23 26 84 50 92 94 81 70 85 53 71 87 81 96 59 61 70 17 83 32 61 17 23 64 72 45 55 25 63 2 58 98 47 33 9 57 75 20 11 84 82 6 98 7 3 75 60 15 44 100 100 6 77 92 99 56 82 80 62 72 21 55 59 95 74 48 89 24 66 43 5 58 57 97 66 38 66 71 2 17 30 82 10 98 18 72 80 23 97 96 19 2 45 28 19 46 64 39 30 69 82 84 84 4 90 73 98 67 64 18 89 91 50 35 25 42 48 
11 99 0 44 16 45 27 65 22 13 61 94 94 0 47 55 61 90 49 64 47 82 90 89 93 60 99 31 83 44 11 57 12 67 29 83 74 72 66 93 35 17 64 18 100 12 100 52 45 75 48 31 25 74 13 45 85 1 27 69 95 11 9 5 98 28 94 84 70 35 55 26 17 84 50 31 88 33 43 38 19 79 97 48 96 14 54 57 24 64 91 55 91 92 78 85 77 78 76 34 25 84 28 7 98 13 98 63 65 71 54 0 39 51 39 87 28 86 37 95 76 53 29 86 56 79 27 85 77 91 79 76 80 21 5 15 96 93 63 1 51 51 63 30 42 74 39 38 14 77 45 51 74 53 1 59 33 95 24 74 64 18 25 88 78 47 43 87 95 23 
96 48 1 47 28 43 47 68 99 80 84 96 88 49 32 7 7 57 33 52 80 81 56 0 2 76 18 75 70 7 79 55 75 47 55 39 7 60 48 26 93 54 52 4 50 35 3 95 27 90 96 33 33 81 15 41 28 77 6 28 60 67 97 78 85 48 82 36 61 44 8 97 40 16 65 22 5 58 57 69 30 18 35 42 90 63 29 98 91 39 38 51 63 77 10 46 19 26 57 39 8 73 14 11 46 27 9 19 47 19 71 87 100 77 48 16 12 16 44 5 52 89 37 0 21 49 40 89 15 76 57 13 49 70 42 79 36 68 49 31 87 48 75 58 18 13 11 9 92 91 87 30 87 88 27 36 49 61 46 64 96 8 27 46 20 62 16 37 55 81 
78 20 70 0 30 12 47 8 33 62 69 99 39 12 6 39 52 72 82 24 90 64 76 72 48 83 63 93 90 69 48 55 80 82 42 39 91 4 42 40 25 62 21 19 46 31 3 32 39 79 65 66 32 20 99 20 68 92 28 79 95 57 8 39 86 40 85 58 74 31 30 31 60 78 73 7 73 65 9 52 27 46 98 17 1 98 63 26 57 82 23 96 70 6 24 67 84 57 58 19 25 97 25 22 48 62 54 1 55 27 17 88 45 28 70 29 27 66 52 15 50 37 94 34 67 99 39 21 77 85 19 53 53 6 35 13 30 10 80 66 83 46 74 62 75 35 66 21 27 94 23 61 30 71 63 42 32 56 97 54 82 77 13 64 48 59 11 80 33 7 
96 13 29 45 66 55 96 67 26 76 42 33 95 41 59 42 95 27 40 35 10 51 37 1 21 32 53 56 20 44 97 29 40 77 92 1 48 8 60 74 12 94 36 39 24 3 90 2 13 69 75 28 7 28 94 7 8 43 3 48 14 96 69 47 91 28 88 92 66 44 4 89 12 65 80 39 59 88 31 98 52 68 89 43 59 73 25 58 64 75 77 32 51 38 42 45 46 69 37 47 69 13 38 64 37 26 6 22 53 99 31 68 16 75 0 10 88 58 5 11 65 0 75 67 32 34 63 49 7 4 66 49 98 60 57 62 32 94 91 84 31 95 93 52 8 11 72 94 65 76 22 79 11 52 13 45 37 25 93 83 39 14 98 30 49 91 36 22 45 57 
