90
90
8 80 53 49 6 99 49 11 21 62 92 52 56 34 0 66 66 23 11 27 9 49 86 30 62 68 4 50 73 2 72 23 93 19 33 44 81 79 21 46 36 62 52 64 7 85 95 20 70 74 2 70 49 43 78 38 42 5 95 88 99 78 98 23 6 89 84 73 91 27 87 16 95 72 13 81 49 5 12 29 20 71 36 48 5 24 70 10 56 17 
86 44 95 96 86 52 76 14 52 62 24 56 88 44 45 89 91 51 4 1 96 34 31 57 35 74 69 69 23 0 32 7 8 34 61 68 59 23 47 5 77 59 52 60 8 29 15 64 95 100 3 24 5 30 65 42 33 70 28 21 12 8 4 4 50 54 52 39 10 27 22 95 77 32 86 7 61 49 19 45 43 7 62 10 4 7 42 19 76 65 
27 7 60 19 99 21 2 27 79 24 52 85 66 67 44 6 22 0 26 11 34 14 96 69 43 59 20 4 57 72 98 43 37 23 43 49 24 8 59 95 93 75 87 52 39 98 94 99 50 4 16 13 70 94 78 55 51 20 69 50 0 5 98 64 37 67 92 5 45 71 38 6 29 31 34 34 19 76 47 12 19 78 39 64 42 6 21 91 87 38 
86 68 54 50 67 56 2 62 76 51 58 11 95 75 58 32 72 46 32 42 85 6 33 78 69 49 48 84 80 72 12 7 34 47 97 46 89 0 28 82 98 71 87 37 4 23 26 55 17 9 81 51 96 84 21 14 88 41 8 57 53 55 70 33 25 5 52 87 3 63 100 38 19 57 53 58 86 18 51 85 89 8 53 98 45 40 37 53 52 91 
59 4 59 14 100 37 3 6 56 16 53 38 81 100 59 80 6 29 47 9 98 46 75 32 10 59 38 7 30 26 6 68 97 78 95 17 4 6 6 79 31 60 91 75 46 63 36 39 49 95 82 0 42 57 80 57 49 45 38 17 15 52 1 93 64 17 84 67 18 62 21 49 38 12 53 77 24 38 6 39 36 55 78 5 8 44 23 46 44 42 
83 54 33 51 76 76 47 78 71 83 69 100 3 47 64 96 82 37 15 92 57 19 23 2 71 74 93 15 85 94 79 52 79 97 0 23 73 92 44 87 56 65 59 69 79 13 100 30 98 28 97 61 88 27 15 23 30 56 19 47 14 92 1 99 44 62 13 23 1 35 57 49 19 13 81 59 55 39 25 72 62 13 82 97 91 7 53 68 66 44 
97 76 89 9 49 55 15 96 47 74 37 42 21 75 17 11 46 61 75 32 80 26 14 37 71 56 90 83 86 70 94 95 63 47 41 74 65 80 95 92 28 32 75 26 71 50 34 67 76 21 19 51 92 95 38 42 9 52 10 86 3 20 17 81 43 7 51 32 98 82 100 85 28 20 20 21 58 76 84 87 14 83 21 23 25 65 76 32 55 61 
22 5 43 13 54 9 1 50 3 25 5 11 41 14 1 22 75 44 76 81 77 68 62 42 47 49 87 11 9 3 81 10 41 95 63 41 77 11 51 90 5 77 41 69 2 28 63 10 73 68 57 86 24 11 100 62 35 52 62 3 78 21 92 97 2 43 16 81 53 55 80 44 28 79 30 96 14 23 94 77 20 28 19 5 34 88 73 43 6 60 
10 67 73 58 37 98 51 47 64 7 31 85 67 86 74 73 41 86 87 25 58 9 54 59 59 3 72 59 86 61 2 18 77 25 34 52 90 61 0 90 10 29 95 10 88 68 47 47 67 83 84 37 3 23 51 37 41 53 68 9 36 24 11 48 83 78 8 47 98 67 64 53 3 30 54 77 98 17 78 9 35 64 89 38 60 16 58 2 90 99 
97 30 96 43 95 81 50 61 40 7 22 98 79 46 49 85 38 2 81 70 55 7 31 76 99 73 8 42 22 58 77 16 14 36 31 83 48 82 16 69 20 32 24 81 94 3 80 68 4 34 81 95 11 35 36 60 67 91 67 5 25 13 10 69 75 94 2 70 0 39 90 50 47 10 14 95 41 34 96 79 82 19 8 72 14 41 24 93 37 88 
87 37 72 75 39 50 51 43 73 22 11 55 7 63 99 44 23 3 41 6 44 45 98 69 44 7 65 22 18 46 66 25 44 22 45 31 69 21 43 23 28 90 88 9 20 58 90 93 15 85 84 71 36 3 30 98 4 63 59 2 82 73 55 85 57 33 14 51 85 45 27 5 67 63 14 54 54 9 86 84 85 39 99 66 40 36 18 92 42 5 
25 81 58 79 62 13 30 91 84 98 49 23 56 67 45 61 76 44 7 41 4 34 5 43 92 65 2 18 2 64 3 61 33 74 95 77 1 26 85 73 48 56 39 66 17 80 83 14 78 48 47 76 41 60 27 65 13 88 51 87 92 100 55 3 76 13 38 44 86 21 84 65 8 1 21 86 20 86 29 38 82 52 45 37 38 4 5 63 79 77 
14 78 6 69 69 73 53 63 89 27 89 19 95 100 65 65 48 45 47 21 92 52 54 52 59 32 22 7 6 42 84 87 43 72 89 54 55 29 56 9 37 8 0 53 88 66 20 78 81 94 33 84 71 90 92 96 2 29 9 86 14 33 87 64 42 28 22 72 65 44 54 43 98 7 81 82 66 0 76 52 52 28 3 38 74 62 50 92 74 68 
14 87 13 48 78 34 60 45 35 53 22 81 21 30 16 19 95 98 98 3 94 33 97 65 87 93 35 45 64 28 39 15 4 37 20 18 28 70 92 82 6 59 51 49 39 64 2 100 81 28 32 66 24 42 83 66 37 6 70 20 15 54 83 93 61 98 15 7 34 14 33 23 34 69 46 5 78 82 86 32 61 73 60 53 93 52 98 16 80 52 
3 62 12 24 45 64 15 36 59 68 63 12 47 61 26 58 22 91 12 27 27 59 4 62 85 34 76 21 55 17 5 52 33 13 89 28 56 21 48 58 11 30 58 61 19 39 47 21 7 64 72 38 13 32 77 65 12 17 3 90 23 73 37 8 67 39 96 81 3 100 58 100 30 77 21 24 29 39 78 15 10 69 75 15 76 65 61 1 87 56 
7 17 0 63 14 85 0 75 94 29 50 96 76 71 25 9 7 72 7 23 30 37 89 22 25 40 8 6 13 78 34 34 68 22 25 92 22 100 65 6 84 36 67 46 16 98 82 10 38 56 50 67 34 58 64 1 5 79 40 89 41 93 87 91 28 57 30 66 74 91 31 45 6 14 89 72 55 98 92 10 65 80 86 8 42 76 87 96 28 62 
58 98 12 95 12 67 19 90 56 14 47 46 47 13 33 22 19 6 20 56 39 71 7 88 96 100 46 73 34 80 65 44 41 18 31 66 60 31 59 70 55 32 6 84 19 92 3 98 1 98 49 90 83 53 42 78 5 34 40 95 45 72 67 88 12 78 61 57 12 52 13 43 20 85 37 47 3 44 69 1 28 27 25 73 97 84 70 77 13 56 
65 28 41 21 75 87 22 3 69 0 27 42 52 62 97 1 65 33 100 55 43 59 46 0 71 81 81 17 5 10 52 12 17 2 83 23 33 60 78 57 74 78 4 43 4 41 35 51 30 89 90 85 53 18 89 92 25 22 54 84 84 62 63 4 59 41 1 52 91 26 88 27 100 8 52 36 9 83 96 6 95 62 41 47 100 68 46 57 54 75 
90 3 11 98 56 93 1 3 59 83 19 8 76 96 52 83 22 91 95 84 76 100 52 54 8 93 21 72 96 55 89 31 61 31 80 63 60 52 64 67 38 9 60 73 67 82 10 49 13 4 23 36 31 91 45 48 22 70 19 56 99 95 73 25 24 32 68 81 20 63 83 64 61 76 19 57 67 55 88 25 92 57 57 68 41 90 11 10 91 61 
82 69 61 53 69 9 73 1 42 45 5 43 59 5 50 96 28 29 14 43 48 16 77 60 98 78 46 93 8 69 66 23 15 65 42 36 2 15 100 36 28 39 0 61 47 68 49 16 57 40 58 8 39 48 27 31 39 97 4 50 19 84 10 0 96 1 1 2 65 75 21 13 93 99 42 88 13 24 74 72 52 69 90 59 24 20 71 98 76 97 
88 40 15 29 50 38 43 19 82 33 83 76 35 22 96 70 57 47 73 17 50 51 37 96 25 46 36 100 7 41 58 65 78 83 4 41 68 85 47 78 9 3 70 67 58 83 21 15 52 91 63 6 41 75 69 43 51 29 56 52 49 30 85 31 7 96 62 22 65 16 62 75 36 4 33 12 25 17 63 71 74 39 93 17 94 90 38 37 40 43 
26 27 37 34 55 83 70 74 6 43 64 85 98 27 55 89 83 44 44 9 88 99 49 19 93 55 92 51 92 64 74 64 70 7 31 84 90 15 97 17 69 87 1 100 2 91 80 69 90 33 10 62 78 84 54 26 38 52 29 89 44 64 57 17 54 5 95 12 80 86 2 51 34 12 30 73 54 53 32 23 63 91 9 48 49 4 37 66 10 3 
74 72 48 33 40 1 93 9 71 56 90 90 15 46 19 0 54 14 67 19 32 16 74 7 30 60 65 96 24 18 40 4 92 48 32 96 23 100 35 50 95 12 37 40 46 61 47 61 98 97 21 17 68 98 50 57 95 58 40 88 69 18 68 12 43 6 75 88 67 24 100 39 11 92 47 10 62 12 25 91 63 82 34 78 3 16 76 36 1 35 
1 19 49 56 81 47 9 39 56 71 98 0 52 35 60 88 38 50 63 84 8 33 46 56 28 11 7 74 41 27 1 54 0 83 90 90 8 23 76 45 37 37 30 0 38 67 59 74 76 80 25 64 23 89 8 26 26 2 17 95 86 59 32 24 27 34 1 31 24 95 32 67 70 18 62 44 56 44 14 85 37 87 27 58 33 5 91 13 70 4 
15 12 23 77 10 99 6 37 9 36 92 67 74 84 72 6 67 36 97 73 96 31 3 17 40 64 26 53 40 91 73 30 51 41 80 97 45 6 19 19 23 7 96 32 92 31 75 76 79 35 49 10 80 48 72 99 22 74 85 93 32 35 13 88 76 11 92 78 20 94 40 54 63 45 54 61 2 82 38 73 35 6 28 29 90 87 76 46 89 43 
9 12 28 7 51 22 84 90 50 61 23 51 28 58 87 94 19 26 58 87 69 45 97 75 83 47 23 86 0 13 4 28 43 93 60 18 16 42 78 45 79 35 97 93 23 16 69 42 71 28 52 58 85 50 81 20 16 15 80 88 12 25 84 63 97 19 70 100 81 47 72 77 64 85 60 76 52 13 75 19 8 96 22 12 48 93 87 67 69 67 
84 24 64 11 71 24 78 48 41 37 78 99 87 22 73 99 57 59 2 39 23 1 91 51 85 34 63 95 33 42 62 39 62 14 28 33 44 14 0 0 90 70 21 72 95 81 26 11 79 37 93 10 71 17 6 49 11 3 13 63 29 53 20 22 29 15 6 37 66 22 70 61 24 83 3 12 12 58 27 17 16 0 55 70 54 100 54 10 87 39 
31 45 51 54 1 57 82 93 92 34 36 36 31 52 9 3 13 97 63 78 45 13 95 74 75 38 66 2 44 86 76 89 74 50 37 66 19 57 65 32 89 88 14 33 0 67 0 9 21 11 85 92 24 3 48 31 86 73 42 23 80 98 48 72 97 70 93 66 27 18 78 34 31 69 23 70 7 48 94 86 12 84 63 44 68 51 58 33 90 51 
94 32 52 47 49 37 79 36 78 91 82 81 52 98 62 54 59 46 10 2 52 36 39 59 37 80 77 86 85 48 61 49 90 82 69 86 78 33 92 28 72 0 24 64 41 18 18 65 14 47 8 77 32 83 51 32 89 54 6 64 61 10 63 87 76 21 52 12 67 22 18 20 84 90 50 13 97 23 67 51 73 58 9 17 42 41 87 82 27 22 
60 51 37 14 87 58 81 17 16 66 44 70 21 27 65 82 19 44 100 0 18 65 54 54 73 61 50 96 14 70 57 100 21 81 64 40 30 61 7 32 11 22 75 76 21 55 11 99 13 87 35 83 32 10 79 70 48 56 78 83 39 84 90 62 11 51 44 49 47 96 64 6 76 25 45 67 59 9 23 27 23 59 33 31 40 73 42 87 69 2 
44 28 31 10 34 25 10 1 33 91 67 50 21 89 30 86 100 0 92 80 83 77 78 52 67 18 30 32 44 40 41 95 3 89 76 25 42 59 22 66 27 1 15 78 94 8 36 2 79 43 21 76 7 79 85 18 94 18 6 56 26 84 78 58 69 81 20 42 53 41 59 18 81 32 11 9 31 41 61 20 72 62 10 92 44 88 6 16 32 0 
54 46 21 7 57 32 40 30 92 68 32 48 39 28 83 37 24 27 24 11 66 25 14 69 27 76 39 63 41 86 33 84 60 86 99 13 35 40 69 27 66 46 25 73 36 64 79 57 50 7 91 64 76 95 45 6 1 85 45 96 89 86 86 25 88 25 43 86 50 36 100 73 5 99 42 16 2 5 28 48 85 97 67 82 59 60 65 95 39 71 
80 88 66 35 26 57 96 54 74 76 65 19 95 17 27 72 62 19 48 52 32 54 49 67 1 35 69 51 52 54 51 91 1 72 62 22 32 92 26 3 89 48 35 37 53 76 66 63 93 97 99 43 53 27 18 23 60 45 40 85 11 83 62 60 99 83 81 53 79 94 14 49 11 12 56 43 27 98 60 95 70 72 93 54 75 27 12 1 33 77 
2 88 15 1 4 50 69 72 84 5 17 97 37 54 15 50 51 90 25 96 30 89 87 8 14 67 73 11 55 99 95 49 45 61 1 57 10 61 89 7 26 70 52 86 63 39 58 93 4 77 83 9 17 83 13 79 0 24 60 84 15 46 56 61 82 63 74 54 83 16 61 33 5 44 78 12 78 59 68 18 68 99 62 21 74 9 19 48 70 23 
56 14 20 74 45 70 31 84 41 72 93 45 8 96 69 96 45 96 32 19 12 8 21 75 78 29 47 71 54 74 42 32 3 10 89 1 69 40 24 28 77 80 70 32 70 81 81 53 78 27 37 78 31 24 88 76 75 1 80 7 37 73 94 57 30 79 85 2 99 85 13 9 89 4 53 4 65 2 47 56 54 17 47 32 59 53 21 11 88 33 
4 52 49 10 73 97 57 30 7 37 91 33 90 52 61 37 32 0 4 56 79 47 20 58 22 14 58 72 95 83 76 20 9 31 11 74 98 10 81 98 51 62 5 30 53 90 52 96 39 62 4 88 66 98 10 63 93 50 25 49 95 74 52 11 72 38 67 35 8 89 59 69 58 68 65 70 43 30 59 25 100 56 54 16 79 61 22 77 68 3 
91 58 26 74 46 77 38 76 38 32 25 46 26 84 72 48 48 17 100 90 41 91 85 79 7 0 64 16 91 60 81 45 51 97 40 13 95 60 97 71 92 71 45 58 16 9 49 55 66 3 49 59 5 6 39 23 1 47 100 50 96 38 82 74 14 48 23 81 96 45 63 35 50 89 99 78 18 70 42 68 89 38 84 55 55 45 78 26 44 22 
85 31 19 50 85 61 69 89 14 29 95 26 38 98 34 40 70 74 16 43 95 78 95 69 33 8 84 74 85 85 94 5 28 85 61 20 60 96 50 78 75 52 51 85 16 38 76 3 77 69 60 33 78 39 11 90 45 57 94 43 12 14 12 2 19 67 37 57 19 45 67 75 25 91 79 48 46 57 20 65 97 74 61 88 44 2 25 58 49 21 
68 53 1 49 21 49 29 8 91 24 41 77 94 16 28 66 63 95 28 19 28 92 8 66 72 74 23 26 60 93 58 43 82 14 7 4 29 94 44 25 24 18 35 50 13 63 72 1 0 36 65 11 92 66 37 25 42 70 59 57 74 48 1 28 12 48 89 43 17 81 74 24 60 48 21 78 49 32 50 64 53 59 100 50 7 61 38 59 96 0 
73 23 27 73 44 26 57 68 61 70 23 27 50 18 30 48 79 75 16 64 12 38 12 16 5 28 75 47 75 40 0 98 81 54 79 62 26 8 78 45 90 25 27 44 97 100 0 5 74 63 29 50 28 97 82 58 56 37 100 34 60 8 66 94 94 6 1 36 56 25 42 10 14 92 37 14 41 36 93 52 93 54 58 78 70 54 38 3 18 55 
61 87 32 11 70 55 11 72 97 4 57 85 82 2 31 92 46 80 31 22 3 69 88 56 90 64 91 1 31 20 96 54 54 3 7 48 83 18 89 28 72 14 56 3 2 0 41 13 20 56 95 71 75 88 87 55 52 31 7 15 89 75 41 12 34 59 75 58 16 28 99 53 99 21 4 16 66 33 19 70 23 60 44 78 9 8 90 47 29 82 
68 30 6 60 9 15 47 66 68 34 40 54 94 68 73 62 67 37 94 11 23 29 41 75 94 87 69 99 97 41 20 43 57 12 39 4 66 22 58 80 77 42 26 45 48 87 81 77 35 66 35 52 43 52 100 58 64 17 0 49 80 29 89 15 69 96 95 91 80 6 43 60 32 39 64 69 84 29 71 40 47 21 97 22 18 43 14 4 19 76 
41 57 73 18 84 23 69 79 76 43 91 22 69 55 7 40 4 99 22 59 78 19 85 30 1 45 66 90 44 37 9 51 67 32 59 27 47 14 69 2 62 78 24 22 1 38 58 16 26 65 38 99 77 77 55 50 97 39 35 1 51 10 43 48 65 10 93 46 1 26 72 79 81 5 59 27 24 30 17 51 39 69 88 88 15 16 2 32 89 54 
84 76 13 23 16 53 49 68 89 90 58 38 66 88 77 88 42 12 1 61 10 76 1 80 72 85 57 98 52 85 30 16 64 4 72 5 40 28 97 75 89 32 71 72 52 20 12 42 62 13 14 85 23 51 46 78 65 26 88 85 87 39 83 85 79 55 25 57 73 78 12 88 22 98 56 35 82 50 59 40 13 11 51 87 4 35 47 9 1 70 
95 88 33 78 6 46 50 49 18 26 52 41 18 75 46 60 72 73 14 31 13 29 17 62 34 33 47 32 42 36 43 69 57 40 0 48 23 62 69 74 45 56 99 38 59 72 77 7 96 80 75 32 93 70 17 23 20 61 100 29 45 50 54 70 29 80 26 12 44 44 21 23 4 36 91 58 10 71 83 17 34 84 25 52 18 12 57 92 68 40 
69 87 20 67 8 39 84 85 81 57 93 56 57 19 41 98 77 27 1 92 22 4 79 52 77 73 53 55 2 32 92 8 44 63 79 16 41 51 31 66 45 89 42 61 20 43 96 44 9 67 79 76 38 92 22 71 69 94 97 66 98 73 71 45 87 88 61 25 45 98 12 48 1 52 24 33 65 67 88 0 86 42 89 37 41 51 81 33 68 60 
98 26 44 19 66 46 89 33 88 81 54 58 57 76 38 52 10 49 14 39 50 2 92 96 40 53 22 35 61 33 2 9 43 63 3 1 58 31 63 99 68 80 58 15 99 42 67 13 44 38 20 98 17 65 85 96 48 86 12 30 9 26 82 74 35 99 54 59 49 2 31 96 8 38 73 87 82 69 44 40 47 46 38 12 47 1 13 20 96 58 
81 7 10 18 34 99 79 97 38 34 63 92 91 38 69 66 22 98 99 97 20 39 38 15 86 13 73 24 48 8 44 65 84 31 32 97 79 5 1 85 87 93 66 82 40 40 53 85 23 52 24 19 89 29 6 98 50 3 24 44 83 100 11 96 43 26 87 63 90 89 82 45 35 49 81 89 24 45 1 62 50 0 72 91 62 49 1 74 70 75 
41 69 51 25 43 35 23 61 53 28 61 26 45 17 62 25 71 23 7 36 39 41 31 20 22 13 86 89 16 61 96 91 30 34 29 94 4 63 66 2 87 75 76 50 90 74 26 84 94 4 23 93 27 9 94 92 61 65 23 86 73 46 65 55 72 21 58 77 88 44 81 33 39 78 75 18 60 74 95 52 5 25 92 53 69 99 97 2 93 55 
2 75 94 100 72 66 71 33 31 35 4 42 34 45 2 86 60 71 34 26 63 66 36 3 83 36 11 97 61 88 90 23 38 44 36 68 24 98 75 4 70 15 23 17 67 21 74 66 50 63 91 70 9 0 100 2 37 19 76 97 99 98 28 12 14 67 24 19 69 22 77 100 50 29 60 93 79 73 76 12 69 38 44 37 16 71 23 95 24 18 
95 42 72 47 43 91 79 64 0 36 11 14 5 80 90 77 70 27 54 95 72 51 13 62 83 57 8 75 51 95 64 71 34 43 23 25 11 8 32 26 63 89 96 50 40 54 76 72 31 4 32 62 32 14 84 2 56 10 73 27 18 16 48 48 30 26 35 18 34 33 39 95 21 100 90 17 83 27 58 31 70 37 11 57 29 29 95 49 7 92 
49 58 77 94 36 73 63 10 10 43 9 34 6 93 65 61 16 85 87 95 51 28 63 35 49 95 74 18 53 4 32 59 52 66 76 89 13 95 15 97 75 71 70 26 81 72 51 47 87 83 95 6 23 28 6 47 73 62 44 26 12 51 69 0 49 54 71 78 3 16 21 27 56 65 61 14 42 72 23 50 80 52 40 55 64 90 22 82 66 48 
40 52 51 84 1 48 7 94 98 90 32 99 86 94 1 25 15 67 1 80 33 85 42 8 61 65 65 57 76 65 63 62 5 99 38 83 28 38 3 8 85 88 87 12 66 6 87 97 22 48 21 71 98 87 35 25 55 71 27 64 4 44 10 27 46 28 71 17 62 31 29 52 5 53 81 64 44 84 17 74 78 71 22 28 34 43 25 18 88 40 
42 32 41 92 51 77 76 32 75 62 82 11 21 84 40 41 57 13 67 71 31 1 22 23 76 48 94 75 53 96 20 11 3 71 25 6 92 29 48 58 32 56 53 100 43 39 35 51 51 73 52 2 17 100 5 78 77 82 12 76 91 21 70 91 27 9 48 98 74 47 0 76 33 45 68 51 53 64 65 70 100 52 68 98 71 72 26 15 78 74 
94 79 49 0 73 36 79 2 100 29 51 76 56 100 83 47 13 79 70 47 16 81 80 69 28 44 89 82 8 50 64 85 31 22 99 1 54 10 12 61 91 25 7 7 73 63 30 72 77 32 52 92 58 50 71 35 9 60 35 9 10 48 91 32 63 86 37 99 14 16 27 41 50 4 63 97 51 21 35 8 40 62 71 89 52 58 71 79 33 55 
69 40 86 99 21 46 62 94 35 71 94 54 86 57 3 85 54 75 97 17 11 96 97 40 9 24 97 32 87 63 45 89 93 87 61 83 38 24 90 80 68 31 41 16 18 29 95 82 20 63 12 73 54 21 17 89 71 17 87 95 43 69 18 20 88 62 52 79 60 3 58 83 43 77 74 60 13 28 98 81 84 96 44 48 37 85 52 91 85 66 
9 82 36 93 39 68 34 15 46 23 79 27 30 69 34 40 23 95 29 10 53 34 45 19 42 78 20 27 12 16 66 6 4 2 71 89 67 68 84 36 20 51 12 11 44 29 11 41 78 17 52 56 45 83 59 1 79 49 16 29 12 61 1 69 39 4 48 49 56 67 65 13 97 32 85 64 77 95 41 67 13 100 93 1 96 83 66 56 75 93 
27 44 52 60 93 36 64 61 33 78 80 17 29 89 18 37 32 63 34 57 75 32 8 23 52 20 8 47 90 13 93 4 73 15 27 81 42 89 17 47 0 43 5 32 8 82 86 43 39 43 86 45 45 80 6 44 97 5 53 2 66 63 66 52 68 97 84 92 61 10 48 100 62 64 89 34 13 65 46 33 70 55 61 58 8 22 63 63 57 54 
51 88 72 93 47 24 10 66 82 1 26 31 19 28 30 42 98 19 65 53 61 82 77 29 69 80 82 6 14 42 4 45 54 88 88 90 11 46 92 61 62 59 83 53 29 3 71 21 4 10 19 87 70 30 44 40 15 56 99 3 20 60 5 44 100 10 12 37 73 95 89 37 95 36 61 24 45 80 99 89 91 20 87 66 12 67 94 57 63 38 
94 9 82 74 65 20 74 16 50 25 49 31 7 18 65 34 23 77 2 85 36 98 8 11 42 9 3 21 51 76 22 55 84 66 41 63 96 95 48 50 34 7 67 62 15 67 81 33 69 21 76 78 5 59 85 21 48 52 52 47 59 30 20 67 89 33 55 79 52 91 15 68 99 17 63 52 79 80 82 82 1 94 38 46 34 75 71 85 80 37 
15 47 100 20 98 1 25 14 86 41 22 27 15 18 29 25 4 11 26 44 89 60 45 67 65 4 41 14 46 7 86 27 72 39 84 93 46 7 99 96 88 81 50 94 51 9 6 90 82 50 79 2 21 21 52 42 51 78 65 46 42 80 93 24 1 9 22 34 66 4 26 74 72 40 6 39 90 97 28 97 45 27 32 44 46 27 10 89 21 84 
31 77 19 60 96 29 3 97 31 4 55 23 16 23 45 45 84 51 67 84 9 31 3 58 97 11 33 37 99 48 84 19 56 96 32 8 73 45 66 11 29 80 45 95 65 97 75 51 51 30 2 88 54 87 69 20 79 34 14 15 27 14 75 41 18 84 75 15 59 96 10 40 57 75 34 19 79 44 55 54 38 42 44 76 88 68 84 41 26 12 
46 74 39 11 54 29 19 30 96 97 15 10 96 65 78 37 95 60 16 8 69 45 56 80 87 46 77 36 25 24 59 69 85 66 76 97 39 48 95 93 70 41 85 71 69 55 71 4 62 11 59 20 9 1 18 92 75 20 1 75 14 38 73 39 54 1 82 16 99 60 32 35 98 40 95 33 37 88 94 67 31 79 96 20 70 29 91 87 7 24 
90 76 18 34 4 41 61 49 47 34 7 17 78 90 89 55 96 29 12 74 38 73 13 95 3 81 66 25 66 86 20 65 54 95 95 68 90 37 93 67 15 60 56 99 23 77 30 96 80 83 71 11 0 38 56 45 76 31 42 54 13 14 76 53 75 61 40 60 90 74 19 74 55 20 34 90 1 98 27 87 69 100 33 56 95 58 67 28 99 97 
87 5 82 42 73 4 65 90 63 70 28 34 25 24 42 81 4 67 81 22 43 65 36 92 7 27 81 63 90 40 42 44 68 72 88 45 84 99 36 10 98 48 31 52 8 57 0 11 62 76 52 92 55 59 57 89 64 68 63 25 47 77 77 83 39 22 9 35 28 24 89 47 60 97 74 73 14 91 11 43 60 4 7 26 81 33 11 7 11 11 
10 0 50 88 78 89 4 75 69 16 0 25 91 73 51 71 51 94 53 95 83 37 22 19 85 66 43 6 23 21 75 30 47 12 4 96 11 86 82 63 59 62 47 49 44 83 85 12 59 2 10 29 70 80 42 55 45 43 61 71 1 4 57 1 33 72 90 99 70 97 86 36 2 29 52 54 47 22 66 3 61 85 70 6 55 82 100 26 94 19 
63 17 67 6 13 30 55 37 54 72 66 68 89 38 41 3 78 12 36 67 60 64 21 39 40 26 43 30 49 92 10 9 76 15 0 0 55 67 26 23 53 40 52 38 7 47 75 97 20 86 52 52 95 18 52 79 78 91 28 89 77 51 52 84 52 37 22 66 100 0 60 17 85 49 92 5 48 86 35 19 58 48 59 37 50 5 1 38 46 51 
96 48 37 98 25 17 78 11 44 45 52 15 62 33 14 17 9 31 18 35 14 15 3 41 1 5 58 78 72 59 30 63 49 35 92 67 7 5 10 63 0 67 44 66 68 73 21 66 73 39 30 75 99 27 40 32 62 79 92 20 92 4 64 55 36 34 19 83 47 16 81 90 44 49 34 64 95 68 93 91 90 84 66 4 52 70 9 58 33 26 
96 86 8 59 10 96 82 20 75 68 52 17 68 6 32 18 69 19 86 32 49 47 62 74 89 55 87 49 74 30 69 82 79 71 64 25 37 98 29 0 53 5 81 54 79 94 52 71 100 93 9 61 18 13 80 11 98 30 54 40 52 60 93 51 48 12 19 87 95 87 81 6 35 44 66 80 72 43 97 91 7 22 26 4 27 61 63 97 73 92 
77 7 63 21 27 0 68 55 74 84 40 17 74 19 60 6 20 55 30 87 60 6 43 78 89 27 93 83 38 18 48 98 96 8 85 96 20 23 49 62 75 27 5 42 87 24 79 41 62 96 41 89 18 51 16 100 84 62 68 85 1 49 44 37 88 24 64 28 65 80 48 27 18 23 81 86 41 6 75 18 19 97 73 57 90 53 79 95 65 36 
77 56 73 10 24 63 46 14 43 6 67 12 44 88 34 22 70 65 78 1 52 66 67 9 40 17 16 28 0 47 74 79 69 44 28 7 43 62 87 79 17 39 48 48 47 35 30 1 3 87 29 65 79 30 44 84 24 36 54 64 43 38 26 83 29 6 51 57 94 1 73 5 18 11 95 52 28 86 30 39 20 18 24 60 64 74 20 76 84 51 
30 89 92 31 100 16 50 8 92 25 66 23 49 65 54 52 36 73 85 95 25 63 60 55 44 21 66 42 30 32 97 91 86 30 54 49 24 41 57 56 48 83 55 44 39 59 54 88 16 22 53 52 4 25 13 45 78 44 9 81 25 7 28 65 92 19 51 53 2 52 13 54 59 24 90 46 58 75 47 43 99 27 42 43 50 94 71 73 46 16 
53 87 69 92 53 22 44 41 92 76 20 30 78 80 98 39 33 28 10 0 42 8 16 45 91 81 90 65 84 7 53 73 96 44 48 87 63 30 100 99 42 67 79 46 16 0 22 96 46 87 31 63 77 58 57 61 96 83 22 32 1 71 52 15 42 53 30 3 86 77 10 60 15 62 22 17 79 76 33 43 78 23 64 48 42 2 100 67 29 47 
35 82 83 52 75 91 37 88 28 83 20 58 4 1 100 8 67 97 12 1 35 23 92 12 44 71 49 10 84 16 11 72 53 44 82 49 28 35 82 65 4 9 7 27 96 52 76 71 35 91 31 36 91 4 69 83 27 46 58 59 51 57 70 53 48 2 48 64 2 11 92 20 85 85 85 35 95 49 59 69 7 9 63 48 53 95 66 54 85 29 
47 33 2 51 54 97 28 83 67 82 22 91 37 30 71 40 61 7 55 49 95 45 3 33 77 63 90 16 31 55 17 47 67 53 25 9 71 7 25 51 79 79 80 42 21 20 5 25 17 58 8 28 17 85 66 1 49 5 69 96 99 53 60 9 18 22 81 98 73 57 9 26 84 63 44 42 43 22 71 88 37 9 48 14 49 80 90 68 26 55 
6 9 70 78 37 53 96 44 77 77 4 27 42 76 75 68 20 26 86 44 46 50 93 55 78 64 12 0 15 31 60 10 15 72 30 58 98 31 52 29 59 73 62 79 60 48 54 74 49 60 30 62 6 99 4 38 65 19 69 24 21 96 77 87 16 3 94 41 94 45 0 31 14 91 26 59 54 28 3 63 72 18 64 26 22 22 75 12 73 3 
8 35 77 20 14 16 46 50 75 84 59 20 92 53 83 63 1 43 99 66 45 92 74 77 64 17 58 27 15 91 80 18 96 12 94 33 74 53 43 89 10 10 14 17 10 91 73 9 54 38 69 83 76 51 68 37 51 42 11 46 27 46 5 25 53 78 83 42 50 18 16 68 93 77 26 66 43 79 46 71 31 89 30 67 21 34 64 16 32 1 
82 59 71 93 86 86 9 67 92 48 9 88 42 41 77 11 10 22 18 62 62 68 19 44 63 8 93 31 87 88 11 39 66 80 77 99 55 29 70 73 39 83 12 71 46 13 84 93 5 24 9 41 80 40 99 77 85 25 38 63 91 54 40 82 16 64 82 41 37 68 21 8 44 82 73 59 5 46 43 89 94 29 98 98 90 37 12 99 15 6 
10 58 31 54 92 47 3 87 89 27 9 28 29 89 8 22 75 99 56 4 23 75 50 0 75 82 23 31 47 58 99 22 46 82 31 36 6 3 95 16 85 36 77 25 11 70 43 3 0 55 55 39 75 31 26 85 88 55 48 83 71 98 12 89 68 11 49 50 47 3 56 20 99 15 93 14 37 8 18 80 86 43 92 95 78 47 21 51 99 92 
66 96 74 71 47 28 57 93 87 58 40 71 76 54 11 13 52 83 87 95 86 26 33 72 62 48 29 62 80 58 75 49 35 73 60 80 85 94 38 22 36 31 77 99 8 39 42 19 62 53 72 47 43 1 28 21 24 50 57 38 49 18 51 58 20 46 70 44 82 68 81 62 15 62 31 82 82 47 63 74 68 7 39 35 42 15 15 74 16 20 
14 65 82 57 70 62 68 74 21 28 55 42 35 87 81 6 92 8 84 1 92 96 74 59 33 32 96 72 20 57 31 100 8 19 99 90 48 44 79 11 0 62 72 39 22 7 84 51 88 33 98 40 77 38 73 61 59 8 18 91 93 94 1 37 32 89 93 26 1 57 12 70 72 22 3 1 69 51 22 54 43 23 96 0 75 61 15 1 9 5 
64 68 35 9 86 58 99 59 83 92 85 59 83 19 2 89 100 37 6 84 99 91 8 61 19 51 15 32 1 91 4 21 49 8 84 46 11 59 77 20 3 84 60 28 47 90 43 79 66 74 69 97 99 64 97 57 40 27 50 75 80 99 3 87 41 43 69 22 85 39 49 39 76 49 37 56 70 18 36 1 80 75 45 85 38 78 49 88 53 2 
84 56 13 46 46 41 91 25 56 24 6 62 53 34 19 20 75 54 84 97 1 38 25 73 38 31 88 12 71 11 48 88 12 9 90 59 64 42 60 98 13 64 75 65 32 1 79 7 52 78 2 25 15 49 20 72 2 94 91 77 91 50 17 30 14 12 78 79 42 83 44 34 82 58 82 82 50 6 38 77 83 34 86 31 83 71 75 25 10 57 
20 43 9 50 77 7 67 64 84 39 51 4 27 64 20 47 62 70 68 79 14 61 21 51 99 100 29 99 29 94 58 15 89 17 81 26 22 6 72 62 8 59 78 9 49 73 35 21 98 29 79 97 98 74 33 49 77 59 100 31 66 96 69 51 26 56 28 0 83 56 29 82 34 82 80 73 41 48 46 7 24 57 2 42 56 22 26 81 37 78 
32 33 26 100 53 28 53 13 87 97 73 44 37 37 89 100 96 10 72 17 16 75 42 7 53 70 22 3 69 100 65 64 16 18 89 51 21 98 48 37 78 69 2 32 93 46 63 65 74 18 82 55 19 28 32 15 70 41 80 7 1 53 41 35 99 60 25 26 25 89 8 21 3 59 8 49 5 32 35 9 15 28 85 51 88 47 79 94 34 76 
25 33 50 33 73 51 68 48 33 11 69 36 62 46 55 49 18 87 94 29 32 7 78 23 5 92 7 1 2 80 37 10 48 58 36 61 32 10 93 90 14 50 48 66 64 40 14 98 30 21 3 95 18 45 89 56 65 60 19 69 65 26 88 86 2 58 46 97 75 33 34 66 91 3 47 45 93 49 35 28 100 44 6 76 10 51 50 17 81 84 
67 50 13 29 17 46 7 83 24 11 1 42 35 52 9 12 46 19 72 81 73 3 56 25 55 11 52 90 46 34 50 74 2 91 49 23 63 29 61 87 36 35 23 20 31 14 71 60 49 64 34 79 77 68 42 90 40 96 45 34 86 74 62 51 45 46 41 6 55 78 71 25 85 79 38 89 81 74 27 25 29 97 49 55 76 58 64 22 16 20 
42 4 21 80 13 23 0 30 56 27 18 78 94 84 74 65 36 55 55 75 78 41 100 36 24 97 68 100 37 92 81 95 91 2 45 4 60 54 15 29 26 3 93 79 93 81 72 16 51 97 75 40 47 25 67 72 14 28 97 35 56 81 17 26 55 1 8 92 77 69 71 21 42 45 53 73 52 31 44 51 23 96 41 23 24 14 53 72 77 23 
82 5 49 7 46 81 68 99 80 77 96 72 11 18 63 49 62 73 19 2 55 44 97 34 83 30 81 44 43 34 27 36 56 95 97 8 14 14 28 77 45 26 32 4 41 69 75 3 88 91 79 97 80 58 44 30 92 85 87 30 23 36 30 98 98 0 34 39 96 15 8 21 72 42 97 95 11 77 67 94 13 44 39 47 40 95 24 73 76 19 
14 55 45 31 62 86 70 83 44 64 30 49 50 12 11 86 8 52 58 52 46 58 0 99 55 1 54 97 76 82 88 40 93 60 98 58 28 1 92 100 74 10 61 58 82 66 95 30 97 73 76 33 80 83 5 34 20 2 23 85 26 25 92 72 22 39 9 24 4 92 7 100 20 96 23 18 8 62 63 39 13 9 82 58 10 7 94 85 88 85 
