110
110
91 49 62 98 53 40 67 11 85 46 41 25 94 79 97 34 10 12 35 26 66 50 56 66 62 33 47 11 45 19 60 94 87 74 91 22 13 85 73 30 32 36 57 5 57 58 31 59 90 22 32 99 7 60 77 100 25 13 87 33 26 81 52 22 13 51 93 18 20 26 99 11 53 6 65 69 18 38 32 48 12 11 77 100 13 31 22 33 30 3 72 60 74 51 63 73 43 19 0 25 28 58 71 90 4 56 39 14 45 13 
73 31 97 89 13 34 39 82 53 89 62 16 96 35 56 47 95 48 2 28 56 95 6 18 4 26 89 60 72 17 2 82 60 92 10 42 67 15 75 71 50 7 85 96 18 70 67 14 96 2 87 70 57 55 53 72 87 87 23 63 30 89 55 44 15 15 51 84 9 25 76 54 36 4 80 14 53 79 75 27 23 43 8 34 92 24 83 0 93 64 75 69 90 11 39 61 78 33 51 37 4 84 37 78 12 8 79 81 56 51 
29 40 23 94 59 36 84 57 55 2 67 95 20 49 37 77 22 62 46 1 7 97 57 27 43 44 37 12 76 5 60 24 51 94 60 35 98 90 17 24 35 73 14 89 11 78 85 87 39 42 92 60 95 51 73 94 85 38 100 17 1 75 84 86 96 93 44 40 76 51 96 77 78 39 80 43 56 14 8 0 100 43 25 34 50 17 4 82 92 51 22 13 71 100 43 90 57 16 11 20 91 88 32 53 12 69 84 85 79 19 
85 80 87 11 44 28 25 92 63 16 95 67 29 74 20 13 75 38 17 95 54 87 53 38 52 96 82 61 18 13 48 18 35 14 86 27 0 38 21 87 22 53 100 54 72 16 68 76 9 3 29 86 67 62 85 90 96 1 42 6 82 15 72 44 89 6 95 83 70 63 86 11 75 94 88 38 28 21 46 59 95 79 59 82 78 60 91 73 85 21 42 26 77 97 30 16 37 95 29 72 53 73 70 84 61 97 59 17 63 61 
49 11 17 65 79 72 42 81 84 21 7 27 4 98 21 41 94 53 59 11 99 47 8 35 20 41 50 51 11 11 12 86 95 59 23 15 30 70 98 97 38 98 47 69 62 93 60 72 84 41 74 92 29 8 58 21 86 60 53 50 84 48 77 24 80 20 56 93 87 15 95 10 21 32 23 15 0 95 93 26 29 85 94 83 72 64 77 31 97 78 87 36 34 91 21 95 28 12 7 69 25 61 86 22 79 32 57 52 38 88 
97 29 69 51 11 19 55 95 55 43 91 50 58 1 41 54 0 63 50 95 73 98 48 86 38 91 43 2 12 12 14 3 83 63 62 34 34 96 53 18 100 54 62 10 46 14 93 22 45 9 83 89 12 95 14 69 61 59 92 30 40 90 43 87 65 53 96 61 83 97 30 43 49 91 70 99 46 53 16 1 95 96 81 86 96 69 46 51 45 81 66 95 77 37 74 99 52 16 60 41 64 82 21 35 20 72 37 37 68 11 
98 100 8 23 63 81 67 57 86 8 85 93 7 24 93 8 20 31 100 57 65 53 44 53 10 85 73 59 75 17 89 74 95 44 35 43 2 63 94 92 51 29 9 40 5 62 100 100 75 74 31 96 26 28 89 46 99 80 84 58 8 12 94 56 3 51 95 15 76 100 61 10 83 73 75 21 36 34 49 16 56 48 13 83 43 52 23 16 25 37 66 81 19 35 60 31 91 13 25 92 72 95 82 33 21 68 84 92 6 33 
67 66 92 7 33 9 77 37 49 95 17 75 39 5 81 33 87 47 3 89 71 26 44 57 57 46 62 43 14 52 1 22 66 52 31 42 81 23 74 21 65 11 72 29 80 92 23 42 65 85 31 63 19 35 33 39 43 37 74 3 88 100 67 2 82 50 2 90 73 74 60 62 44 76 26 5 18 97 1 83 51 33 0 5 49 18 81 20 39 46 47 99 9 63 86 22 45 25 53 20 40 77 52 23 35 73 67 59 39 26 
84 63 93 35 78 77 1 11 41 91 60 11 51 11 18 1 20 65 21 76 52 7 73 64 63 29 8 40 29 4 45 91 37 38 49 28 76 94 94 80 87 63 67 58 36 34 82 28 36 14 50 18 48 29 28 53 34 85 50 86 20 45 52 39 85 43 96 21 23 82 45 42 80 84 21 75 70 24 96 28 46 58 60 2 84 44 45 37 17 92 89 90 12 1 15 44 69 90 20 27 33 7 34 7 41 92 66 99 53 91 
36 87 33 46 92 39 57 46 89 44 99 46 66 75 88 41 1 65 24 45 78 65 88 60 53 47 48 80 23 30 35 11 30 53 13 76 39 5 50 70 91 8 66 93 99 73 62 78 28 68 52 50 15 6 4 45 12 37 77 36 34 8 94 33 21 81 84 20 65 27 95 47 30 39 51 97 66 0 83 74 82 80 97 43 67 71 53 98 57 1 60 93 30 2 64 16 37 70 46 10 16 54 67 46 39 89 40 73 68 82 
94 22 6 42 95 47 56 95 82 37 20 21 67 85 36 9 64 43 94 97 50 44 98 45 3 52 52 83 19 25 55 21 88 20 8 44 6 2 24 57 61 51 18 35 12 84 7 83 23 25 32 81 72 43 47 21 80 24 40 28 74 26 94 4 28 29 5 75 4 86 63 45 68 88 95 14 65 88 12 93 77 6 37 13 43 44 26 24 26 14 30 70 54 93 11 96 82 74 57 33 47 97 67 27 75 60 60 60 88 18 
5 34 91 46 44 71 88 46 69 2 37 2 17 60 40 28 20 61 54 47 67 94 34 57 78 85 19 55 89 61 68 87 44 27 13 53 75 3 44 21 10 98 8 84 33 41 46 47 49 16 21 79 68 21 93 73 31 43 60 29 60 81 69 45 38 79 11 48 54 15 87 80 9 10 14 54 91 15 88 12 1 53 45 65 71 18 67 45 44 37 7 76 84 24 13 66 76 93 40 38 58 74 42 76 32 58 34 85 45 48 
68 60 86 17 76 17 54 32 34 79 50 13 17 83 37 1 86 26 72 63 63 69 93 70 42 56 60 36 37 22 20 71 73 78 6 0 4 8 48 24 45 68 11 19 87 30 15 59 69 83 100 39 79 15 13 4 46 10 3 55 57 38 81 23 84 70 14 54 29 6 73 10 56 61 68 55 0 85 92 99 88 10 0 67 19 66 33 81 71 86 23 34 35 9 34 74 77 50 63 48 41 14 24 17 84 63 5 38 17 6 
26 63 95 4 13 15 92 87 28 14 39 33 91 38 61 3 100 29 47 71 58 7 100 85 16 80 51 65 16 89 7 28 51 54 33 98 42 76 58 33 56 6 92 35 53 79 12 88 38 95 62 42 83 85 23 19 68 99 97 14 16 46 70 29 16 23 62 98 47 55 98 24 26 91 53 43 93 8 3 84 57 21 80 45 28 80 8 47 15 79 15 46 39 49 66 76 83 37 16 67 87 8 31 53 44 75 45 51 51 10 
89 21 7 43 12 22 96 75 30 51 51 39 43 11 65 60 5 70 71 51 17 91 1 6 9 80 76 9 51 98 75 72 76 33 80 58 86 36 33 24 99 0 46 38 73 78 5 35 30 17 71 79 81 91 41 45 47 79 67 80 58 56 83 86 56 90 34 42 63 55 69 41 81 0 7 50 18 11 50 35 81 21 44 80 74 17 45 59 54 44 61 29 88 50 15 59 83 65 76 39 20 90 99 13 13 81 57 7 32 39 
67 30 72 87 32 76 52 38 9 39 88 67 27 13 36 62 24 36 47 46 94 54 64 91 44 37 40 62 37 73 79 46 52 69 68 39 22 13 7 50 5 36 57 65 49 85 65 95 76 64 59 21 65 44 98 71 79 36 6 22 20 2 98 74 94 50 57 72 20 67 21 66 17 59 41 17 14 27 87 35 62 61 30 30 32 71 73 33 59 23 51 28 11 72 25 82 34 74 43 93 32 55 34 54 74 92 93 97 7 17 
18 77 73 66 1 95 60 81 25 35 29 52 3 24 46 76 26 75 65 99 21 82 29 25 70 54 70 66 64 38 33 82 31 61 35 51 8 94 88 25 47 25 68 92 5 73 30 72 63 19 66 17 89 66 28 6 60 40 83 94 7 57 25 38 7 88 25 1 88 95 83 69 25 37 55 37 24 89 73 87 99 34 11 19 31 68 57 71 42 51 83 37 99 75 58 43 50 70 92 87 69 37 48 26 40 41 17 6 58 95 
28 34 38 8 38 63 4 91 88 82 91 70 41 58 100 3 11 76 92 100 6 79 49 14 4 22 79 16 22 2 98 87 54 19 53 69 34 90 50 5 72 63 27 37 10 22 74 7 24 93 97 37 99 40 1 9 77 7 63 53 54 69 3 71 96 18 55 72 63 30 75 100 0 44 22 23 48 28 18 81 31 74 41 34 83 41 41 81 100 50 34 27 62 14 96 6 96 100 21 2 94 73 97 34 88 25 54 9 54 80 
26 13 60 30 72 66 62 53 51 22 69 86 83 20 100 11 96 77 44 53 26 98 51 83 92 17 75 10 93 83 89 77 94 44 4 70 1 52 12 67 5 77 27 43 2 17 64 100 21 50 90 6 34 31 18 1 65 48 36 83 44 33 94 48 38 4 79 81 99 90 90 65 33 2 77 86 88 64 73 19 68 39 30 6 0 24 0 94 43 31 8 62 43 58 71 41 71 97 85 32 47 43 66 13 47 24 1 26 52 86 
71 100 99 34 20 6 62 15 16 65 67 15 33 69 26 22 80 36 28 97 77 63 12 32 12 11 59 4 64 92 47 93 20 50 87 51 90 97 96 26 54 99 82 66 42 76 82 87 47 85 82 16 44 56 14 82 69 44 91 14 96 89 22 57 50 53 38 26 48 74 70 53 28 19 62 84 87 8 2 65 28 35 79 26 76 67 86 64 23 59 63 83 43 17 6 84 60 64 48 12 92 78 24 73 33 64 7 24 46 67 
56 45 33 77 21 11 43 55 82 45 28 58 45 33 9 61 61 70 21 11 2 47 12 78 31 66 69 80 63 60 53 32 61 67 99 68 53 82 60 23 10 63 1 59 84 44 24 73 43 15 31 78 64 45 90 41 45 22 19 50 12 13 45 22 40 13 63 2 34 76 24 9 32 29 31 14 92 1 9 20 37 57 64 53 94 69 72 74 55 0 53 54 37 0 85 38 29 67 65 73 4 63 21 26 75 69 36 36 37 11 
38 20 56 25 85 24 59 78 42 16 71 95 65 44 61 36 26 40 90 100 43 68 57 40 59 11 22 16 75 81 13 83 64 57 30 17 9 47 20 41 77 62 98 93 48 100 60 82 85 78 32 60 42 42 83 1 32 22 25 54 38 30 78 17 82 4 25 34 66 98 41 27 7 61 100 2 66 30 61 19 81 52 83 41 52 19 6 89 68 81 61 37 18 81 64 56 17 1 83 25 7 48 9 78 18 69 62 60 55 25 
75 35 11 73 39 27 49 7 98 34 48 29 49 74 23 95 0 93 0 72 15 80 27 69 95 95 55 56 87 61 27 22 46 88 87 97 16 83 5 92 51 87 17 19 69 35 14 59 61 8 4 55 10 90 25 46 54 78 63 63 81 59 41 6 53 64 22 20 34 83 9 11 11 64 74 47 74 82 7 81 95 85 7 14 13 22 24 75 27 34 40 66 68 65 38 38 78 84 65 80 26 83 86 78 89 59 99 60 56 3 
40 32 46 87 85 88 11 50 91 86 37 58 6 77 75 3 30 27 44 75 41 52 98 28 61 83 53 66 96 35 56 31 57 86 62 69 49 18 84 77 26 57 6 36 37 53 14 49 82 19 97 57 43 1 30 29 38 5 92 9 18 20 61 98 82 77 89 15 88 52 58 9 20 8 29 1 21 100 8 35 59 50 89 9 15 21 91 25 56 56 17 76 31 24 96 54 99 36 42 64 19 90 41 14 66 29 100 61 17 11 
1 17 96 44 53 32 71 93 93 6 49 11 32 53 92 30 61 34 92 87 94 20 26 59 1 45 77 50 44 2 59 65 96 50 63 42 74 7 4 58 40 54 19 43 26 85 32 99 94 96 25 2 23 57 97 30 86 23 17 47 27 20 72 24 61 79 46 6 58 58 1 42 60 40 98 22 62 13 11 88 41 94 41 72 6 21 32 7 29 89 46 72 68 95 77 41 7 81 4 85 67 23 97 33 43 8 81 3 54 77 
63 12 52 40 67 49 4 35 61 57 65 98 5 7 21 40 78 9 29 39 22 69 40 61 9 44 79 8 48 42 41 47 3 100 41 71 70 100 47 57 88 76 52 99 5 88 53 77 20 11 2 76 97 68 50 73 93 9 98 19 70 21 22 0 20 77 69 2 40 1 4 28 79 46 6 65 29 7 97 64 78 62 28 51 96 98 61 74 32 7 12 91 2 78 45 62 63 32 78 79 52 18 70 11 17 64 57 77 23 76 
87 57 8 34 56 65 47 20 84 98 66 2 50 25 35 86 97 72 90 24 80 28 89 85 48 62 83 32 75 70 83 77 79 51 6 30 3 60 24 39 38 38 16 42 43 60 97 42 35 8 78 16 13 16 25 0 79 85 48 40 87 39 92 89 70 67 67 38 27 92 100 73 85 79 71 0 80 88 30 20 11 0 83 18 55 55 28 91 90 0 84 50 11 10 91 30 44 39 32 91 80 41 35 68 55 17 92 100 61 42 
61 14 65 19 39 99 57 18 59 77 36 91 90 48 30 46 18 54 33 9 23 28 83 48 94 3 67 36 1 12 36 92 31 6 47 84 48 60 68 24 38 51 78 97 69 45 3 72 8 90 0 83 0 50 41 25 78 91 28 17 18 72 58 61 5 90 86 10 0 79 35 48 91 29 89 68 92 65 17 65 60 46 24 71 30 72 41 20 19 45 53 17 12 57 82 11 25 46 16 42 98 36 44 74 7 47 1 67 46 59 
62 86 12 22 96 90 51 6 79 40 56 65 88 8 12 36 44 28 77 51 77 12 63 81 93 53 65 0 71 55 98 50 37 59 92 78 31 70 82 92 6 91 8 0 49 29 38 37 64 65 59 18 11 47 13 13 97 90 0 73 35 85 92 41 96 17 48 84 79 43 87 43 3 18 15 97 3 31 25 30 7 81 68 59 96 58 27 68 63 81 0 94 48 90 1 14 15 35 92 53 58 52 83 40 68 30 96 25 84 85 
9 57 40 6 28 6 8 15 33 24 80 52 95 78 54 62 16 54 52 76 35 28 18 96 98 11 78 6 72 53 57 27 72 45 81 48 44 59 94 47 33 73 11 87 31 59 41 37 46 73 23 71 84 34 27 47 13 14 65 11 27 26 70 13 64 4 18 61 28 20 72 11 73 82 60 72 24 50 67 24 30 33 28 81 34 66 45 14 93 26 15 16 1 54 9 56 82 71 53 76 3 57 94 36 35 1 53 80 74 40 
9 25 73 53 84 68 64 62 76 74 38 73 26 77 91 69 60 65 84 56 49 77 60 90 30 23 62 90 66 1 91 80 90 30 100 39 61 7 1 61 90 41 67 13 75 4 11 22 6 79 76 5 42 70 91 59 100 30 80 46 6 79 39 95 44 14 77 40 17 54 6 88 35 48 50 18 56 7 53 17 65 59 43 64 67 6 82 12 23 73 42 76 13 3 4 95 51 60 53 42 7 30 57 70 15 78 78 95 41 47 
67 57 25 71 26 39 35 83 50 4 0 36 52 21 65 7 52 98 57 73 74 21 85 47 4 74 100 40 90 14 4 61 68 77 57 58 99 83 99 62 41 69 98 93 68 92 80 37 65 99 28 25 49 79 27 100 6 73 17 53 73 51 100 76 83 1 76 94 95 97 90 90 42 30 93 68 25 78 5 26 89 33 82 53 21 87 24 38 90 6 4 31 22 47 84 44 97 54 34 23 45 81 52 46 32 42 42 44 11 5 
61 1 50 25 32 90 36 9 15 78 94 81 70 20 12 52 83 19 91 94 41 35 90 52 52 87 31 5 71 88 10 40 51 6 54 36 57 58 93 33 1 98 40 51 55 19 27 16 25 35 53 67 80 60 66 38 5 11 85 88 5 28 24 44 62 17 35 9 41 7 37 56 48 95 5 94 61 72 52 59 75 86 3 80 59 41 1 13 70 36 98 98 79 74 30 14 91 33 98 73 13 21 99 51 44 89 54 1 53 11 
18 73 63 79 96 68 48 3 26 67 94 9 49 41 96 15 41 14 70 18 16 31 16 14 79 22 88 70 35 87 67 77 90 18 45 92 51 91 61 37 62 42 60 37 27 86 56 62 94 40 78 1 59 92 47 2 66 88 80 35 72 76 68 9 86 44 27 26 66 34 93 83 95 53 42 50 19 95 43 51 45 74 43 71 2 24 87 91 75 83 10 35 73 82 94 92 25 49 84 17 93 42 4 52 43 39 93 76 46 79 
64 90 37 34 30 42 32 21 52 32 7 87 6 62 89 27 27 48 34 37 37 50 28 44 70 88 41 9 17 69 19 42 74 22 84 15 69 37 7 9 31 70 1 43 38 57 34 32 36 9 81 54 46 99 38 68 47 52 38 62 82 11 40 87 42 17 29 23 26 73 0 78 73 36 96 52 53 50 19 5 84 4 83 35 12 86 45 83 16 36 79 26 27 93 15 53 23 43 54 2 33 26 46 86 32 51 81 26 62 99 
6 65 78 19 98 18 85 2 71 70 79 68 31 68 83 2 58 33 64 95 25 69 56 54 87 22 61 15 66 62 49 83 8 31 38 100 35 24 14 23 37 75 3 71 49 46 54 46 9 44 80 19 22 80 67 84 52 71 95 86 50 29 7 66 99 10 30 42 29 5 100 7 54 71 53 11 70 72 6 59 80 39 21 75 71 16 15 63 73 20 80 91 51 54 89 26 5 26 88 1 75 43 55 66 24 48 32 42 64 67 
27 90 93 18 79 81 13 21 31 86 16 96 30 0 41 67 38 25 97 51 66 15 46 42 37 4 12 38 97 63 3 60 29 92 56 25 9 22 37 76 22 59 31 86 58 43 26 96 74 50 84 39 30 46 66 73 28 21 39 95 75 81 0 41 12 11 37 87 99 73 68 46 15 4 15 57 16 96 87 20 5 6 0 96 45 85 99 64 23 36 24 45 26 75 39 39 35 19 60 84 54 62 37 46 32 90 64 90 55 36 
96 80 17 5 53 41 81 7 59 99 46 90 35 15 60 14 97 60 35 86 51 29 3 88 55 23 30 53 48 39 60 23 61 25 63 1 42 53 89 99 57 86 14 92 1 84 81 70 80 36 56 98 46 88 79 23 70 95 1 45 99 21 89 64 76 0 26 75 73 88 89 18 86 9 63 41 85 45 83 53 42 12 43 77 44 54 81 74 39 45 37 77 14 80 16 78 64 47 44 27 90 16 20 1 80 6 11 48 100 48 
49 89 97 65 48 1 41 50 91 34 98 5 14 21 7 90 53 48 90 62 66 87 4 68 50 44 8 96 91 9 93 48 1 21 64 85 94 79 54 67 26 55 65 26 25 16 54 86 31 78 58 69 50 95 50 24 90 51 49 34 16 22 40 97 24 24 94 50 50 17 70 19 47 70 79 87 53 23 82 71 28 21 80 37 57 45 16 60 77 78 85 15 67 80 81 11 26 15 11 7 75 61 29 29 3 59 82 28 2 0 
95 2 42 58 86 71 64 66 59 87 22 58 18 82 75 91 76 92 71 95 74 56 10 21 82 64 19 92 88 89 71 56 82 81 13 52 12 90 59 91 92 57 34 94 95 87 84 75 11 29 83 20 58 3 39 60 91 45 86 28 77 83 29 48 45 99 44 0 16 56 94 62 44 63 84 72 93 85 49 66 73 25 29 16 21 52 97 87 91 75 100 22 23 52 18 63 1 40 61 70 60 24 21 76 26 11 38 84 53 11 
78 26 62 31 49 4 54 60 30 21 10 88 100 83 56 83 85 1 69 100 76 93 30 36 58 53 2 47 64 48 69 88 4 7 2 81 58 52 72 50 76 21 28 12 43 86 59 6 25 84 100 90 93 88 93 48 35 18 37 41 98 70 61 49 8 40 79 70 50 56 33 26 34 58 51 53 43 10 52 3 14 70 73 51 81 34 57 16 59 96 13 25 76 19 88 26 7 67 61 22 79 70 91 58 83 21 67 95 33 39 
97 75 77 95 8 1 56 83 72 7 27 17 67 16 80 4 51 3 50 5 9 61 86 68 30 48 56 34 91 50 40 48 50 92 82 53 12 76 95 3 51 88 9 18 37 78 15 28 69 12 23 0 71 99 3 77 48 56 57 38 28 26 84 92 99 87 14 96 60 40 86 87 74 57 17 20 22 90 38 18 95 52 4 98 45 95 28 1 7 91 28 91 26 56 99 75 86 36 14 96 24 21 74 64 52 92 64 86 35 42 
2 95 1 79 55 87 0 40 3 85 89 49 89 49 75 77 80 44 9 86 92 36 58 50 68 33 92 81 3 93 97 0 35 96 55 49 6 93 14 23 99 55 81 100 24 36 49 96 25 13 97 63 18 82 67 47 33 100 28 89 58 19 83 52 75 84 86 87 29 86 67 77 44 53 34 93 40 71 51 0 31 74 33 6 83 0 37 98 83 40 30 4 73 74 24 96 84 43 59 48 8 17 7 85 27 62 56 3 48 14 
96 90 94 91 59 74 31 6 41 100 75 14 43 11 48 1 32 36 15 99 92 57 65 61 73 42 81 91 64 82 83 55 21 84 72 29 57 100 64 40 24 9 91 6 51 96 22 33 25 99 98 84 96 8 89 5 52 17 86 95 43 82 12 92 7 50 50 45 95 54 1 3 42 32 10 81 68 71 50 54 59 25 95 46 44 52 34 21 27 49 82 98 78 23 98 2 82 93 0 25 24 0 29 93 30 11 12 48 88 69 
74 56 16 81 8 99 91 18 44 96 35 31 85 53 81 58 25 93 84 75 70 88 87 90 47 1 92 20 19 73 5 25 63 75 39 10 72 10 98 30 10 16 69 80 6 94 20 41 66 57 13 32 6 6 31 18 77 72 65 13 0 41 100 80 19 52 86 58 54 62 69 47 12 40 94 94 7 98 25 62 85 7 77 86 99 17 12 72 67 43 44 15 2 31 48 24 98 78 8 7 52 72 94 20 92 29 9 70 23 5 
55 63 82 98 80 25 47 28 63 78 8 71 14 18 37 25 10 8 15 8 22 4 18 67 66 9 31 53 33 23 24 83 21 84 31 94 63 14 64 92 87 5 4 26 8 20 16 86 80 16 68 67 5 44 28 5 12 76 27 30 75 22 96 15 76 78 67 78 13 38 94 49 13 2 52 29 96 29 24 88 44 47 44 35 73 97 56 85 9 43 1 94 36 21 57 12 24 38 99 70 4 60 92 24 10 97 49 72 2 92 
93 45 62 61 33 63 62 96 79 82 44 2 99 11 35 16 34 22 19 100 96 15 52 19 24 45 76 49 4 89 33 76 37 19 37 49 88 50 12 85 26 70 44 40 71 27 59 78 53 60 23 3 11 81 53 53 84 19 96 39 26 3 82 80 72 40 40 10 66 6 38 16 47 65 36 27 69 28 98 85 93 38 48 17 97 69 68 10 2 100 72 35 71 41 79 8 47 78 31 27 90 55 91 67 81 40 50 45 76 38 
40 34 94 42 24 0 82 65 79 14 38 65 43 77 60 80 21 2 49 13 23 87 32 1 49 77 93 2 52 39 34 19 40 50 85 56 29 18 83 22 11 57 100 44 21 54 16 100 83 56 83 56 56 59 99 39 85 67 12 37 79 61 85 15 11 11 26 94 95 37 2 68 45 67 46 59 70 97 55 67 74 71 11 79 76 7 37 93 26 57 63 10 32 94 96 36 22 11 77 69 54 23 31 5 87 11 77 66 97 96 
79 48 100 94 76 41 8 26 8 38 62 91 49 87 88 54 83 42 81 96 79 99 82 80 11 92 37 19 63 30 15 31 15 72 8 33 84 50 89 96 34 63 95 87 68 26 40 100 77 99 32 19 93 29 84 92 32 66 29 77 85 90 61 84 64 84 31 36 97 14 79 51 24 82 31 7 70 57 32 52 28 24 48 90 30 91 47 10 49 9 70 37 69 1 5 24 40 27 70 4 48 25 73 54 41 10 94 76 43 59 
48 94 11 31 48 94 38 73 45 63 81 98 46 0 68 13 70 100 67 34 58 28 46 94 7 55 41 77 27 65 10 94 54 74 5 66 26 50 62 1 19 55 67 72 60 91 91 59 87 98 37 57 12 7 35 95 12 49 25 24 75 49 32 1 57 16 86 7 40 38 81 46 86 83 84 74 54 79 53 71 21 95 50 78 11 29 89 14 44 26 86 71 63 64 20 19 63 50 94 79 53 48 43 5 0 27 28 6 90 36 
99 35 23 0 100 82 75 96 38 64 60 56 11 96 11 31 43 86 78 66 70 87 49 67 95 46 59 72 44 50 7 50 53 37 4 33 31 42 13 49 75 16 38 77 5 96 41 81 29 18 84 27 81 52 61 90 24 57 92 49 55 76 28 96 49 75 88 38 85 99 94 18 43 78 15 3 3 71 50 84 43 23 36 28 24 47 77 7 97 86 53 51 75 0 89 25 72 82 80 81 88 47 20 63 54 12 19 44 19 29 
83 0 46 42 85 47 42 99 78 3 51 44 88 56 87 9 33 20 8 21 46 58 100 32 54 21 28 81 81 95 20 68 21 78 9 21 19 24 77 55 39 76 87 64 25 72 93 39 72 49 52 26 100 39 32 88 49 67 56 83 74 44 25 42 30 4 6 97 93 30 24 80 12 40 75 68 97 27 55 26 15 42 63 77 36 78 40 72 17 96 41 99 82 95 24 68 41 30 60 35 52 34 83 23 65 33 63 13 12 72 
66 89 61 62 41 72 74 7 23 2 48 51 14 49 20 75 35 53 29 84 7 38 26 14 50 51 45 96 13 66 9 53 56 94 71 99 80 10 24 31 28 41 6 22 73 79 93 48 80 45 9 20 8 60 44 76 21 83 61 51 51 1 50 31 91 64 47 42 86 36 39 70 25 27 26 89 14 37 94 3 16 67 81 23 23 16 3 7 57 100 87 82 25 22 33 84 11 0 43 85 34 51 20 32 47 25 61 67 24 22 
57 55 97 4 51 60 76 22 30 73 24 96 98 84 75 59 10 98 17 40 4 84 99 8 3 17 55 37 91 62 53 99 20 38 22 51 100 59 95 63 28 85 96 2 44 55 39 7 11 99 10 81 38 41 80 0 43 34 83 62 88 76 41 89 21 91 31 80 13 94 81 27 98 52 1 39 49 52 36 23 100 52 26 73 71 39 14 8 86 33 99 96 90 94 62 64 74 57 54 40 50 81 15 58 74 36 23 77 42 63 
93 18 34 22 13 75 22 17 36 2 39 30 12 60 92 88 65 29 93 43 41 46 7 27 15 35 27 49 75 96 61 87 3 48 76 54 39 84 75 90 76 90 28 45 13 35 0 20 39 59 47 96 22 2 37 52 73 1 21 92 24 52 21 29 85 0 70 46 91 25 91 97 88 19 50 33 89 25 47 37 86 99 21 94 92 13 94 66 37 99 31 46 81 62 91 9 49 71 98 6 89 26 39 7 87 90 58 23 3 52 
41 10 50 97 91 25 47 89 79 1 83 42 82 91 82 41 48 90 4 80 8 44 81 89 19 59 72 0 1 35 7 46 30 83 0 37 33 7 41 16 23 84 60 37 29 76 54 87 25 4 98 64 31 85 67 77 21 6 65 86 97 97 20 61 16 72 14 6 20 81 4 78 42 45 74 6 49 12 54 62 65 0 3 60 45 88 33 67 22 8 66 46 66 38 33 30 23 6 81 79 42 95 7 23 73 6 48 86 34 95 
36 98 58 65 73 73 76 98 6 37 64 87 85 39 63 21 28 8 87 94 81 14 37 43 93 31 98 19 11 20 59 51 61 79 51 37 5 23 65 96 12 23 45 29 34 95 9 34 94 72 3 45 60 41 77 14 71 40 39 42 82 26 90 94 79 2 54 25 8 59 6 46 92 63 86 47 96 85 22 90 74 62 21 65 96 51 90 0 42 54 47 79 14 44 100 81 61 81 73 48 7 99 48 13 95 75 26 31 29 64 
20 19 75 70 100 84 6 71 6 77 88 91 25 99 13 53 17 94 87 27 22 21 0 49 78 98 91 73 84 34 50 68 56 54 31 3 23 58 94 40 85 12 65 79 6 89 52 6 90 84 43 91 48 55 71 11 29 42 33 56 57 35 81 38 36 38 21 73 73 6 16 93 21 3 41 70 24 16 47 75 93 58 45 94 22 67 92 33 96 86 80 51 48 81 69 5 86 18 17 13 37 91 30 97 98 72 32 47 12 7 
32 24 98 82 86 14 11 73 84 7 38 53 35 89 56 42 12 96 59 43 41 7 79 81 36 72 56 44 12 28 42 59 36 64 68 91 30 39 18 31 48 61 24 41 15 25 70 73 78 20 56 56 42 15 12 90 46 24 68 79 11 53 34 29 32 88 80 13 58 81 92 37 46 63 45 9 61 56 64 56 98 57 59 29 45 27 96 80 3 47 75 93 61 56 84 62 59 18 77 74 46 42 68 2 75 78 70 96 92 1 
73 73 53 43 35 9 66 18 8 60 39 58 66 91 10 9 53 86 20 70 79 19 20 26 58 76 70 61 44 32 54 15 76 89 66 11 62 5 74 10 78 9 96 35 21 23 6 72 63 42 90 18 57 11 3 48 67 2 0 100 85 77 40 90 76 40 90 0 38 0 88 95 62 11 20 11 47 83 46 13 38 14 21 12 6 36 11 88 37 51 44 39 75 12 26 72 87 20 34 56 29 75 77 97 98 46 22 91 32 50 
76 95 82 94 92 62 5 31 5 31 18 4 20 26 55 47 69 97 28 8 4 8 81 79 91 14 50 23 95 69 36 13 29 24 98 38 3 37 3 1 55 95 76 28 99 48 80 87 91 67 11 14 7 21 94 32 98 71 67 34 63 6 61 23 91 42 74 9 58 51 17 90 63 1 88 35 52 17 80 21 64 34 3 87 20 63 18 99 87 46 7 28 56 51 78 15 70 45 26 79 26 94 17 36 42 57 95 8 65 67 
69 47 37 27 1 2 74 61 25 39 71 91 23 46 35 47 6 28 33 3 0 69 53 45 53 70 67 54 87 73 72 12 57 52 18 47 55 70 6 44 60 20 70 27 90 78 74 44 13 89 72 61 5 78 77 83 26 37 84 51 84 6 25 21 39 82 44 53 8 99 70 4 13 33 34 20 19 77 6 95 5 60 66 2 16 63 97 58 59 2 69 14 40 16 23 84 6 87 93 23 28 97 13 41 100 77 93 46 64 94 
16 41 61 55 51 76 16 69 77 42 2 39 41 66 39 19 47 4 92 13 39 71 39 85 27 56 86 50 37 55 15 85 98 90 76 22 72 86 62 66 9 96 14 4 18 64 54 6 56 19 92 17 50 28 35 93 79 4 28 92 42 70 72 53 78 29 39 92 40 15 34 69 19 89 81 28 77 54 87 30 40 67 71 85 67 72 53 36 2 40 34 50 89 19 27 78 53 18 13 4 21 81 7 51 5 78 61 14 82 95 
54 66 76 86 98 5 18 14 79 35 38 23 56 71 61 31 87 71 33 48 54 50 96 21 17 64 17 38 69 43 46 17 96 44 67 71 24 80 3 29 32 16 24 77 64 100 30 58 52 69 75 94 93 92 4 20 65 45 34 79 43 51 91 65 87 89 79 20 75 97 47 6 81 89 85 1 91 7 53 80 84 55 25 19 62 48 13 95 78 34 39 74 72 51 100 32 48 70 79 4 78 74 18 58 36 71 72 73 38 28 
36 67 22 55 48 73 69 46 31 24 77 7 39 62 66 78 54 73 99 75 71 21 75 62 63 44 99 78 30 82 54 34 55 52 22 70 43 41 48 97 47 43 79 58 75 73 11 93 8 98 79 21 7 32 87 38 77 93 90 55 79 52 21 56 84 49 5 37 43 79 67 22 43 55 76 73 88 83 48 79 58 9 55 1 23 11 87 43 25 87 56 76 95 46 17 100 93 36 100 84 65 27 17 73 13 11 83 70 15 30 
33 27 71 59 69 49 88 71 21 70 99 59 93 96 4 3 40 43 53 74 81 23 19 75 37 62 19 83 32 63 28 12 31 61 17 80 85 27 72 97 9 12 17 0 37 66 11 38 23 82 69 84 100 33 75 88 23 38 12 59 15 59 30 27 50 65 71 30 95 6 77 69 64 83 87 25 50 5 43 93 27 96 30 91 24 12 38 72 7 90 68 36 80 40 39 51 73 52 94 41 85 15 36 83 31 4 64 12 90 20 
43 72 52 37 52 97 37 32 10 91 11 65 76 11 65 47 60 72 83 99 65 0 83 42 1 51 67 73 1 52 50 24 100 24 31 29 33 69 34 32 28 15 23 47 30 85 76 71 1 21 61 54 100 20 97 46 29 11 28 94 80 73 41 38 6 39 52 42 28 38 74 56 3 29 45 68 90 6 34 68 10 87 95 49 13 95 23 59 45 35 49 89 95 28 14 17 73 63 96 67 66 44 8 85 28 43 98 55 95 46 
71 25 70 17 76 8 84 59 33 87 46 51 1 69 93 70 24 69 25 89 5 92 7 96 76 64 33 67 8 18 18 12 52 76 74 46 65 73 0 29 59 37 6 67 22 46 53 44 14 98 74 32 41 28 54 70 89 10 43 42 63 58 6 11 84 47 26 28 67 35 5 52 16 59 98 42 90 66 77 58 43 23 45 82 2 39 70 71 84 7 62 46 64 5 94 23 49 86 89 32 21 25 11 51 39 17 2 80 31 38 
61 44 24 47 86 17 7 92 41 13 100 21 71 93 72 77 45 32 80 4 11 66 1 54 69 90 79 12 10 75 90 80 68 36 36 38 62 51 7 82 46 71 63 38 48 50 59 40 63 28 27 99 72 54 54 85 65 16 59 16 32 67 46 29 79 99 2 51 92 7 95 12 26 58 65 28 68 21 30 91 57 70 89 92 98 32 81 14 90 92 44 59 61 23 74 88 81 74 70 13 51 66 65 93 78 5 91 10 79 25 
44 32 19 5 2 96 98 28 32 29 5 54 2 99 47 46 50 96 12 25 54 71 52 74 64 11 62 14 27 59 79 41 24 17 35 28 77 36 24 44 69 75 41 0 48 67 78 16 9 33 88 90 24 81 39 44 37 56 1 48 84 84 0 62 94 91 19 16 28 28 49 21 90 83 95 34 21 7 89 0 12 29 12 25 69 72 33 81 9 11 9 16 80 83 10 28 64 7 90 1 90 43 34 92 78 38 33 21 43 74 
97 82 62 38 19 87 66 49 62 70 28 97 9 2 27 75 58 29 30 40 54 41 83 33 42 80 90 93 25 84 53 23 9 48 30 60 29 22 52 17 89 0 2 59 27 30 78 79 82 89 70 70 32 63 32 96 38 41 66 15 31 24 89 98 61 53 38 52 70 0 74 17 0 19 27 13 93 80 31 36 85 23 20 42 86 14 62 81 88 93 25 76 78 60 69 75 45 60 57 84 44 15 93 27 77 85 97 95 20 74 
67 30 75 30 70 52 70 11 19 32 57 26 10 99 28 89 52 21 33 13 90 41 25 46 12 53 11 40 44 8 91 23 91 95 58 13 82 72 33 11 75 73 29 2 6 80 25 53 61 33 73 32 75 14 71 60 15 22 99 63 56 42 17 37 63 52 28 47 99 24 12 45 51 79 11 66 72 72 69 68 33 97 100 52 73 24 19 49 79 57 57 73 3 65 19 28 56 8 98 9 94 37 57 35 80 8 94 81 16 15 
28 83 38 41 90 43 55 58 89 71 53 79 92 22 84 61 39 19 86 80 76 70 93 74 70 46 54 64 46 41 59 25 39 43 21 50 34 40 26 67 14 31 84 65 92 58 73 20 99 73 45 83 93 10 2 73 46 34 67 34 35 66 39 36 52 11 22 57 64 80 14 43 71 88 51 49 17 41 28 76 26 75 98 65 9 14 94 66 24 23 62 34 22 53 65 32 64 10 49 33 41 19 9 62 45 39 99 92 34 0 
74 73 84 29 13 45 73 70 81 27 83 67 55 66 16 39 64 33 84 34 83 18 75 22 69 28 42 37 9 88 51 10 90 33 28 92 81 93 7 80 11 74 4 95 52 86 50 51 92 19 10 18 87 21 83 94 90 99 35 63 20 31 44 39 10 52 27 50 10 3 46 55 41 63 55 95 94 2 36 74 44 24 71 67 86 97 30 47 13 48 42 55 7 27 73 92 53 16 17 13 97 85 73 50 8 55 65 2 36 73 
71 17 61 69 50 44 75 56 55 30 93 16 32 67 8 54 55 77 69 15 85 53 35 0 2 65 12 22 0 80 71 68 15 66 43 52 35 29 10 53 20 5 47 90 78 4 4 73 64 91 67 18 0 22 96 66 14 76 32 48 21 37 32 3 69 70 99 58 3 76 87 77 90 43 10 91 96 61 77 9 99 71 44 8 40 100 89 45 34 38 98 59 45 34 12 91 32 94 66 31 80 25 14 60 67 7 13 46 28 61 
20 4 86 20 82 99 24 65 75 18 90 11 32 29 39 7 58 36 22 33 9 61 18 30 72 6 6 18 15 7 91 96 47 80 35 12 18 51 80 55 48 75 25 82 35 1 80 66 54 71 96 50 15 78 55 78 50 65 37 61 40 89 56 95 35 49 47 90 9 7 70 72 4 38 91 13 89 19 10 39 35 12 83 18 98 38 99 76 25 16 22 92 81 23 25 30 40 32 23 98 69 88 48 25 57 41 65 99 21 88 
51 29 78 24 91 67 89 50 5 17 5 50 97 40 8 74 10 12 63 26 94 56 72 34 52 82 30 44 45 100 25 13 3 52 85 75 0 80 31 7 44 45 50 27 65 89 65 69 59 34 53 50 11 47 75 14 96 23 0 39 87 10 58 30 95 61 15 44 90 64 10 24 27 2 12 46 95 35 48 60 89 93 79 20 31 70 52 94 74 67 91 24 90 67 18 58 24 79 37 44 16 89 23 66 63 3 90 32 3 4 
77 78 61 6 10 68 1 39 30 95 79 58 29 95 12 61 74 43 32 15 49 68 62 26 83 15 51 48 62 45 7 12 36 49 88 9 7 8 40 22 11 75 45 48 6 44 23 38 30 5 25 19 3 30 18 30 7 39 78 88 72 97 85 87 22 79 17 16 64 42 12 78 98 49 1 29 73 21 14 65 28 51 22 74 6 68 77 63 12 54 35 34 2 8 26 51 68 72 75 80 22 67 66 53 19 25 37 24 36 10 
42 37 2 23 89 100 11 16 24 80 84 40 54 39 65 81 96 89 0 21 35 34 49 59 49 62 45 27 99 31 46 28 38 3 9 54 62 56 2 30 21 10 13 9 83 39 28 45 12 19 83 88 58 38 85 73 38 100 82 25 11 9 100 97 51 96 20 64 27 39 65 14 86 74 68 7 97 30 14 36 52 3 10 48 80 47 70 3 95 99 31 86 66 29 68 67 96 58 80 44 82 21 22 25 27 25 83 98 56 50 
49 83 59 71 68 47 70 61 39 48 62 28 56 79 69 77 23 54 18 49 58 19 44 86 73 31 47 18 9 85 72 1 39 41 24 44 94 83 45 80 72 82 20 60 60 33 22 55 43 85 75 31 86 41 88 12 10 22 55 29 3 65 97 63 40 49 97 3 67 79 14 29 43 38 29 44 74 92 65 94 44 0 14 77 50 6 100 18 18 9 26 41 76 93 91 23 41 12 9 25 12 68 77 72 14 67 56 7 100 65 
89 19 82 14 52 18 100 90 65 84 9 38 62 40 21 45 70 68 60 62 71 69 25 2 20 67 74 81 78 61 8 23 75 53 51 20 13 86 97 18 76 33 73 72 25 45 23 34 70 20 51 33 47 26 95 23 69 82 66 61 4 85 5 45 94 38 7 43 8 88 70 57 71 47 6 42 22 99 100 34 46 73 13 74 65 47 33 74 65 85 62 31 72 85 33 95 98 18 9 10 0 31 64 31 57 82 43 22 31 71 
59 25 66 96 74 47 3 51 33 78 85 46 4 10 32 42 1 89 0 32 39 18 55 83 83 0 16 71 88 59 68 47 45 13 50 5 15 73 22 47 85 35 31 98 34 25 99 86 96 29 39 70 51 8 78 62 25 11 16 19 9 79 86 89 78 20 42 84 61 99 13 77 31 77 0 28 76 45 50 15 88 53 58 6 52 78 33 69 76 99 60 2 59 30 57 91 67 80 1 10 93 57 49 46 68 61 56 44 74 56 
5 56 97 11 11 14 83 66 84 51 72 91 64 90 21 8 57 48 70 3 5 34 36 44 94 7 32 29 99 28 28 93 54 80 58 74 16 49 69 21 25 39 91 38 19 5 21 3 77 95 45 85 42 24 70 37 50 76 83 67 88 15 9 49 77 24 25 84 48 81 40 49 36 73 67 14 93 66 63 47 86 51 87 31 55 7 50 17 57 55 90 57 65 17 64 60 8 72 98 52 4 56 85 41 79 16 35 53 55 41 
16 32 51 76 82 85 87 79 99 99 71 10 26 72 67 53 43 35 98 47 99 58 67 11 2 10 31 28 92 85 68 63 47 90 11 66 17 0 46 70 42 62 83 15 12 75 73 50 61 58 10 63 92 4 71 23 11 7 76 8 5 85 73 88 77 22 81 10 97 1 91 85 89 57 30 80 62 1 79 29 30 6 70 26 22 23 66 50 89 46 47 61 32 74 38 81 9 48 42 3 41 10 62 16 13 42 39 30 20 58 
10 72 85 1 17 25 57 48 44 87 29 8 83 80 34 60 71 37 49 45 38 29 87 77 19 34 43 87 8 90 78 36 65 98 60 4 98 20 86 91 88 97 80 14 93 48 41 90 44 19 91 37 29 50 31 49 67 41 51 13 33 37 79 45 33 18 38 43 28 96 23 53 20 100 16 28 45 58 44 36 36 0 15 16 0 44 48 30 98 100 99 44 55 92 21 90 25 5 62 32 44 10 87 54 35 58 52 46 41 62 
1 90 32 40 10 54 58 28 77 97 23 43 69 59 58 13 4 26 55 62 35 44 15 83 46 76 33 27 37 75 60 29 6 78 77 10 5 57 17 95 38 10 65 11 23 46 98 32 94 63 62 59 99 98 98 20 10 44 97 46 41 97 23 29 67 38 83 9 96 25 54 13 0 50 23 94 46 69 83 85 57 98 55 12 0 47 38 61 15 26 78 66 77 33 69 73 11 91 25 85 4 93 96 54 17 81 96 3 23 53 
53 37 63 61 26 89 76 74 72 24 11 99 100 33 7 29 10 87 98 47 69 55 91 58 72 11 59 60 52 61 26 25 32 94 24 79 4 68 18 1 69 93 12 75 97 36 69 14 2 35 51 20 81 57 28 89 71 67 77 1 87 40 4 59 7 47 78 37 24 54 20 17 25 59 64 86 13 10 53 3 73 54 12 71 62 30 51 50 57 18 12 57 21 69 54 30 56 28 9 88 17 84 97 59 37 70 61 60 49 85 
52 61 23 98 68 83 74 15 51 27 4 71 73 87 25 88 54 28 12 50 77 39 58 98 57 65 35 18 5 54 84 24 42 98 92 16 66 35 25 29 4 73 35 31 9 64 72 85 75 5 9 61 40 63 18 35 99 75 0 68 86 3 67 84 0 17 55 30 81 42 80 1 37 34 73 87 45 77 46 88 80 71 97 13 91 35 98 52 4 86 35 100 27 18 71 34 37 8 18 40 66 18 26 53 53 78 16 38 93 1 
75 5 86 5 60 12 99 26 33 51 69 92 12 98 88 29 85 64 54 6 62 58 74 10 57 75 19 100 57 33 2 0 66 15 86 81 35 81 78 57 64 60 95 92 37 70 39 6 8 96 44 14 8 89 56 21 75 24 52 39 96 56 60 21 72 63 11 0 3 37 17 47 58 34 28 34 93 49 74 98 6 51 4 55 53 56 87 32 13 40 35 53 17 6 51 17 64 66 5 90 24 14 86 93 69 92 31 0 41 13 
69 43 41 30 0 58 87 60 52 77 59 63 59 95 64 46 12 41 1 6 45 95 7 4 42 37 36 53 8 83 15 18 12 14 1 20 97 60 59 14 82 37 28 53 45 4 68 49 52 3 18 30 84 11 43 19 54 32 20 67 90 6 27 51 2 6 62 68 38 18 70 42 13 17 51 46 72 6 20 83 27 54 23 52 12 54 82 51 15 91 32 26 75 13 8 9 24 35 66 15 24 49 17 49 20 66 69 40 8 15 
17 95 17 7 74 84 28 36 9 2 37 21 40 83 41 16 83 44 17 37 25 96 34 19 8 96 90 73 17 80 61 14 81 88 22 13 63 86 75 85 19 95 80 52 56 47 36 87 62 77 98 24 39 58 28 32 30 30 42 33 42 17 11 80 52 15 7 17 37 44 87 62 41 64 86 31 63 98 36 67 72 63 50 33 97 38 21 33 19 18 23 15 74 17 12 61 10 15 18 50 51 18 5 69 21 74 69 70 89 86 
72 94 51 42 74 66 9 27 100 18 66 79 95 36 94 77 60 19 21 78 64 54 22 97 15 54 40 14 78 54 18 2 4 4 37 76 46 83 50 5 57 38 8 14 37 32 19 0 21 74 31 10 98 3 74 82 14 56 88 78 21 38 11 31 62 15 63 33 86 21 3 69 67 84 39 96 45 57 31 58 72 24 68 46 73 57 76 60 28 55 27 79 82 93 67 20 82 52 47 55 9 31 18 80 72 21 36 85 40 88 
0 82 91 37 19 48 10 42 49 19 53 7 88 72 9 35 64 52 67 57 14 1 83 19 85 30 8 76 71 18 12 39 48 76 38 84 28 63 33 96 98 44 93 40 93 94 64 17 24 18 4 5 51 47 71 5 11 62 33 37 69 17 97 54 85 56 82 41 26 81 23 79 88 5 40 29 13 26 68 60 70 56 58 70 90 43 28 12 39 55 72 5 58 26 30 56 78 46 32 74 74 25 4 2 50 99 59 55 62 92 
73 9 16 13 41 54 74 36 5 14 84 55 5 58 0 97 55 33 54 4 47 44 93 72 28 98 87 86 76 56 56 16 65 53 34 18 33 27 26 54 100 51 28 61 59 39 12 84 70 100 100 4 22 5 78 23 56 43 28 37 50 61 83 1 13 55 40 43 78 22 97 38 26 96 59 76 76 34 85 94 78 66 29 61 50 36 16 42 17 44 9 37 47 33 86 17 97 100 36 4 48 69 85 85 16 25 24 78 70 17 
17 11 22 81 35 62 28 79 58 33 20 73 68 99 77 41 35 77 20 91 70 11 86 6 96 16 4 56 19 73 45 100 33 12 49 12 47 17 43 31 57 50 100 65 94 43 38 88 63 55 26 37 72 47 26 52 84 63 35 64 28 45 14 11 76 8 96 32 69 32 62 6 5 78 7 68 60 20 55 14 57 75 49 8 18 52 71 67 70 7 9 82 77 75 93 41 2 28 66 40 96 77 34 97 22 91 35 41 96 7 
80 35 4 13 35 76 93 65 62 12 1 31 80 26 28 63 56 5 91 7 50 92 15 83 8 0 17 19 5 60 48 48 36 83 1 82 64 47 56 86 69 91 63 71 19 85 24 88 65 34 28 19 98 78 50 19 39 95 25 51 24 25 19 53 12 15 99 29 58 49 79 70 19 23 34 95 27 3 56 30 48 15 5 11 64 82 98 44 7 66 75 40 63 7 43 82 98 71 47 23 57 33 97 22 25 60 80 20 15 94 
73 12 89 57 76 66 24 43 19 18 89 79 100 78 24 94 60 68 26 8 87 6 31 45 76 12 96 23 90 49 38 26 19 24 93 38 24 20 29 14 77 2 63 22 34 96 58 45 77 19 93 33 89 14 38 66 79 56 64 68 15 99 36 89 57 68 73 13 12 74 89 86 83 72 40 94 12 18 85 87 92 0 69 12 53 42 54 90 91 89 32 57 4 84 80 16 96 27 24 34 2 5 71 23 75 1 27 90 50 80 
22 18 11 9 39 96 55 96 93 50 83 18 1 29 14 5 68 70 38 51 42 50 0 30 58 78 42 36 100 63 100 27 48 65 67 41 88 7 56 50 71 67 2 13 86 83 98 44 34 77 82 23 85 53 63 65 23 50 49 92 36 25 64 9 79 30 34 20 30 8 57 42 0 92 29 90 33 16 61 86 15 18 19 21 29 18 71 14 37 54 93 7 13 2 28 91 23 2 34 82 18 71 4 15 99 9 27 78 68 45 
74 96 5 23 11 100 55 96 7 63 93 88 64 81 49 61 33 49 40 60 49 5 78 29 10 82 92 87 82 45 81 70 32 47 87 30 53 47 67 5 27 77 39 70 17 19 18 67 78 5 35 29 83 99 81 41 71 73 61 88 39 64 30 93 74 79 83 43 25 91 39 73 43 7 95 16 16 67 0 70 13 47 7 14 94 59 67 85 65 47 61 50 36 54 2 92 77 100 89 25 53 73 57 34 77 84 16 49 59 54 
47 48 40 17 92 91 45 29 47 64 61 55 76 76 3 86 37 86 34 8 67 61 8 92 64 4 99 48 79 96 20 99 57 22 19 48 74 87 4 21 16 92 8 100 71 58 98 31 41 30 76 8 52 66 34 14 61 10 40 90 60 57 86 100 97 29 22 55 74 26 83 28 22 5 41 91 64 2 86 13 88 84 45 31 87 48 3 61 28 40 23 72 34 58 66 5 70 29 95 85 76 35 94 38 75 89 96 98 92 43 
65 3 93 96 42 2 50 32 60 64 22 30 97 99 6 0 97 20 25 67 31 10 71 92 18 9 92 97 29 56 76 73 18 37 65 74 11 78 25 98 85 27 57 99 96 3 42 65 2 0 21 46 21 70 7 41 1 37 28 30 22 67 31 69 91 30 15 19 91 86 51 45 19 33 60 31 54 20 66 21 73 79 48 93 2 10 18 94 33 51 37 47 81 97 13 86 28 64 12 8 20 93 2 14 27 10 50 28 86 15 
31 4 40 50 70 1 94 54 72 69 88 85 74 42 29 67 1 14 66 78 42 34 25 90 68 77 14 52 59 62 41 43 77 3 66 75 61 52 44 9 32 48 26 45 93 10 82 76 57 16 83 12 31 91 30 48 18 33 14 43 64 97 88 86 38 52 64 41 7 82 43 41 68 76 63 92 17 18 68 93 76 87 91 77 0 100 42 92 55 46 53 65 57 39 7 31 83 74 46 50 39 83 96 58 14 50 64 43 35 21 
22 15 99 21 29 19 69 50 80 72 50 56 70 62 15 24 74 29 6 9 84 63 18 25 12 23 53 94 65 14 64 43 3 42 33 43 67 85 2 71 79 48 67 42 55 21 60 70 42 64 58 57 97 79 39 29 54 26 54 45 33 4 32 9 35 40 15 90 90 52 46 39 6 61 78 20 55 55 20 64 65 59 84 26 2 95 58 1 56 74 56 2 56 22 71 30 29 60 61 61 87 36 80 44 27 94 24 5 77 46 
76 1 75 18 50 77 30 18 55 74 96 56 97 50 1 98 54 71 38 51 45 31 87 9 5 98 2 14 26 98 74 60 20 79 10 61 43 34 56 19 61 8 49 30 5 76 89 61 93 88 19 31 33 86 14 82 86 25 0 62 39 72 76 83 58 82 24 83 33 41 33 52 52 13 7 10 11 32 86 28 41 40 6 84 0 42 96 50 78 14 81 42 18 93 24 35 55 100 16 96 16 35 25 90 21 20 30 10 9 98 
52 96 32 34 24 68 59 77 28 34 14 67 16 41 86 43 85 58 73 3 58 50 54 8 23 82 59 34 2 5 86 62 96 26 18 62 71 69 14 76 0 54 77 12 93 56 96 21 18 100 1 34 75 97 93 62 14 59 82 71 3 5 8 13 77 37 97 39 93 100 90 19 38 22 34 34 90 0 77 75 86 52 57 78 38 79 20 7 55 59 47 82 53 5 23 24 6 57 56 74 70 14 56 69 62 35 23 98 12 20 
37 45 97 82 23 19 19 67 41 72 3 15 3 14 14 5 90 64 35 30 12 42 42 32 8 29 81 77 71 21 12 41 18 41 61 86 81 51 60 88 38 29 19 75 3 44 52 65 59 53 16 62 34 17 21 76 47 15 14 80 38 7 75 17 29 43 44 90 11 73 85 40 66 46 11 58 3 95 1 8 65 93 17 61 70 71 59 59 61 85 69 12 19 95 85 2 75 24 65 78 65 94 96 78 30 67 10 30 43 6 
28 27 75 72 44 99 67 90 29 68 100 47 3 31 68 94 86 46 8 0 81 43 48 96 5 20 73 86 57 45 25 20 38 94 22 30 61 99 41 55 37 87 94 37 73 1 45 4 58 34 37 76 18 72 60 7 22 82 57 76 19 30 69 62 33 11 40 92 76 62 55 22 39 30 7 36 10 33 45 19 40 99 37 73 20 6 59 32 96 86 86 72 8 30 87 99 45 20 25 31 41 19 31 91 77 31 2 16 26 12 
91 87 9 4 63 38 54 0 22 94 99 35 50 1 98 100 34 35 82 18 2 24 22 45 31 45 67 81 39 44 51 47 38 49 68 35 46 82 59 58 1 76 79 12 84 67 22 7 84 7 33 64 45 15 46 49 32 33 21 93 22 0 91 88 15 33 21 21 68 0 60 32 81 30 28 20 13 63 50 41 83 4 78 100 49 29 88 87 28 75 92 88 67 57 37 50 9 15 12 96 64 18 59 17 77 82 44 98 58 54 
20 52 58 1 35 51 43 34 80 97 95 6 5 67 22 23 28 69 60 78 29 93 34 93 5 81 43 73 60 62 7 5 38 77 61 73 58 22 78 27 65 87 15 6 66 33 23 0 6 37 84 63 80 51 79 96 73 53 84 31 75 99 31 80 15 74 49 23 48 97 39 4 79 72 69 22 64 43 59 6 70 17 87 96 28 10 44 85 14 16 48 43 84 69 100 35 75 24 58 6 17 79 22 72 16 16 87 16 76 78 
88 39 55 11 63 45 73 54 9 48 98 1 64 37 33 18 9 86 41 90 61 5 61 23 16 28 24 23 18 89 59 26 86 91 45 63 35 55 87 14 46 52 32 11 58 10 7 25 54 37 21 75 75 10 93 97 78 94 33 88 80 63 76 1 63 30 42 27 39 58 44 21 64 50 37 60 18 89 84 99 87 21 5 49 16 32 71 51 3 97 71 30 42 32 80 4 98 48 68 45 35 9 86 95 47 65 41 43 75 52 
