80
80
78 69 8 1 91 59 2 32 68 89 53 74 53 5 70 32 9 45 78 15 99 95 43 87 34 9 7 73 12 97 65 15 11 12 16 77 64 41 1 96 42 73 64 16 85 3 24 5 10 63 0 89 48 68 30 44 71 20 90 58 66 42 64 55 2 94 28 45 85 18 95 17 7 43 100 51 67 41 83 81 
72 76 75 81 18 57 36 18 42 0 15 88 48 76 48 78 42 99 71 87 34 29 81 61 73 97 62 76 21 23 23 99 42 20 8 22 25 73 48 81 9 74 76 62 80 19 29 31 3 23 9 91 91 70 1 61 10 70 70 97 49 12 81 6 91 22 78 64 89 24 48 0 96 57 65 37 91 26 69 15 
91 13 30 47 79 4 86 33 33 83 60 44 47 72 50 53 92 81 8 31 33 88 13 81 33 77 18 24 27 94 62 64 96 12 91 59 6 36 69 43 3 92 73 69 70 95 55 82 2 21 82 64 11 1 9 84 26 4 68 16 56 44 81 94 58 60 30 26 9 62 5 59 56 38 87 95 64 7 91 52 
53 40 60 20 56 73 67 69 26 21 67 64 41 6 29 81 61 19 81 51 57 33 99 68 19 11 41 78 32 78 70 0 94 28 86 99 62 63 100 63 50 23 45 40 66 14 5 85 22 20 6 3 79 97 5 38 45 5 96 49 27 34 28 12 21 88 60 88 81 30 92 65 4 18 87 18 43 86 23 65 
35 60 38 7 94 11 95 47 97 47 9 2 76 31 8 0 20 83 32 27 0 86 42 54 8 77 16 72 25 28 16 79 81 6 51 54 22 40 77 55 18 99 9 83 37 76 24 86 1 29 63 46 20 15 16 15 82 36 13 6 83 40 45 34 45 29 80 95 16 1 6 33 49 35 58 1 55 89 88 2 
40 99 66 3 37 21 36 57 77 25 41 95 86 61 21 54 10 66 31 66 70 4 95 54 75 48 52 40 46 25 91 88 68 69 60 18 28 49 61 84 48 56 46 54 58 49 58 93 47 76 21 62 11 47 35 48 40 80 79 39 15 70 33 24 28 77 24 11 32 65 15 70 28 25 100 72 10 3 32 11 
13 91 68 17 10 97 76 41 50 23 57 88 52 70 47 32 62 95 79 34 57 93 45 28 86 51 84 4 79 55 20 40 19 51 56 65 74 38 9 64 36 32 27 37 38 97 57 43 56 45 31 9 96 44 91 65 42 47 52 59 92 19 32 7 61 49 45 47 20 22 28 6 46 17 2 8 76 50 44 11 
95 8 74 28 7 57 56 52 87 29 56 27 31 90 42 27 41 17 51 72 66 56 86 29 37 27 60 3 47 16 13 23 9 82 87 6 84 89 12 10 76 8 24 9 65 45 86 94 10 56 41 49 27 33 4 85 92 97 33 47 53 31 25 13 36 26 20 38 48 95 7 82 73 90 45 39 49 46 67 72 
85 99 95 22 32 90 0 92 64 90 71 43 37 90 50 17 44 93 10 71 86 75 70 100 80 95 11 88 63 12 14 93 80 91 52 24 28 32 89 59 66 82 51 75 99 26 96 59 40 41 73 79 87 22 11 50 30 27 36 98 17 5 85 37 71 6 7 73 68 77 33 13 28 33 91 39 24 27 73 61 
70 22 24 35 2 13 61 61 100 78 52 24 63 61 24 43 4 74 22 87 1 44 16 81 100 69 78 27 8 83 100 59 18 6 45 92 19 36 78 36 97 99 64 78 24 70 24 29 4 59 38 78 64 16 91 95 40 68 13 6 3 82 65 38 98 19 21 42 7 32 28 65 99 4 85 21 59 16 86 11 
29 26 16 54 91 14 93 60 2 29 55 68 96 68 92 63 46 56 45 16 3 77 80 48 39 47 51 98 74 99 68 21 57 71 65 13 1 6 94 26 67 95 7 44 61 14 81 62 81 19 15 7 44 93 81 45 44 74 50 52 34 42 24 29 4 8 28 76 26 38 84 84 16 63 94 56 86 56 91 4 
24 82 30 91 60 86 42 78 61 13 85 14 24 46 90 25 34 13 20 38 31 5 89 72 21 51 88 78 92 78 88 42 23 85 79 94 99 50 13 99 17 42 89 92 28 10 69 87 94 87 9 97 3 21 31 48 99 5 40 85 44 14 59 83 86 54 70 40 49 68 60 59 27 37 61 56 49 37 85 4 
65 97 67 70 45 23 83 16 40 6 5 41 56 41 5 40 97 15 22 71 93 9 27 12 74 73 17 88 26 87 32 4 21 80 24 53 38 8 98 7 93 89 70 91 52 37 45 52 97 10 57 84 4 39 51 98 46 99 20 28 74 94 55 42 44 54 17 49 15 40 40 46 64 85 16 45 86 100 18 9 
12 98 48 2 56 59 50 34 32 50 39 96 42 90 86 47 64 98 0 58 97 7 75 37 95 43 13 57 38 63 87 53 72 47 8 76 78 24 25 30 90 53 12 85 26 81 55 1 85 4 14 30 96 43 65 81 8 37 100 44 49 2 25 14 3 53 91 57 59 91 35 57 42 52 25 43 96 25 2 97 
55 97 51 78 66 12 98 93 1 77 15 43 99 7 59 22 1 8 74 0 8 50 50 48 23 84 38 46 40 33 38 58 99 80 0 65 72 44 67 21 34 22 36 33 18 52 55 79 89 91 29 9 77 16 48 45 15 16 87 97 74 61 95 32 0 68 94 15 38 30 50 40 8 7 35 34 49 69 59 4 
40 95 0 22 38 36 69 22 75 98 22 8 26 15 35 8 52 63 44 26 63 44 9 60 91 55 100 81 31 40 45 11 19 38 88 45 47 34 33 18 25 45 27 28 35 67 97 37 99 2 16 61 82 69 6 41 65 7 54 9 82 22 81 73 60 50 2 35 45 64 99 74 24 71 61 57 77 7 10 65 
50 66 26 38 40 66 23 39 28 50 94 97 41 37 64 54 81 0 1 40 91 76 16 2 20 56 84 79 30 77 62 55 69 43 82 57 65 50 2 97 4 17 79 6 66 25 85 39 23 94 71 45 22 28 84 0 31 93 41 70 48 2 34 65 42 54 49 76 27 59 31 79 75 43 60 82 96 65 55 69 
84 25 72 77 58 0 40 21 68 19 45 48 86 66 67 83 71 9 92 47 11 61 50 79 12 61 38 60 25 11 50 26 84 95 31 99 25 32 62 17 5 51 0 38 6 66 68 47 20 78 5 45 53 3 32 95 99 61 78 84 37 72 57 19 65 67 14 28 14 44 45 29 29 23 18 99 45 7 24 76 
48 98 93 1 96 63 7 60 0 37 45 14 82 3 51 63 89 7 46 17 20 19 86 74 82 100 69 20 17 53 4 51 74 5 52 18 56 25 73 29 63 66 92 36 36 4 66 74 94 14 34 28 82 49 2 89 92 27 11 19 95 29 46 18 93 55 73 21 21 5 88 67 78 16 80 52 60 78 64 27 
85 24 58 92 100 81 33 4 95 19 37 17 29 48 54 76 25 80 93 28 22 44 79 4 14 36 27 3 75 89 47 12 80 11 61 94 95 79 22 48 82 57 55 14 28 84 94 84 66 73 60 74 79 73 76 72 41 34 49 44 47 53 44 57 81 18 15 20 86 25 53 6 47 5 97 73 45 92 24 32 
78 92 2 29 67 8 69 38 29 16 29 56 76 41 27 27 58 17 89 68 26 90 81 5 54 68 67 4 32 4 18 44 60 39 97 70 19 58 68 42 27 52 74 32 82 42 57 12 18 75 50 71 86 21 88 34 54 66 54 86 53 92 84 43 73 82 26 65 55 16 71 64 82 49 98 80 35 44 63 66 
11 77 43 37 37 17 79 33 8 0 78 80 77 34 29 35 34 73 10 2 62 3 15 26 25 37 68 67 63 7 40 8 64 68 9 44 5 91 57 91 83 17 57 31 13 11 42 22 8 0 97 92 12 77 76 5 79 55 13 13 63 74 78 38 75 61 58 33 83 48 62 71 57 9 22 64 42 17 11 62 
62 29 100 19 70 38 33 42 79 36 2 13 38 28 23 58 6 76 70 56 10 5 94 64 7 25 32 65 93 48 94 24 0 8 27 50 22 12 60 62 51 77 80 0 67 72 77 44 24 65 88 82 24 80 78 82 97 73 18 38 20 60 16 18 8 98 25 38 64 9 28 99 45 83 23 66 66 66 56 21 
54 22 10 8 88 33 88 66 16 41 77 25 62 41 96 62 90 62 58 73 62 28 37 92 41 58 38 63 40 18 12 33 63 36 23 2 45 96 19 24 84 89 13 21 48 25 9 33 68 72 63 21 83 54 65 50 56 54 12 36 95 93 32 70 93 5 40 27 94 82 77 86 58 24 79 0 43 100 67 22 
72 50 49 32 71 81 92 33 50 23 59 95 22 75 86 58 17 1 60 72 24 32 75 92 84 52 32 7 80 84 93 50 68 77 90 8 74 69 84 88 21 82 31 58 89 89 54 84 43 77 33 24 62 69 25 18 78 25 28 32 1 7 29 84 3 9 72 19 77 44 17 63 25 72 19 27 55 25 82 38 
52 100 99 24 13 43 72 45 15 56 85 43 67 22 43 74 99 8 85 40 55 77 67 14 59 65 1 4 22 40 32 84 48 47 35 30 98 89 34 55 21 97 12 22 84 37 40 25 72 67 9 50 7 5 80 43 7 41 79 99 31 67 24 99 29 99 32 85 66 72 56 100 86 68 41 20 65 99 59 34 
37 65 17 72 63 86 35 55 47 97 32 27 77 25 75 52 31 30 23 47 87 26 72 38 57 10 99 24 49 41 59 40 43 35 86 11 45 62 90 15 87 88 100 46 52 95 76 89 100 20 20 25 94 30 33 79 84 72 89 52 40 12 41 70 77 96 50 31 67 48 88 55 37 77 67 81 96 27 79 66 
73 2 5 93 66 13 27 40 10 63 82 42 38 83 80 4 65 48 81 28 43 4 94 88 94 96 66 52 56 46 91 100 30 81 38 21 94 77 85 5 73 62 23 5 91 80 45 0 98 34 22 76 90 18 49 66 45 97 65 57 65 46 27 4 100 98 20 11 46 29 5 91 60 49 39 66 7 79 62 38 
37 34 0 90 2 63 95 96 8 4 60 76 89 58 84 91 74 74 38 22 62 27 1 7 93 40 1 60 21 27 57 70 98 78 13 85 5 42 60 39 31 55 15 91 62 56 69 83 56 24 93 18 6 68 97 64 67 20 16 96 90 71 19 52 46 69 36 98 18 90 12 72 25 15 51 67 10 25 87 14 
4 39 48 86 25 95 37 76 68 44 80 19 63 54 5 27 17 63 22 30 84 82 87 88 3 13 4 81 21 28 36 95 19 31 83 37 11 63 73 46 94 40 95 98 35 9 47 36 91 43 86 77 81 50 47 74 36 76 44 30 82 34 50 9 29 90 24 80 30 66 28 81 51 71 87 60 39 9 29 3 
0 75 21 26 51 40 17 19 20 2 92 52 34 67 28 6 72 19 87 100 41 63 44 22 91 66 2 37 41 70 38 7 79 9 3 63 30 40 86 31 39 2 20 47 80 61 84 93 13 4 93 32 53 52 41 76 98 1 95 68 72 43 23 18 99 99 51 40 63 22 25 69 66 77 22 58 24 61 81 44 
83 16 8 21 71 40 82 26 76 14 27 44 59 98 0 90 89 33 43 19 61 84 89 90 97 19 63 81 51 94 51 89 13 20 62 22 40 17 51 32 62 4 49 86 45 85 51 75 63 61 21 26 1 27 52 98 15 69 71 0 41 56 68 34 7 79 99 60 79 83 99 82 27 63 100 31 20 58 93 5 
0 91 4 94 8 33 96 61 51 64 18 84 27 96 43 45 31 52 18 77 40 97 63 98 56 29 25 95 100 15 26 63 5 35 64 48 49 36 94 87 78 74 7 92 23 53 62 14 99 24 10 25 78 73 88 48 46 32 68 10 14 51 37 74 74 49 25 23 44 76 14 23 3 61 23 62 68 90 57 50 
61 40 23 34 57 2 89 19 94 90 47 91 2 43 94 16 73 5 76 96 31 46 27 97 11 82 31 40 69 45 69 72 28 76 88 95 21 59 88 8 95 15 20 46 9 23 67 70 60 2 64 24 25 37 38 68 94 34 69 64 49 34 39 53 11 69 80 87 99 89 51 36 83 10 90 45 16 93 14 68 
88 62 10 38 16 38 1 76 88 58 14 86 30 27 43 28 44 76 28 14 18 25 74 4 81 89 71 76 84 49 71 64 81 13 69 90 5 44 8 88 4 62 4 73 92 62 58 10 56 37 52 11 28 67 69 32 100 79 84 30 40 61 67 7 28 63 16 40 47 94 32 83 51 64 55 58 61 23 49 84 
87 71 52 25 72 87 60 62 36 70 53 64 0 45 53 46 28 31 7 35 92 8 32 70 3 92 96 33 12 70 68 0 9 13 15 63 74 25 40 14 38 85 12 99 52 55 98 55 93 10 8 1 65 33 83 34 46 39 10 1 83 56 16 65 25 12 66 88 57 58 95 80 42 83 7 86 94 85 42 26 
51 22 66 44 68 32 89 75 63 95 41 51 70 45 50 61 79 66 86 62 29 75 77 45 90 41 97 66 65 5 83 60 61 64 66 74 47 42 61 44 33 28 5 92 3 74 44 32 69 12 87 1 51 91 95 19 33 73 90 24 25 69 62 34 4 74 21 71 59 33 2 38 31 14 51 61 20 40 12 18 
99 56 91 43 76 41 20 60 21 0 96 56 0 3 71 99 14 41 37 97 94 54 21 90 60 11 72 40 11 20 6 42 34 37 78 51 13 36 86 14 49 76 26 18 37 75 33 63 95 29 3 72 91 38 63 41 23 7 23 29 4 7 80 73 15 33 63 1 93 75 58 91 39 79 40 37 46 47 20 98 
38 45 81 67 59 27 7 49 30 64 48 0 39 39 82 8 24 51 36 64 88 23 92 21 100 56 24 79 99 89 48 36 48 51 51 26 5 48 62 8 48 24 42 21 29 10 27 3 98 60 73 0 71 53 4 95 1 81 95 80 59 69 6 93 82 51 67 73 79 96 45 66 93 44 55 44 10 67 88 95 
13 38 86 31 18 64 37 16 37 58 76 90 20 51 93 86 83 49 78 25 96 54 84 74 8 33 15 37 3 66 12 87 54 97 46 53 76 61 93 42 68 55 47 51 48 63 2 98 88 14 17 1 13 3 41 56 58 10 20 29 6 75 11 2 8 68 26 43 27 99 65 11 25 12 18 83 21 35 75 4 
44 99 43 20 15 33 63 30 24 81 74 59 38 83 88 50 96 45 31 59 14 15 39 44 31 86 39 100 52 38 57 91 10 83 14 79 18 78 27 93 37 54 59 15 13 87 12 21 16 79 6 31 14 80 78 100 20 79 88 58 23 72 13 88 58 77 87 1 38 38 79 5 83 68 43 11 5 51 37 59 
7 27 90 40 64 24 52 14 99 46 95 99 35 70 19 36 94 7 48 40 88 25 29 36 36 7 62 2 59 76 60 98 1 48 22 23 14 93 4 34 78 35 92 97 91 5 35 96 34 29 54 64 22 33 48 16 20 89 66 19 1 62 14 26 1 82 17 4 82 99 34 76 83 56 46 50 95 52 57 65 
59 48 33 71 55 58 47 20 56 7 48 12 4 100 38 94 22 76 73 21 95 46 10 59 6 16 21 13 78 17 67 47 30 24 17 7 100 66 89 77 23 95 80 89 19 5 80 4 57 86 27 6 75 30 0 0 64 57 18 31 60 15 42 38 60 56 35 59 96 37 14 90 97 82 33 31 66 48 49 87 
1 15 72 45 52 75 45 45 92 49 61 90 13 62 50 68 58 54 21 76 96 71 92 92 12 65 95 26 37 44 29 64 9 63 24 81 73 45 70 39 13 36 82 62 84 28 77 38 11 90 31 0 75 36 31 4 24 67 95 24 39 12 13 86 18 29 71 4 59 70 46 57 41 66 58 70 100 13 2 89 
13 57 33 6 57 1 80 66 42 25 19 69 80 32 94 95 89 26 99 49 63 37 100 32 93 20 44 63 73 27 50 88 6 51 18 27 68 92 81 24 7 23 56 97 87 2 48 23 1 46 68 19 99 63 37 24 3 97 10 74 82 44 9 68 18 38 50 32 98 92 68 7 0 43 3 29 19 16 22 13 
52 3 92 6 71 1 88 2 39 46 94 84 3 77 23 30 26 70 84 67 69 56 73 97 46 94 36 83 60 98 33 99 79 62 78 92 82 54 48 90 54 67 92 2 44 0 87 79 93 58 69 28 4 30 38 100 89 21 14 28 39 3 22 66 77 18 7 33 17 23 48 40 30 0 28 74 15 84 52 58 
64 30 19 78 47 41 77 26 88 43 42 51 59 54 63 94 57 36 45 38 11 26 49 10 53 99 87 44 74 37 60 18 69 77 1 92 96 12 71 79 30 89 29 48 36 60 31 76 15 100 8 31 26 93 56 21 98 2 32 17 20 73 92 6 76 73 93 12 97 49 77 5 97 55 85 80 63 89 52 51 
28 94 78 24 18 93 41 84 2 59 34 41 11 83 97 47 54 92 63 27 56 38 89 12 26 14 89 1 24 42 51 98 89 59 50 0 74 41 53 48 35 13 42 30 29 65 3 25 31 19 69 2 97 56 19 36 63 44 75 92 69 33 3 45 60 9 55 9 41 0 82 43 4 3 67 74 43 80 21 93 
42 37 30 31 37 58 63 5 94 92 77 29 64 89 55 96 60 87 8 54 42 96 17 68 11 11 21 88 90 82 37 98 8 89 93 7 35 95 93 98 11 24 15 97 24 4 53 93 57 66 89 7 52 69 57 71 46 100 47 4 65 95 44 94 82 17 87 50 82 38 23 24 97 64 0 67 94 78 53 96 
9 42 36 3 64 17 51 76 42 36 61 60 74 16 51 24 80 39 53 44 77 22 13 85 97 23 99 59 36 70 12 87 75 73 67 99 50 0 36 52 63 4 15 85 43 53 78 59 81 96 58 58 26 77 38 68 4 13 15 29 96 97 82 20 46 81 62 80 55 69 33 37 14 45 89 100 27 12 96 95 
14 41 69 77 1 22 49 0 55 56 31 88 63 59 49 7 38 79 75 100 80 88 96 80 17 17 53 40 26 60 54 78 8 27 83 45 9 87 21 12 98 70 7 81 98 7 4 26 14 37 89 8 76 0 90 79 75 11 100 95 3 61 7 24 69 72 33 7 0 38 50 72 29 84 18 0 36 30 53 39 
74 94 26 92 56 0 65 5 43 19 65 51 75 77 20 23 46 45 8 91 44 55 84 38 39 46 1 67 67 55 1 54 13 87 14 95 2 56 22 47 19 100 88 48 90 10 0 16 27 42 59 25 60 96 73 85 73 96 83 40 36 69 12 77 46 92 56 53 94 60 84 68 34 1 81 94 70 51 37 81 
82 97 81 19 77 41 98 25 46 28 79 95 51 27 87 16 22 52 83 22 100 35 59 47 54 90 90 75 74 62 79 79 92 73 32 55 77 59 91 45 7 50 58 1 13 85 16 72 32 58 100 86 1 0 99 16 59 44 97 80 74 100 29 45 46 80 10 84 3 93 33 47 61 28 54 69 52 90 52 40 
33 79 85 5 8 4 94 67 10 2 46 12 73 98 29 38 33 45 4 23 50 23 60 80 53 35 63 59 89 45 24 34 14 25 4 83 48 2 87 58 36 67 60 88 94 91 98 88 53 39 36 68 8 24 61 16 7 25 7 10 27 53 63 73 65 59 55 92 20 11 2 44 11 87 24 24 98 66 24 50 
0 89 48 29 34 53 48 88 17 89 89 37 40 40 94 19 92 0 79 22 9 28 10 16 0 24 30 75 8 98 85 5 27 20 68 55 57 60 23 58 79 46 90 73 57 0 94 95 48 45 34 13 76 50 66 32 95 19 63 55 91 95 91 49 1 81 26 75 14 79 94 12 23 19 1 77 41 38 71 3 
39 87 88 29 47 53 98 88 62 5 84 82 43 59 64 54 48 48 28 55 5 34 64 21 5 52 59 95 35 36 2 63 84 33 22 95 88 47 19 92 19 57 18 79 7 98 11 43 53 79 24 20 46 15 20 42 33 96 2 96 64 12 15 11 64 48 54 59 17 79 2 56 24 99 62 27 33 29 21 46 
74 97 2 46 15 74 69 98 18 88 19 66 91 24 67 32 86 36 31 93 56 3 37 34 55 26 43 87 42 69 10 9 62 16 6 1 50 61 16 24 21 0 3 6 9 92 3 75 34 48 42 35 85 19 5 0 38 8 55 96 62 86 28 90 26 12 93 31 0 83 20 15 41 41 91 28 43 54 95 55 
89 95 21 5 73 40 92 26 51 35 81 54 74 33 88 57 59 74 66 31 50 74 87 80 60 53 64 75 9 35 91 98 71 30 64 38 99 91 21 40 13 14 18 60 81 51 62 32 0 38 60 36 50 48 72 91 23 58 23 11 90 11 44 9 70 40 28 16 82 34 18 94 21 57 29 86 46 46 76 62 
18 3 1 62 39 65 85 16 32 51 95 23 19 33 44 80 68 4 26 39 34 60 4 76 23 77 34 46 9 38 85 34 10 2 11 68 64 51 80 1 5 3 72 45 2 37 68 66 97 26 13 2 86 82 28 12 50 83 82 33 88 94 37 46 2 87 67 52 18 20 64 34 76 78 9 49 90 45 5 77 
73 74 22 58 34 50 32 89 36 12 82 92 6 100 4 78 98 89 73 85 19 19 39 40 9 24 19 43 61 85 65 44 31 40 50 49 84 34 60 83 86 39 48 34 29 58 78 34 42 67 45 95 94 86 34 25 92 93 82 72 37 98 13 24 57 76 70 45 48 82 15 85 4 81 73 52 25 27 71 82 
81 96 50 33 44 51 33 42 54 6 6 55 6 77 19 95 21 28 50 30 76 65 41 84 62 53 97 5 98 29 62 19 80 17 27 59 84 78 21 95 62 41 22 16 19 100 27 90 42 67 55 4 3 33 67 60 50 3 74 89 31 69 19 57 10 71 39 64 88 37 21 78 53 23 89 96 63 59 45 82 
98 33 35 49 53 61 45 93 82 52 21 12 99 31 84 84 40 48 19 86 96 0 88 10 19 25 18 53 10 99 67 69 71 94 63 61 80 100 65 24 6 27 52 42 96 21 96 86 26 95 93 2 78 83 57 60 92 48 65 71 8 41 60 58 66 23 62 61 71 87 64 49 39 94 61 38 6 89 75 18 
14 18 1 6 61 17 49 86 13 3 87 7 92 46 69 58 0 87 35 79 63 48 77 63 57 60 86 22 13 89 97 6 81 51 66 25 0 26 46 11 90 86 62 15 40 97 13 54 66 61 7 26 59 25 3 46 92 6 5 85 61 34 77 63 44 29 64 18 22 21 1 4 17 69 53 64 30 32 52 81 
85 40 75 0 77 25 51 51 26 20 78 22 38 44 45 78 62 60 22 2 80 53 9 79 84 21 72 43 80 63 94 58 25 18 67 30 77 88 77 36 71 17 65 18 73 64 5 19 21 66 40 80 90 48 26 59 24 47 25 3 32 74 76 47 43 80 73 73 16 52 93 10 58 49 9 24 89 55 14 19 
74 73 29 36 66 57 33 43 6 62 81 20 69 29 53 99 30 38 90 12 5 34 97 34 21 93 48 82 66 47 12 3 95 0 21 29 76 49 52 36 54 6 65 22 41 1 20 78 52 4 94 33 14 94 45 32 83 1 87 94 67 90 57 94 89 18 3 31 7 89 74 75 22 7 62 82 89 16 43 88 
70 15 9 25 27 15 62 12 56 3 71 57 87 1 87 20 12 51 89 5 16 70 80 100 22 61 30 83 67 71 1 73 96 98 97 77 10 24 5 1 54 73 78 95 27 51 8 85 67 76 12 5 59 0 20 69 62 25 8 11 37 94 69 2 62 21 4 72 100 20 62 80 4 18 37 79 20 11 80 96 
26 61 21 58 9 47 25 45 11 44 49 86 52 48 90 3 6 95 60 31 34 46 33 29 62 94 78 54 29 75 49 34 37 40 33 42 39 10 32 66 34 100 62 12 73 37 15 42 79 13 48 13 52 96 23 73 96 12 99 1 51 60 37 17 8 96 87 10 77 90 6 91 47 67 31 78 42 9 7 53 
24 44 79 36 14 59 5 72 4 1 52 42 72 86 90 12 45 77 86 53 65 98 75 92 14 37 16 0 19 39 29 52 67 30 31 14 12 31 54 47 24 27 66 18 63 84 20 34 27 34 64 62 4 56 10 55 73 78 42 95 67 34 76 73 86 65 39 84 2 98 36 51 44 25 45 39 53 14 13 7 
39 74 52 54 31 52 56 56 17 53 15 36 43 66 16 10 52 83 82 96 28 33 9 52 65 79 29 13 78 94 3 38 98 98 93 49 33 41 3 41 46 61 29 34 91 98 94 74 6 76 67 39 51 79 84 36 62 66 55 48 49 40 78 80 60 70 64 34 6 25 18 33 5 14 100 89 25 38 99 39 
67 57 81 67 8 76 58 91 14 49 88 80 55 18 98 89 30 2 91 49 64 79 79 98 74 81 31 46 42 64 61 75 42 32 44 43 89 67 16 75 73 3 62 53 53 36 74 36 57 29 47 50 90 45 77 43 69 85 73 95 98 55 90 24 93 80 49 46 78 69 64 45 75 31 42 83 33 39 39 43 
4 42 92 3 38 38 59 19 63 61 73 33 39 57 82 73 74 80 92 45 39 13 8 95 25 0 5 30 70 41 37 37 45 11 87 57 35 6 54 3 48 54 51 37 65 52 92 35 17 47 90 5 67 46 51 23 53 38 21 4 2 48 56 96 59 59 27 72 35 77 32 8 25 30 58 16 42 71 9 90 
35 66 51 29 25 43 63 4 58 78 65 78 69 50 54 100 3 79 35 61 90 94 9 49 5 10 28 82 38 22 4 61 19 36 37 13 18 21 94 61 73 42 16 91 17 2 53 49 58 25 18 61 4 40 40 46 44 20 91 73 34 62 65 9 88 31 86 92 86 49 71 70 100 40 81 68 21 15 82 8 
26 1 85 70 91 49 37 49 8 85 86 65 58 39 51 21 62 25 41 59 81 36 93 96 85 53 16 47 28 69 6 9 87 11 100 55 6 77 69 90 53 63 59 6 31 95 35 19 12 0 5 10 10 63 22 61 67 60 55 19 1 65 0 81 17 58 79 40 46 62 8 49 46 1 39 15 17 97 24 12 
25 43 96 42 3 25 20 44 33 33 10 18 36 78 34 66 14 18 30 95 52 56 59 100 96 18 28 73 6 28 26 1 62 80 47 94 24 77 13 22 42 88 5 96 6 99 1 26 90 20 84 92 11 94 19 72 25 22 78 7 1 48 1 31 51 39 17 57 31 78 78 38 45 42 66 91 23 26 80 38 
40 12 72 15 72 94 65 48 51 27 92 58 26 23 100 84 93 85 57 48 37 91 12 99 19 58 72 42 100 64 40 49 34 88 19 63 32 66 34 42 89 86 70 80 31 20 22 17 6 30 78 9 86 59 83 41 89 67 39 90 19 83 9 58 27 81 33 4 94 92 10 46 69 26 92 86 76 30 28 57 
84 0 17 86 43 82 12 43 27 50 97 31 84 50 47 25 41 52 71 66 86 96 76 86 16 43 87 93 71 79 95 38 70 20 45 40 4 43 71 56 48 84 89 52 61 25 2 89 83 13 66 10 43 31 45 24 11 92 59 6 92 83 78 2 30 13 34 19 52 37 93 38 77 32 60 67 49 98 39 51 
65 16 90 60 100 37 14 9 31 77 100 11 46 67 17 57 10 52 84 43 24 30 82 13 35 23 74 4 13 20 32 61 47 22 78 51 14 70 67 13 25 44 6 21 99 7 48 0 76 76 72 11 63 6 34 11 33 27 41 11 48 52 12 97 86 94 29 76 93 76 94 43 63 63 12 18 83 57 35 25 
100 14 13 87 13 88 9 10 18 99 38 20 15 66 4 64 36 49 92 8 2 74 50 8 8 100 97 13 64 3 18 29 72 78 10 13 26 68 75 69 63 27 2 10 21 25 12 4 53 0 17 41 68 59 69 34 96 61 8 42 5 17 51 86 48 48 22 38 76 47 91 12 17 79 43 36 21 36 86 40 
90 97 64 79 16 68 9 11 74 19 5 48 11 38 7 51 55 98 66 29 50 74 35 80 50 56 10 34 60 4 33 6 65 83 58 67 87 85 29 84 40 13 96 72 21 44 90 12 58 65 70 29 77 39 74 40 82 35 55 38 45 79 97 54 58 34 67 22 84 82 66 66 77 9 80 88 50 35 8 2 
38 78 50 55 45 42 32 38 43 99 86 51 93 11 94 82 59 85 21 100 47 43 74 43 46 22 29 17 48 53 89 95 5 39 19 15 59 31 64 89 17 15 50 41 19 95 36 87 29 15 65 98 68 55 30 1 23 86 0 66 0 53 44 38 41 35 78 83 66 2 8 84 43 15 66 23 55 10 87 33 
